10000
856 843
944 953
668 666
795 110
15 405
550 783
360 598
871 112
836 13
816 368
678 245
141 77
197 173
97 484
659 918
836 569
760 801
267 820
646 607
428 381
926 983
512 517
293 902
176 347
987 9
89 826
216 735
267 668
350 864
860 229
341 613
109 745
42 990
684 495
983 975
507 340
551 667
600 485
391 293
654 397
987 236
399 448
339 62
652 653
211 115
11 74
178 229
993 458
466 565
21 425
671 847
941 390
462 290
676 630
209 500
710 561
934 756
661 765
533 350
395 664
558 848
933 969
279 539
429 146
544 983
129 686
13 304
90 138
794 681
754 342
929 486
382 689
285 510
109 407
470 574
777 91
882 263
894 40
47 321
845 195
41 309
614 333
33 627
299 124
456 22
443 379
607 451
852 167
546 220
273 26
33 555
374 952
269 234
744 927
7 833
424 161
997 986
557 487
815 140
169 823
867 829
361 594
66 19
899 534
867 990
172 819
295 496
570 980
361 487
892 484
634 146
139 480
212 373
628 110
766 891
8 944
21 47
161 573
298 838
461 959
179 661
427 830
278 528
580 737
477 395
647 551
299 72
228 732
134 469
413 51
504 25
50 239
136 466
247 174
162 993
28 538
518 104
792 540
83 77
199 306
906 668
435 188
883 294
596 177
934 680
33 456
576 316
723 679
958 489
694 506
478 785
538 354
296 632
340 106
570 668
896 312
651 598
313 422
731 252
568 993
916 755
50 625
607 857
216 520
599 181
537 406
552 826
116 982
806 675
464 377
224 423
478 111
385 178
806 628
605 243
918 242
258 719
889 407
689 649
720 222
118 416
641 743
395 61
174 280
235 719
559 342
865 390
947 523
1000 126
288 603
988 754
829 624
544 718
280 646
404 812
227 705
527 723
60 643
283 133
38 63
800 677
103 627
719 187
305 917
59 688
173 962
29 380
887 30
689 384
525 144
888 315
273 897
190 70
750 844
728 202
12 322
26 950
321 8
680 472
648 384
370 895
444 953
467 440
188 902
490 393
823 321
864 138
519 858
135 202
674 187
132 942
301 779
794 134
612 918
970 919
625 135
197 84
214 274
553 845
299 567
772 399
541 527
386 3
50 179
420 374
47 284
211 240
593 207
335 83
250 528
525 610
615 942
66 58
939 272
745 793
379 346
639 374
998 89
850 999
186 13
839 170
820 223
241 983
173 488
118 313
917 983
128 2
661 864
299 399
700 1
682 222
458 727
470 671
903 291
895 670
877 164
922 274
530 842
928 626
705 561
138 325
281 702
987 844
877 958
757 997
639 324
361 307
804 715
57 141
429 242
538 251
169 464
182 321
848 863
771 371
727 13
236 646
541 727
814 609
137 961
904 541
276 887
403 215
168 64
367 783
360 918
522 859
686 46
955 31
278 761
489 846
367 903
373 805
934 307
894 465
282 871
863 523
93 588
514 914
276 115
109 164
68 96
312 420
848 930
549 672
245 972
235 347
141 197
555 429
588 670
768 877
83 252
993 209
671 234
593 794
746 710
425 71
199 456
489 737
963 372
178 154
150 264
589 206
334 80
221 399
359 478
685 815
122 548
84 207
859 271
526 360
840 624
327 562
96 123
557 591
87 890
827 433
847 183
640 188
813 621
960 263
979 965
647 147
601 699
952 979
357 453
666 49
933 309
548 318
550 140
524 214
204 677
306 115
753 663
29 963
377 572
826 575
676 573
144 423
476 900
500 612
359 333
682 421
871 125
701 919
345 341
764 359
651 473
527 850
57 532
890 894
483 612
984 758
541 792
650 640
861 886
484 152
17 163
494 712
233 553
343 185
193 753
135 412
444 591
457 362
431 309
592 543
582 364
832 673
339 279
185 346
632 47
857 277
243 189
831 612
355 597
234 826
627 736
359 71
916 599
472 529
51 447
804 208
27 545
642 290
261 810
255 394
14 33
452 278
477 40
742 171
473 626
426 715
280 839
899 274
186 364
59 950
645 439
703 215
659 612
202 795
403 518
934 537
805 532
903 933
37 623
538 918
759 653
285 698
259 865
416 220
662 944
819 442
324 81
349 307
326 447
213 92
424 272
80 906
254 29
114 137
634 271
821 530
113 601
388 593
221 298
333 960
954 630
896 689
674 614
161 184
499 558
252 74
37 722
113 782
827 526
951 242
206 672
952 200
676 751
288 356
9 192
354 165
696 633
343 560
109 161
825 609
97 321
318 767
331 588
792 500
105 499
550 474
557 634
361 12
604 331
936 416
3 788
949 998
332 447
951 798
705 512
78 169
20 742
766 59
31 731
304 569
889 349
814 579
813 231
468 683
522 60
277 280
234 938
135 408
93 326
153 955
325 585
128 567
8 319
788 10
23 811
441 514
459 74
816 571
572 730
909 396
919 497
390 654
272 654
278 641
469 1
376 629
691 536
789 750
724 986
938 332
6 113
701 169
448 146
224 235
141 936
991 223
62 472
284 606
826 162
294 750
985 317
122 440
613 956
659 917
631 223
693 567
43 11
109 800
115 7
937 948
135 10
619 36
740 73
178 867
250 51
905 365
760 370
250 773
425 14
731 572
118 194
448 296
77 890
504 863
667 315
349 70
702 395
806 934
906 741
955 547
73 995
943 218
241 203
80 508
410 523
536 378
511 820
865 699
654 26
644 137
478 557
147 460
535 909
647 765
468 673
265 557
716 218
532 17
298 990
19 148
523 355
773 667
258 672
472 933
322 145
830 18
328 500
585 530
791 316
954 523
725 72
815 669
739 554
704 820
797 225
246 255
602 803
582 873
54 196
373 268
258 803
428 82
293 747
182 942
156 648
493 833
52 545
200 514
627 130
390 593
415 527
46 977
430 194
910 68
794 431
238 340
615 972
921 157
146 5
863 117
600 318
416 21
560 78
228 247
997 918
666 915
581 693
191 136
598 941
278 989
469 724
958 579
237 52
622 316
233 697
587 15
588 535
881 381
875 228
651 480
511 103
330 225
723 811
886 2
915 684
801 961
90 893
770 373
597 980
983 63
522 749
691 400
786 49
778 22
248 706
358 113
86 541
618 747
586 335
853 268
608 268
584 831
983 904
93 56
969 776
237 411
786 653
651 443
395 207
649 970
367 594
110 741
287 13
155 960
840 359
751 908
573 708
596 742
484 484
915 292
378 676
275 842
543 370
507 388
788 754
404 992
729 102
811 9
421 776
478 79
797 703
336 142
597 785
400 801
191 875
150 865
53 637
557 801
191 799
910 491
71 27
203 545
379 554
325 474
320 323
512 905
104 830
301 861
720 518
645 958
967 856
620 54
777 110
277 19
851 633
160 424
395 981
246 693
158 416
685 74
331 561
398 91
186 857
99 110
605 357
207 934
139 507
619 950
61 38
27 500
57 187
199 931
557 235
289 104
310 424
831 307
863 499
225 454
45 710
171 464
353 575
197 672
694 548
729 859
990 219
714 387
722 267
571 182
995 658
934 38
168 861
17 648
549 627
126 114
369 215
890 574
409 593
286 638
256 485
861 998
5 832
556 644
882 542
923 720
184 426
331 835
29 425
504 466
365 150
364 467
810 212
720 968
216 241
895 346
760 447
394 209
469 614
494 933
797 500
734 572
364 489
477 335
205 225
780 464
730 277
652 439
415 692
838 905
849 32
42 948
731 692
580 993
653 485
274 441
938 178
235 984
973 372
559 610
59 326
387 568
203 62
764 98
107 769
222 619
196 571
585 700
993 523
959 139
834 324
522 937
838 215
681 714
116 206
701 262
56 468
1000 470
314 794
9 660
372 216
44 814
746 577
70 428
492 641
763 551
75 605
22 479
165 922
69 83
416 897
926 395
831 340
135 953
306 593
73 163
735 723
837 472
432 147
956 799
198 301
648 468
270 557
869 292
114 432
512 278
13 404
456 627
824 813
530 705
915 884
694 341
674 59
271 90
547 433
262 57
82 373
571 543
424 810
429 353
556 382
416 876
789 866
58 726
468 992
974 307
358 243
44 288
488 872
306 379
437 249
817 223
756 938
385 843
287 554
656 749
999 399
777 62
953 91
379 834
655 405
856 572
197 379
265 138
795 93
286 620
288 124
437 57
679 176
685 41
439 600
492 568
822 909
522 305
19 679
546 548
257 425
696 495
164 316
30 288
151 150
756 535
206 368
599 301
257 164
607 30
13 374
800 377
658 710
573 5
226 470
161 706
598 475
814 906
489 419
770 438
399 725
654 5
884 263
705 918
230 68
899 925
597 386
911 228
355 377
465 819
215 408
863 90
188 87
297 324
133 516
197 578
245 368
593 466
711 28
958 793
21 45
18 37
344 180
598 386
577 880
445 134
133 239
114 654
719 925
298 932
28 740
199 402
211 308
994 798
662 745
157 865
103 659
934 252
205 718
756 442
396 264
380 955
295 458
113 28
437 592
949 157
322 833
329 285
718 748
890 983
146 365
178 577
561 85
391 708
98 421
502 171
956 666
74 28
916 528
133 428
805 472
148 98
299 205
616 451
764 550
437 342
143 581
916 337
886 636
16 33
434 235
85 31
632 685
260 708
769 85
403 175
658 606
728 340
978 796
424 370
196 702
424 904
463 623
445 137
916 834
831 303
56 523
741 116
927 199
246 394
428 118
634 822
442 613
932 741
447 571
13 637
216 831
620 162
693 150
199 499
238 358
523 588
394 540
105 631
147 793
4 973
456 369
733 970
166 497
153 582
899 570
151 688
515 144
889 185
786 483
427 302
971 635
765 405
230 955
890 486
158 797
836 758
974 585
410 826
681 601
206 452
86 6
501 426
899 256
298 835
540 685
396 188
975 697
597 181
505 152
35 93
72 211
955 853
834 739
392 529
604 553
111 795
820 297
186 994
70 853
92 361
178 73
516 790
829 797
813 158
948 153
901 728
664 929
9 993
711 193
136 450
210 212
823 233
794 133
582 217
607 117
131 660
983 686
282 636
10 623
934 234
879 53
401 1000
690 99
627 731
361 788
393 598
239 484
258 874
381 172
97 518
131 529
85 970
416 915
847 976
472 819
458 764
929 434
539 416
900 987
110 14
391 455
104 729
786 914
782 897
701 415
714 991
836 138
341 286
316 973
757 895
313 377
564 103
287 770
648 396
930 841
871 60
607 289
141 887
861 881
221 824
200 389
13 865
537 87
685 643
896 182
482 254
269 299
704 702
526 883
501 553
830 401
222 983
613 190
526 75
437 117
738 257
316 422
393 586
114 138
528 203
718 415
120 988
957 121
501 276
588 906
480 249
597 244
977 117
757 864
828 780
203 374
11 632
914 653
683 270
518 878
845 920
856 637
487 520
180 72
246 954
470 827
534 127
521 721
241 27
596 911
634 331
647 437
551 999
147 840
818 916
518 959
604 607
989 988
215 202
804 838
235 768
873 677
45 274
742 523
576 660
155 836
681 11
658 540
230 989
734 721
889 141
690 408
917 696
295 785
37 136
256 592
950 829
755 356
112 482
104 283
632 68
686 459
352 621
948 248
236 622
404 533
176 913
453 149
660 456
213 130
325 156
684 546
462 612
521 869
764 391
552 328
820 584
633 659
142 685
847 628
803 585
337 450
349 565
662 305
537 460
570 887
714 413
41 520
910 942
336 984
370 916
880 65
60 188
180 921
584 644
484 723
381 199
267 323
16 572
63 946
235 510
830 572
694 25
668 812
126 538
848 217
552 39
344 959
440 476
794 209
633 674
512 482
39 922
910 972
440 153
228 304
586 211
989 473
891 320
368 234
961 572
275 955
715 606
868 565
713 151
470 158
290 141
137 142
896 691
776 968
929 674
866 41
420 266
190 611
846 822
484 276
707 283
408 267
94 245
655 764
455 640
719 397
376 643
122 353
234 306
726 320
808 252
955 936
488 474
642 193
577 333
923 604
821 399
437 362
495 414
649 240
697 103
472 374
767 742
991 964
758 35
512 95
417 330
642 970
581 283
65 72
769 96
195 512
699 542
740 935
215 514
181 132
59 658
944 568
503 455
385 444
542 138
491 895
108 784
457 85
641 681
707 412
58 853
223 80
335 932
649 994
430 378
934 608
469 386
409 46
524 643
566 119
603 552
72 748
60 1
135 390
401 241
735 184
477 38
804 546
908 874
959 188
39 922
660 750
517 950
907 319
454 802
225 231
738 407
931 770
32 923
84 990
778 473
913 811
97 4
208 158
500 584
540 873
1 78
473 404
975 846
362 600
992 556
126 195
34 491
869 202
756 923
268 247
537 60
257 335
996 138
371 268
556 556
681 469
243 307
262 729
397 566
875 799
100 428
620 701
207 903
641 167
790 403
645 985
243 466
985 991
915 868
281 595
824 848
421 815
699 887
68 1000
153 759
697 989
861 695
427 750
533 533
749 134
896 848
427 598
949 515
885 420
85 181
712 964
69 132
104 429
24 978
426 104
152 465
438 901
471 863
72 667
35 323
560 919
572 207
707 75
340 487
793 219
574 590
642 883
631 220
425 837
489 613
807 391
387 303
748 67
697 4
449 630
732 23
97 821
647 682
525 407
761 13
870 580
883 142
540 413
918 374
946 740
233 594
439 825
606 950
446 517
474 623
86 444
157 296
904 817
992 994
593 694
46 354
526 991
528 470
942 333
554 308
831 739
237 425
572 529
181 242
972 130
239 186
847 428
72 828
11 654
681 148
208 945
642 856
899 941
773 358
510 757
313 303
615 237
976 653
192 110
854 256
70 273
593 178
167 740
525 352
634 630
946 613
326 668
922 208
222 899
84 60
486 848
785 769
172 842
336 187
655 983
493 496
885 768
491 692
743 492
521 815
129 156
617 70
253 975
163 288
755 352
375 483
623 945
452 431
617 383
810 372
469 644
579 132
873 546
581 898
745 542
813 647
236 586
162 239
838 446
165 46
159 530
203 799
35 965
348 559
271 489
585 611
853 966
432 386
972 912
121 901
230 149
707 193
699 595
238 194
433 354
415 106
731 853
39 923
169 637
305 741
604 485
87 857
56 997
872 18
381 251
745 482
331 434
502 158
268 583
786 686
256 726
807 997
868 482
61 283
170 455
729 623
91 136
131 923
980 183
961 267
406 504
299 834
893 770
43 863
193 395
734 190
16 14
586 893
943 903
5 223
753 753
82 252
307 261
142 405
742 744
705 710
218 884
68 917
257 1
207 867
878 957
527 671
439 546
890 252
79 999
748 970
40 427
351 786
533 149
398 963
854 79
926 286
6 495
401 867
626 566
315 375
782 423
640 410
32 451
244 719
685 630
400 729
277 68
754 286
780 345
892 838
66 928
699 723
855 858
205 102
723 170
23 486
733 589
497 498
333 21
6 187
284 575
466 273
913 361
136 815
89 765
460 672
121 688
945 387
498 391
539 942
450 413
960 637
349 709
397 993
912 280
126 131
57 454
414 558
240 933
900 573
58 868
133 867
654 988
496 934
925 854
588 366
605 805
382 190
365 874
501 295
233 609
212 223
199 155
13 98
718 555
276 264
438 228
894 904
261 475
827 217
951 988
264 809
624 388
528 643
296 457
156 780
553 993
628 486
238 692
808 591
333 488
568 693
737 742
192 170
466 856
630 194
166 236
376 660
944 715
355 757
166 119
80 121
562 459
99 283
652 463
798 336
807 612
338 731
439 100
701 155
424 690
634 380
355 389
343 976
717 344
706 517
842 520
819 837
654 916
452 162
61 146
324 693
549 429
665 470
492 666
715 635
677 855
9 82
446 987
238 860
277 17
58 700
534 666
586 222
235 952
716 685
746 742
204 333
370 346
372 315
741 256
279 297
222 82
796 240
635 348
225 394
814 783
747 304
889 768
783 98
368 578
139 62
851 23
970 395
578 524
809 488
519 200
446 820
44 135
540 769
194 684
839 136
618 434
831 787
1000 236
614 474
119 837
357 667
227 675
884 750
368 529
724 398
803 451
520 627
151 623
388 55
8 42
397 969
100 334
16 659
908 426
969 306
758 133
38 388
607 649
825 294
924 680
510 790
864 149
251 249
831 243
882 795
39 167
940 901
185 432
48 654
416 690
97 576
135 165
772 942
244 62
71 916
874 824
720 576
166 156
656 243
941 819
889 761
792 274
114 237
850 304
780 825
421 990
393 482
684 338
843 207
980 396
832 423
122 731
218 928
596 848
793 315
214 706
540 884
472 759
800 122
622 302
259 11
779 333
569 298
275 677
669 167
14 648
59 456
866 938
12 857
745 870
616 438
593 402
727 3
329 383
164 151
788 230
644 538
54 775
441 478
862 72
502 293
660 462
1000 57
369 792
679 451
416 463
358 205
202 62
515 587
559 684
146 25
238 575
153 234
422 54
238 734
600 765
804 315
109 982
518 40
758 988
627 686
344 434
122 676
461 494
579 755
219 48
342 375
695 320
830 497
728 584
493 606
579 985
961 991
568 259
870 751
566 828
235 575
631 301
616 125
377 906
136 62
436 12
7 774
274 338
350 339
141 742
646 205
816 746
150 481
536 178
338 737
405 222
271 497
10 3
213 116
72 196
356 235
629 481
515 598
227 998
70 632
658 44
62 729
20 762
357 594
942 683
913 829
236 931
337 506
314 197
345 172
498 152
970 872
573 425
714 174
164 916
640 434
966 168
647 250
417 287
303 559
713 887
544 746
710 144
328 890
74 502
715 994
20 44
579 465
87 761
685 140
548 82
911 722
714 739
856 370
462 777
979 391
79 611
281 686
979 367
721 291
310 198
690 526
706 641
980 538
39 428
516 584
309 364
922 914
792 265
825 373
594 592
776 835
375 854
312 502
311 903
639 3
110 936
631 325
352 63
890 955
317 347
88 595
884 600
175 990
443 46
886 479
348 716
991 518
584 247
411 135
902 99
864 743
885 575
965 834
981 217
309 328
742 714
884 539
454 330
348 808
953 968
927 494
795 363
653 155
807 747
985 977
625 805
88 583
539 888
653 166
140 997
185 877
536 613
855 455
952 725
808 886
840 210
520 261
228 308
81 307
799 680
386 623
129 459
962 881
982 570
898 829
385 737
34 145
128 143
114 830
197 402
951 873
725 12
541 434
405 274
753 718
697 650
669 65
252 380
934 191
425 138
800 303
944 767
433 590
667 270
989 403
596 64
354 715
455 334
921 863
732 914
135 133
825 157
117 49
751 661
708 906
507 458
710 137
48 31
669 854
559 387
301 748
309 202
737 407
574 839
238 998
625 699
954 908
762 715
111 454
3 37
709 317
815 646
719 310
616 787
964 310
877 592
889 557
873 112
341 267
531 217
861 625
760 802
717 16
402 78
36 274
165 457
931 575
592 43
902 22
418 69
610 115
316 905
964 741
83 166
503 241
954 547
994 566
618 279
543 203
824 151
995 889
56 340
174 935
787 288
675 844
633 327
254 962
471 458
691 437
427 705
675 130
506 791
268 72
536 558
592 839
484 727
245 719
969 441
77 591
850 695
762 740
224 510
993 902
539 583
324 257
164 941
133 927
685 410
195 694
858 593
448 841
464 369
651 64
928 693
633 820
162 852
454 845
763 263
283 532
463 180
903 980
392 872
76 238
82 229
521 798
984 187
265 468
267 863
356 564
576 554
497 111
249 592
290 663
990 478
834 816
141 570
534 748
220 629
511 847
564 905
380 373
679 772
540 158
871 521
108 100
901 105
188 117
727 794
226 615
147 405
397 600
751 562
351 514
827 149
470 351
565 908
719 321
467 899
174 885
347 207
940 357
223 775
503 707
657 526
751 613
807 577
714 307
142 728
378 624
259 36
250 531
645 513
899 466
660 57
667 799
878 255
779 785
985 193
202 564
107 434
397 421
695 814
407 954
476 74
789 466
225 303
941 391
922 657
531 277
753 659
661 8
123 796
858 553
318 108
274 92
512 147
681 2
527 697
515 846
314 172
717 346
95 457
744 181
24 939
52 978
554 298
568 610
979 473
572 296
479 977
778 79
295 857
897 572
503 818
564 276
233 684
272 511
265 579
260 151
264 9
120 995
277 705
473 141
581 22
65 749
259 745
53 944
603 396
589 897
263 692
542 629
603 183
738 386
661 767
923 126
238 305
947 1
230 913
251 977
767 800
34 223
589 103
28 844
364 83
567 523
38 848
931 616
878 227
555 539
788 723
129 485
30 1
103 111
892 425
400 464
811 284
877 720
787 649
310 576
18 741
756 668
623 786
537 429
535 638
198 835
56 70
439 128
285 904
843 984
422 372
710 115
909 325
262 268
672 205
390 28
880 22
654 384
486 869
866 646
248 225
937 306
850 786
345 848
447 917
919 626
218 76
740 95
879 838
913 206
363 878
68 739
444 978
404 160
32 461
3 365
991 128
643 449
897 386
479 136
589 651
647 374
789 952
708 276
452 92
433 42
526 704
305 855
148 722
510 958
523 461
327 541
53 203
999 719
723 233
520 423
9 413
411 217
429 218
415 88
848 34
705 172
336 282
996 515
868 48
494 270
573 8
574 939
45 424
822 639
580 164
667 928
92 61
85 226
659 393
512 381
542 932
985 234
319 877
228 124
301 948
246 285
133 200
179 786
417 674
409 833
683 898
491 158
889 970
313 517
158 876
403 100
476 15
173 678
748 87
966 27
263 99
715 941
795 5
617 423
994 560
255 646
126 118
99 817
639 139
456 602
897 112
548 607
270 937
908 655
294 918
134 372
158 157
866 318
808 391
854 139
524 971
189 963
258 473
372 562
807 256
449 740
156 823
445 369
242 537
253 30
332 800
294 368
681 217
926 67
846 626
459 266
286 327
762 577
582 755
766 968
337 566
10 961
775 259
734 90
426 753
978 392
959 939
102 453
263 623
127 655
292 996
971 283
557 245
601 518
275 689
846 931
313 13
96 567
193 30
460 104
309 202
34 410
709 778
246 858
511 973
184 397
565 914
77 867
880 191
407 66
426 195
661 807
503 655
153 224
79 185
385 598
137 213
372 445
28 155
942 248
532 240
90 531
306 496
548 659
55 733
677 561
81 207
433 437
55 296
830 384
661 879
165 69
329 427
920 665
594 918
404 165
199 219
13 816
591 358
28 787
845 566
998 227
220 675
914 273
808 588
587 941
186 737
888 436
568 889
485 278
531 19
89 168
227 734
643 534
779 649
540 349
499 579
520 137
39 584
244 151
902 193
630 41
85 916
823 46
685 996
160 684
12 951
510 807
68 545
230 542
98 968
236 183
395 712
899 946
136 966
285 515
271 270
287 93
219 521
7 781
714 306
578 474
730 260
162 365
786 411
803 178
396 461
621 603
492 560
966 327
580 472
233 319
626 651
347 373
368 750
162 265
874 626
403 985
656 804
499 491
719 422
903 950
451 480
809 546
390 596
599 482
183 672
166 787
888 174
876 909
154 889
538 396
540 225
576 959
516 964
272 120
795 105
671 279
919 916
219 812
968 75
960 9
212 374
12 939
135 298
521 889
972 673
907 841
641 521
973 106
575 129
182 683
354 575
350 114
529 511
184 275
963 485
126 107
747 173
751 836
142 867
916 888
871 303
670 319
366 179
985 572
163 469
844 750
782 962
106 297
886 528
526 920
733 705
2 314
387 206
65 562
51 905
680 807
298 634
353 120
866 599
196 616
108 287
687 527
830 382
870 711
627 847
22 403
796 6
99 596
551 297
7 65
128 750
873 936
726 270
898 158
456 496
809 15
951 927
694 629
979 458
274 744
556 314
454 917
91 999
635 892
387 864
701 294
866 111
162 916
511 703
441 836
603 697
803 899
64 375
385 695
679 235
528 678
504 996
382 239
960 643
786 945
150 5
321 682
251 750
778 520
293 368
320 491
621 810
643 135
934 206
557 310
87 867
980 461
631 613
28 728
176 367
239 484
324 27
85 673
413 210
657 425
52 307
238 787
163 161
808 396
642 679
826 468
780 163
206 996
188 359
205 557
664 243
6 925
538 761
462 570
201 371
97 412
464 765
743 373
906 766
489 292
230 493
349 741
581 881
265 244
815 567
501 714
279 520
54 596
832 743
36 41
914 876
33 181
490 372
632 783
976 990
589 765
675 80
739 947
745 373
416 560
879 296
275 775
15 849
2 408
950 720
646 255
895 139
146 741
90 395
598 58
630 906
175 480
253 209
352 755
829 23
100 696
434 543
412 501
821 816
703 14
641 284
299 464
971 216
589 177
798 783
415 529
356 246
302 52
729 272
168 14
23 953
41 634
636 586
581 293
688 146
955 400
290 473
347 371
599 684
594 670
569 817
649 726
925 338
901 712
729 658
690 441
891 422
97 521
148 73
165 260
413 709
133 281
306 754
791 589
308 305
702 910
73 751
698 535
189 550
878 428
368 607
386 867
6 637
324 918
516 617
542 771
121 924
245 857
804 410
314 952
888 234
985 288
274 638
672 80
183 42
990 972
275 344
784 256
721 107
129 281
816 64
823 794
386 178
655 137
30 927
196 997
581 434
540 802
564 923
349 13
941 993
35 378
455 772
443 434
371 249
134 20
113 748
228 547
435 110
505 23
188 759
952 858
292 454
923 667
753 181
382 412
828 899
343 641
621 415
939 51
723 26
691 485
473 155
765 381
436 914
832 488
323 347
58 295
366 206
305 553
662 142
255 695
486 592
156 420
489 609
223 688
330 642
786 96
748 5
640 894
179 933
26 433
75 947
1000 143
346 767
606 870
694 898
475 964
858 50
345 337
161 433
128 547
251 525
651 591
347 387
809 772
270 288
826 972
161 902
285 251
786 444
650 862
793 674
868 80
79 23
893 851
687 786
135 759
731 480
534 68
211 934
32 257
359 666
825 184
296 852
742 657
667 972
700 724
796 309
776 903
225 974
893 83
599 173
52 875
607 281
715 561
377 921
935 44
756 467
130 567
153 989
791 64
15 496
779 431
654 274
833 725
760 240
469 771
962 452
926 392
557 465
552 6
563 929
239 54
329 434
411 928
927 315
587 283
248 925
107 37
830 879
566 964
13 908
529 146
975 528
846 140
499 824
758 715
18 815
387 998
625 910
592 344
807 29
499 329
113 613
766 965
648 37
362 974
887 573
525 19
937 275
980 127
991 393
141 422
790 294
444 971
489 874
841 431
826 252
425 441
856 325
298 691
803 953
527 728
143 152
587 544
491 318
79 337
783 669
666 198
663 560
167 456
642 311
966 294
143 232
115 743
374 64
522 696
883 524
40 493
382 659
55 148
176 47
840 447
491 738
127 276
482 975
584 316
271 320
747 557
790 421
293 376
283 404
16 575
407 109
164 409
84 339
505 901
86 686
218 802
554 518
383 383
533 877
608 479
975 75
137 189
242 796
751 764
991 788
743 806
709 309
790 89
845 103
887 958
35 621
890 557
203 776
968 154
608 392
952 258
661 114
772 322
749 230
306 563
557 485
332 929
899 844
125 145
955 361
741 174
254 623
139 306
962 516
770 176
722 605
783 226
270 56
609 214
945 363
759 123
83 732
735 465
646 16
753 350
57 401
807 55
418 432
373 625
330 876
405 978
992 574
45 137
184 752
633 194
218 688
140 275
441 901
948 982
616 83
603 774
215 467
712 620
218 327
488 828
310 130
650 602
839 263
612 595
328 366
65 647
700 140
741 720
215 522
840 132
951 829
354 256
331 358
715 712
25 859
70 497
457 4
804 571
176 629
186 571
487 601
889 703
813 278
226 971
480 56
89 979
470 293
973 766
239 194
948 618
457 185
756 198
552 494
79 619
992 355
618 341
799 337
638 689
674 275
907 754
311 401
941 253
270 955
847 315
628 850
815 451
748 913
837 486
303 70
804 378
408 352
547 702
76 181
694 393
239 2
63 466
789 17
602 746
987 730
396 723
617 416
451 29
534 73
490 512
651 301
151 96
962 501
150 943
272 357
244 270
269 684
891 875
957 878
992 997
898 746
888 709
719 687
949 298
960 254
838 435
651 440
620 384
304 68
254 662
111 162
31 211
556 672
510 767
817 312
508 523
394 648
114 461
405 177
236 902
787 58
193 871
883 457
809 246
33 222
762 608
755 145
639 256
951 83
460 470
630 34
212 610
378 208
475 455
20 149
497 801
668 715
81 311
179 122
677 624
416 737
469 114
816 377
236 794
581 542
856 830
275 801
379 859
374 909
494 427
810 770
46 514
392 374
689 203
642 658
627 798
305 764
749 150
568 302
153 573
87 601
30 879
562 69
514 764
761 433
469 370
94 642
839 934
747 433
91 252
603 172
272 893
947 607
292 473
538 720
300 748
73 983
649 286
186 394
38 381
438 558
38 68
809 952
706 944
857 832
175 111
200 74
383 40
706 784
846 297
860 4
201 509
901 191
342 744
761 684
182 590
277 172
825 630
980 812
598 338
179 127
57 170
577 393
829 612
254 230
883 262
732 996
35 43
611 986
695 353
253 73
304 455
133 587
571 908
304 1000
142 284
149 178
629 152
581 461
26 565
333 806
925 131
759 894
813 424
100 296
475 807
891 252
33 948
187 756
202 501
639 385
871 504
81 696
982 326
758 254
839 552
301 224
386 834
749 593
702 988
687 236
211 903
245 40
295 810
134 90
311 887
474 782
38 973
533 310
887 530
389 301
611 873
323 576
405 124
598 730
243 594
121 456
275 264
277 563
51 420
253 769
332 360
736 651
263 600
827 217
645 179
648 805
119 183
49 431
491 860
369 448
331 924
800 861
925 537
665 288
666 872
775 678
148 698
343 609
818 311
61 922
398 324
620 225
559 226
222 426
234 64
383 559
327 875
435 545
477 3
98 413
845 352
250 222
861 655
306 179
544 294
604 613
535 47
279 298
704 608
128 68
838 248
794 633
941 24
737 297
792 574
309 757
994 186
566 570
422 47
880 615
578 900
939 714
509 965
590 484
716 409
372 616
517 426
659 775
11 582
685 708
782 735
446 280
427 643
119 148
392 197
293 257
279 354
812 822
137 362
5 831
868 581
548 362
892 50
37 493
797 483
126 692
978 122
3 403
398 63
309 400
838 949
168 497
831 270
770 841
196 200
371 291
4 522
979 88
388 140
319 571
792 352
150 499
78 764
329 279
682 107
187 357
438 624
639 805
75 410
876 809
403 939
884 214
628 445
271 379
675 935
639 776
754 329
568 277
527 430
154 22
974 84
538 175
522 589
905 510
74 102
163 801
624 639
721 218
826 549
474 183
457 814
824 757
155 395
752 573
375 701
239 474
743 259
509 439
933 678
665 504
388 304
53 255
957 510
904 446
53 107
781 401
115 424
535 421
977 581
84 581
367 715
268 71
233 723
571 505
428 359
868 620
175 495
543 51
58 930
845 553
662 660
334 459
626 797
687 156
830 711
834 435
754 692
762 686
521 515
829 261
13 453
128 891
255 892
33 118
363 12
481 690
15 423
992 490
394 723
303 122
120 336
529 378
640 274
724 564
990 409
333 744
556 389
604 100
626 447
224 300
932 477
341 460
213 296
538 486
131 585
608 261
737 193
545 738
891 735
513 19
930 687
883 301
550 848
134 305
651 497
878 352
219 224
698 141
912 479
376 339
631 764
575 316
697 945
716 192
254 402
994 695
662 544
362 414
27 584
973 905
942 299
390 149
628 635
242 620
368 197
958 570
956 167
382 516
193 842
692 243
792 385
571 601
243 585
950 757
801 728
442 994
112 590
516 329
488 508
25 598
376 5
34 130
71 917
242 457
684 137
431 738
304 459
306 602
500 129
923 818
801 576
520 124
299 748
258 120
620 539
532 578
853 704
616 736
441 375
864 591
816 65
485 636
393 270
174 160
200 287
777 493
723 527
333 157
125 285
7 285
672 409
952 142
718 566
486 826
488 328
413 668
715 833
329 574
178 826
435 39
950 476
97 458
621 467
537 975
696 770
124 962
408 872
947 378
228 199
312 565
246 442
904 389
981 307
37 404
574 696
143 323
388 620
734 90
735 597
242 899
378 535
507 540
612 360
767 554
495 347
958 865
578 94
676 159
509 770
794 434
667 423
526 88
551 225
242 365
110 638
546 675
939 596
84 801
291 434
896 960
794 537
917 9
229 666
157 450
224 704
74 796
180 450
661 485
875 615
287 613
285 759
749 964
964 447
624 601
578 162
231 283
27 918
500 611
365 814
357 615
14 166
6 247
383 345
409 95
363 996
952 861
151 443
314 969
982 826
882 87
166 145
256 132
811 768
852 974
942 887
273 874
211 659
70 446
846 727
526 281
314 512
489 123
712 494
899 680
975 139
779 417
408 182
488 115
885 749
437 380
77 787
698 369
300 22
946 606
785 805
25 487
343 103
434 647
966 461
181 974
161 66
412 169
401 478
822 361
942 459
599 567
190 652
517 781
301 645
728 978
539 472
564 493
503 399
192 637
162 333
821 92
883 502
342 895
286 557
319 365
816 298
352 679
104 814
998 92
369 30
607 690
247 619
655 58
742 719
179 399
62 170
349 572
791 986
48 723
861 995
59 823
139 5
252 231
193 414
687 798
404 941
214 939
613 981
715 127
120 836
457 648
353 985
772 222
90 255
745 320
903 556
229 455
198 389
708 656
387 438
753 236
773 792
43 409
454 403
704 57
584 332
88 420
871 593
701 115
41 68
809 714
477 748
954 317
53 732
720 240
857 885
497 59
279 65
206 604
98 384
588 924
255 673
164 792
141 500
879 579
75 38
127 351
524 506
366 687
280 198
905 606
917 192
840 358
598 897
171 966
169 6
690 172
272 47
551 475
920 116
5 143
707 692
33 98
162 718
11 299
300 167
156 971
262 597
882 912
993 550
38 204
111 787
191 320
384 184
7 360
467 186
800 761
407 527
793 948
666 571
27 792
758 444
626 65
2 747
493 753
438 98
587 107
52 600
128 271
267 747
322 368
115 933
89 43
928 612
697 875
789 411
187 905
828 369
50 653
29 163
367 130
196 654
608 125
224 834
817 705
116 274
359 299
484 499
474 504
736 885
382 43
392 523
580 301
922 948
888 975
541 434
518 4
7 808
817 620
474 673
379 485
1000 541
868 995
82 707
895 191
957 5
67 434
131 843
669 468
991 437
300 861
419 840
542 520
917 133
623 851
186 73
168 123
870 781
700 35
971 666
210 175
388 275
988 90
717 190
651 186
673 937
776 169
102 786
696 739
306 592
704 214
904 510
112 341
140 916
128 544
881 141
361 408
728 854
93 24
338 74
557 688
327 701
668 492
798 588
829 836
303 73
478 681
911 68
893 656
479 416
660 119
635 794
232 73
772 689
542 485
428 800
628 454
620 81
529 100
374 984
674 975
206 484
970 759
383 84
179 485
398 583
730 944
445 369
410 811
344 360
737 640
300 9
622 117
517 2
616 461
298 853
905 173
906 740
658 745
193 584
991 261
545 525
753 33
603 292
909 961
949 146
695 300
683 487
676 828
231 698
442 362
45 887
849 620
904 158
633 536
544 526
731 163
199 22
815 606
899 681
623 316
408 863
28 446
943 909
813 708
586 608
933 408
84 866
572 931
114 148
623 688
426 616
884 963
112 367
87 818
659 42
25 281
806 489
1 775
525 340
643 603
43 504
595 857
78 322
478 281
867 474
422 744
126 675
507 147
973 359
857 194
633 634
949 108
791 374
645 875
363 752
343 342
428 694
747 706
106 470
436 317
610 384
257 802
59 917
480 768
901 483
455 898
161 58
169 30
195 185
894 96
237 135
831 402
136 3
315 979
291 494
173 180
143 259
571 797
936 11
486 186
626 977
694 702
286 330
691 467
630 62
5 541
402 287
502 207
368 390
753 228
15 314
986 119
60 708
951 911
395 332
862 115
959 294
967 520
464 565
794 746
222 486
300 243
798 285
62 177
721 102
520 773
966 545
987 92
572 646
178 894
531 826
219 227
21 624
611 4
135 46
589 192
737 586
374 685
317 983
509 205
226 761
37 328
360 609
26 980
305 299
24 720
458 965
978 843
379 622
533 627
361 551
280 981
584 841
686 709
931 702
891 810
550 523
760 587
630 49
153 589
153 408
331 525
580 534
607 802
748 408
711 899
484 861
198 729
233 823
417 104
944 828
117 761
118 767
64 445
727 119
706 217
598 602
4 359
731 106
187 126
94 874
592 748
808 858
741 54
509 394
494 230
637 470
966 51
9 610
522 128
6 497
442 734
740 113
297 536
673 673
976 321
185 88
411 21
67 391
83 532
601 697
892 906
362 589
245 139
224 441
82 992
43 155
144 953
312 184
996 302
770 290
178 934
771 861
374 550
284 581
16 212
281 339
235 360
447 520
50 597
759 10
749 173
463 961
840 640
302 86
173 54
661 209
760 229
63 601
951 810
503 457
141 620
945 799
932 709
747 303
213 707
61 637
489 260
947 361
723 850
511 135
766 993
666 860
687 41
724 589
596 473
520 346
28 65
96 227
87 396
709 27
70 645
90 131
251 702
629 375
543 890
52 61
436 4
375 462
603 184
152 692
987 390
238 917
343 111
685 811
410 951
471 952
77 655
651 675
146 804
238 286
751 630
367 358
174 717
576 919
965 754
937 129
368 155
353 971
310 942
355 239
108 940
925 166
5 858
451 445
88 972
408 911
274 243
519 446
731 439
861 551
316 550
638 720
851 302
653 664
45 168
724 262
871 64
885 657
886 562
943 11
562 19
568 387
67 16
395 71
553 330
752 14
866 386
718 663
826 499
494 676
862 451
69 386
286 476
883 527
357 981
632 982
357 25
112 828
37 620
893 730
656 866
141 115
678 454
973 795
176 623
309 103
802 816
389 368
907 722
602 369
190 28
907 139
216 933
585 37
810 834
790 981
257 14
888 847
449 492
703 226
402 525
633 828
186 76
157 783
454 912
386 800
85 490
910 504
147 14
464 516
560 624
792 833
669 675
660 95
37 349
28 531
871 698
987 618
519 224
645 157
571 715
81 90
387 695
295 761
465 684
588 967
640 630
41 222
505 12
161 275
988 457
32 767
549 186
907 211
314 709
193 48
989 143
726 870
442 738
236 463
797 668
885 612
823 555
681 941
469 263
617 295
819 683
274 840
204 804
9 550
315 223
773 165
187 141
651 421
131 41
986 281
443 186
292 737
795 940
302 252
527 749
335 200
94 730
16 943
506 876
4 719
171 982
803 894
595 806
729 498
657 994
294 686
639 972
786 140
893 592
221 392
4 943
973 121
773 576
582 929
58 430
392 244
1 33
836 574
284 568
64 249
890 239
692 864
919 705
415 520
86 612
537 911
639 47
112 20
356 185
373 649
53 856
404 874
860 67
301 374
20 388
84 456
446 403
545 107
405 135
558 751
772 797
959 381
909 309
278 407
184 243
723 458
274 880
313 770
661 266
148 665
240 957
752 619
539 315
460 834
522 272
708 304
856 693
207 996
967 246
994 429
984 858
716 485
674 454
154 458
85 327
329 267
955 894
862 223
758 321
591 727
495 545
102 540
875 831
893 316
869 103
797 493
925 774
133 441
992 181
26 111
647 160
104 47
579 752
136 425
578 397
918 7
400 152
862 607
30 590
179 753
665 780
130 101
299 152
612 449
1 776
17 938
269 179
575 361
253 168
953 941
986 668
926 346
107 714
77 669
750 391
800 959
666 894
168 678
154 579
884 274
237 274
10 947
837 935
634 488
174 37
453 974
797 431
593 25
770 71
396 101
343 302
18 836
518 366
506 168
605 736
18 788
170 666
51 977
825 898
314 912
465 221
260 475
107 284
819 383
895 617
302 32
121 979
938 137
802 672
644 862
490 820
638 236
204 349
734 134
961 347
639 725
177 759
105 747
647 576
981 954
409 919
868 694
51 977
993 485
487 364
394 443
170 134
400 107
47 292
777 260
817 883
308 505
721 114
326 484
540 703
918 727
73 241
191 739
528 4
876 441
139 570
154 940
187 981
938 442
215 747
883 954
170 694
901 357
867 112
609 911
101 531
826 5
405 14
824 180
997 386
810 817
827 982
547 247
393 848
374 284
976 833
779 980
934 691
464 722
464 199
510 8
123 997
960 402
610 964
785 291
20 942
694 688
29 158
334 213
398 275
399 986
363 900
527 918
120 79
758 103
171 225
862 222
684 992
237 670
106 270
674 542
50 421
536 619
825 377
614 310
448 991
518 344
634 405
437 556
788 555
840 762
404 985
303 164
726 773
372 581
771 170
688 555
943 384
871 476
291 815
761 555
590 788
639 346
725 246
555 958
547 980
130 369
930 916
856 15
936 456
328 457
236 254
116 243
947 420
411 745
231 985
556 858
484 490
896 149
431 210
679 626
614 122
965 275
342 773
493 283
287 163
105 472
593 308
150 470
445 419
510 168
983 136
264 780
380 949
553 600
996 712
754 883
312 896
447 297
701 372
911 786
236 154
377 456
359 760
637 422
472 717
42 237
622 527
386 642
10 616
518 541
798 311
981 546
397 962
321 271
314 788
186 215
498 582
356 127
849 940
645 372
309 325
452 643
509 190
406 668
598 712
703 583
960 803
968 454
399 850
382 218
833 977
252 435
356 687
256 993
936 651
781 332
600 351
604 97
837 137
449 426
920 134
66 772
177 243
676 256
626 105
251 857
457 32
804 532
600 861
569 199
924 463
83 736
15 577
733 467
889 556
90 985
462 218
899 226
455 525
272 353
950 671
268 283
10 846
841 466
573 435
180 149
518 983
191 601
442 951
984 360
427 67
500 493
552 780
217 397
692 732
648 880
933 393
634 882
399 487
763 335
457 867
345 388
272 729
142 54
564 894
938 370
313 799
338 288
181 692
430 834
975 944
525 232
728 581
511 957
876 504
257 42
71 867
82 65
993 851
145 305
320 711
974 633
909 700
701 603
538 637
229 1000
388 881
586 966
738 236
873 52
212 850
314 474
398 43
757 158
164 193
86 730
598 965
303 41
842 601
396 928
585 103
166 349
532 857
632 479
958 910
606 395
865 716
87 238
922 390
290 908
783 419
658 439
259 607
856 863
667 235
565 433
898 335
524 898
793 523
655 905
260 122
237 397
173 191
385 631
9 306
477 880
605 612
287 340
634 202
910 646
950 622
817 756
445 561
614 968
258 380
206 207
975 387
992 889
732 301
678 628
805 274
901 349
850 192
268 792
987 144
269 847
430 573
481 265
529 529
712 48
965 484
479 697
64 443
637 315
563 620
384 60
601 423
458 391
912 498
980 228
868 800
727 294
882 634
101 678
238 799
258 558
642 401
896 374
238 819
847 943
411 526
833 196
133 976
548 471
979 554
149 660
50 724
417 388
448 918
949 670
779 205
676 480
993 944
988 121
694 989
932 882
753 776
282 277
260 58
22 983
571 104
954 191
261 666
29 579
147 317
877 678
61 110
605 324
616 696
138 976
705 808
776 863
295 789
722 442
422 541
746 310
744 578
691 86
542 803
435 358
597 452
718 635
895 157
915 165
831 502
590 456
904 871
151 988
896 303
87 824
447 711
677 748
511 312
985 76
419 786
247 8
578 514
193 472
12 685
485 379
53 113
505 596
395 694
229 966
833 959
478 415
209 895
455 587
465 752
296 758
123 309
332 121
798 937
848 328
226 560
740 87
98 318
201 907
336 387
904 334
756 621
957 978
197 702
249 759
505 76
555 237
801 155
934 987
951 756
867 813
594 85
728 298
550 993
327 796
640 390
679 504
947 263
957 242
26 994
388 461
653 577
915 974
150 119
296 286
381 615
787 878
679 682
423 328
424 252
499 111
332 498
733 699
819 59
816 400
321 49
205 859
893 842
9 320
76 272
229 7
561 74
77 987
585 473
554 914
983 238
805 583
724 638
29 443
590 952
998 399
959 542
662 295
281 34
602 540
78 800
867 768
139 427
461 907
357 783
795 560
763 250
988 473
765 289
745 319
442 365
564 573
933 256
512 30
731 990
143 974
568 3
432 122
537 289
86 660
558 746
861 623
285 856
981 101
649 735
755 244
450 326
89 63
568 565
512 788
85 329
717 755
538 948
227 144
201 835
889 610
106 338
803 11
540 321
661 904
149 736
277 232
451 767
52 711
7 533
573 454
449 631
714 867
570 21
703 305
430 664
713 143
244 244
177 698
246 291
449 369
900 140
490 631
771 377
757 874
534 863
835 5
457 766
203 137
236 955
701 920
211 159
916 194
212 888
568 719
481 970
819 637
991 102
712 523
982 308
143 642
419 167
698 810
302 504
156 4
469 9
294 668
717 153
44 526
399 444
639 736
678 313
654 526
813 591
443 806
523 121
261 207
209 32
207 797
404 482
795 605
498 291
302 620
511 333
998 704
867 74
930 116
803 55
914 974
266 346
519 630
703 372
934 571
199 35
78 682
635 542
663 386
423 512
311 643
922 92
58 889
85 911
111 289
874 319
748 94
216 111
658 819
303 482
656 500
715 138
241 304
876 955
411 969
896 50
929 590
292 937
933 753
917 637
196 7
670 522
463 538
834 861
415 140
558 171
97 407
426 100
380 884
125 776
220 507
441 443
217 435
577 336
362 262
624 263
424 697
171 143
219 794
429 777
230 757
486 996
702 849
681 549
71 350
613 656
77 827
400 680
165 984
956 795
598 361
188 387
385 634
297 245
430 421
749 66
659 947
401 639
785 930
501 246
689 352
550 169
564 330
795 699
656 174
58 721
438 254
607 945
264 221
638 239
913 882
126 734
477 65
595 796
816 333
206 175
367 800
396 783
934 373
530 265
445 685
494 872
913 156
382 442
358 988
15 220
345 186
55 94
795 965
464 207
62 705
748 381
283 83
480 8
976 570
470 713
193 908
869 302
675 434
922 812
683 826
601 817
744 815
737 779
638 316
213 744
956 58
36 498
843 69
961 233
956 765
470 894
825 827
95 169
157 741
910 483
984 792
290 4
997 522
780 708
908 477
303 311
823 23
513 453
552 946
485 181
38 61
187 391
762 417
302 698
2 255
370 963
424 946
839 397
434 33
411 63
148 539
97 427
723 892
354 906
193 256
296 391
808 618
406 608
933 299
89 619
714 685
812 627
216 512
438 734
458 967
740 506
243 468
82 642
633 540
226 237
618 962
862 552
802 811
999 716
47 417
986 209
823 279
845 930
804 519
295 231
627 916
554 187
645 825
220 855
786 88
701 714
880 200
645 611
166 927
656 9
493 313
677 246
615 557
679 443
573 852
991 442
20 1
408 899
47 476
796 797
308 808
343 97
144 660
960 549
329 845
23 782
98 213
781 253
310 790
612 526
483 886
879 353
206 213
3 579
645 561
470 271
317 775
6 903
769 302
530 979
858 173
130 382
958 694
235 793
301 989
856 940
617 747
314 505
58 407
847 286
344 152
61 198
841 897
437 383
594 89
555 808
703 415
76 24
290 160
244 575
248 279
718 477
941 949
816 144
755 937
934 962
787 814
96 561
881 585
562 293
673 815
552 252
372 182
962 897
133 741
325 910
273 956
433 590
848 797
728 371
215 869
454 209
864 273
332 249
704 696
798 179
424 131
660 603
605 182
615 772
144 942
922 141
681 809
782 196
73 513
243 308
321 45
810 633
127 254
215 57
855 897
287 302
442 440
169 385
662 763
14 150
570 204
129 719
95 354
555 327
791 338
506 595
119 200
383 896
99 965
525 600
330 844
422 615
432 383
98 924
261 221
355 50
339 114
931 251
372 758
970 867
999 264
903 380
422 226
233 737
597 852
767 332
103 518
410 921
277 478
634 762
936 997
777 737
627 175
505 913
555 859
175 708
763 420
99 996
428 541
439 865
82 29
944 508
891 788
819 683
788 195
231 261
268 634
214 606
775 197
710 792
656 72
504 948
319 29
656 499
242 684
806 130
656 260
176 876
701 612
548 627
318 893
370 830
144 487
320 633
943 473
928 21
905 14
617 67
740 143
872 201
198 341
844 293
812 787
929 886
847 153
554 517
555 874
335 847
776 47
809 223
433 139
915 886
80 900
628 109
606 860
980 314
453 861
722 345
608 58
536 612
59 491
392 74
731 523
863 379
595 584
787 524
456 853
640 246
930 236
490 98
108 608
23 244
389 684
534 989
397 100
608 109
741 761
718 869
934 273
324 758
930 302
533 822
633 375
413 857
292 812
956 936
462 53
188 775
751 710
994 517
846 681
400 798
284 801
183 603
881 219
753 416
730 977
839 878
669 291
842 881
261 609
374 54
569 363
295 171
578 681
905 481
495 170
37 527
147 743
940 845
560 677
292 598
793 96
68 713
892 960
282 105
696 30
929 656
196 436
452 831
559 671
191 79
574 77
692 1
977 509
95 717
203 730
605 558
765 152
250 473
467 546
64 212
326 949
658 51
413 150
97 958
284 746
117 953
939 88
389 901
967 116
216 510
455 40
220 296
951 313
170 850
74 63
697 905
137 273
423 142
309 446
275 494
22 267
305 289
738 255
631 694
790 226
859 795
638 521
730 488
645 417
32 642
602 670
317 313
15 131
687 195
995 84
140 753
859 1
805 772
551 765
155 675
725 566
169 69
225 935
252 828
229 848
506 902
238 745
956 865
521 934
484 508
982 568
492 208
764 703
432 969
700 158
186 406
667 367
567 291
952 6
697 662
65 292
509 686
917 965
429 133
395 689
91 408
957 331
941 515
20 976
774 478
513 841
41 958
396 889
151 639
73 123
581 860
517 20
528 476
557 699
902 424
821 663
723 734
464 124
998 92
228 147
207 163
147 908
587 858
995 711
746 762
402 787
360 276
88 782
461 849
997 59
542 983
889 724
685 56
127 987
307 737
62 103
693 931
553 721
221 236
902 534
850 561
835 188
280 669
270 885
275 406
738 461
186 782
438 894
749 413
17 437
913 788
347 499
63 255
39 334
651 710
706 18
541 582
532 748
297 84
897 650
929 672
766 745
46 129
988 175
908 762
716 52
605 907
803 102
187 897
240 715
738 310
297 564
253 269
117 509
762 817
950 805
332 333
491 28
82 676
270 676
848 157
128 676
125 295
546 579
144 749
579 900
129 493
499 828
425 148
907 418
87 87
827 577
541 794
803 485
334 938
348 471
736 657
571 109
266 750
621 903
355 983
175 187
979 459
607 714
35 274
35 708
908 265
338 753
13 91
247 812
94 409
505 819
743 802
983 731
504 102
438 529
450 897
713 679
739 360
662 161
771 374
920 953
913 916
22 241
359 276
531 671
536 639
508 662
23 613
712 120
944 321
33 114
816 175
885 59
279 998
50 515
692 876
147 706
622 494
229 969
749 34
216 232
406 852
642 291
710 591
773 78
889 323
414 507
12 813
621 4
118 217
564 934
150 488
490 359
415 204
610 702
594 764
904 480
347 53
433 157
498 316
297 636
36 594
461 47
470 181
944 970
138 499
970 633
47 763
984 247
710 150
831 122
555 180
553 155
302 971
586 206
505 988
677 415
348 554
655 586
962 683
79 629
471 466
739 556
606 494
21 311
812 667
253 383
927 962
597 565
430 616
45 756
909 902
735 394
112 123
146 599
718 950
976 281
782 490
943 96
581 311
902 953
69 770
558 883
312 326
256 33
272 832
777 938
339 972
453 882
818 988
558 407
601 654
49 932
704 153
333 528
130 694
610 136
629 952
930 371
192 206
910 237
223 140
424 881
829 79
581 844
270 116
611 490
182 575
252 783
704 860
762 566
262 886
402 983
970 438
502 788
883 423
230 954
737 304
863 909
619 167
230 885
480 762
239 515
319 982
993 722
672 945
904 497
126 940
765 121
201 289
242 941
187 689
257 902
81 58
825 807
892 574
728 788
454 833
942 690
352 557
293 47
594 446
63 679
400 676
403 219
217 356
363 160
893 256
393 483
21 474
934 683
273 500
241 412
320 152
46 914
551 353
633 473
641 828
563 908
538 136
288 921
639 480
227 964
468 717
167 728
748 384
434 140
785 449
108 478
418 852
133 585
124 743
50 277
652 101
73 389
856 259
570 92
681 299
704 578
86 476
650 410
96 345
68 9
154 7
207 177
137 158
434 460
385 677
153 880
371 422
234 886
919 846
794 703
119 106
444 304
280 832
583 306
445 910
193 408
244 97
879 628
195 336
100 581
966 478
830 727
953 836
700 910
61 512
920 74
15 139
779 979
152 150
575 807
148 127
711 144
19 562
895 903
389 984
236 537
396 422
616 284
462 490
887 965
257 752
371 858
329 896
258 614
151 381
271 149
804 505
255 441
204 138
162 14
13 124
699 145
179 486
534 205
755 567
325 231
737 653
383 485
94 226
808 667
93 811
964 981
727 604
131 381
27 977
906 21
112 910
1000 702
906 161
532 491
257 359
726 213
493 619
585 209
886 446
760 434
603 515
162 283
905 200
474 300
62 949
517 891
535 795
163 317
73 800
775 865
451 655
968 9
380 175
503 2
782 106
788 513
820 376
585 360
812 625
212 232
387 990
712 794
218 280
935 138
309 900
482 65
373 282
475 192
139 162
349 104
614 723
302 776
953 189
11 795
116 618
632 193
363 151
50 962
377 191
312 544
929 853
960 579
391 570
833 835
367 606
952 418
509 266
744 491
712 34
563 943
614 823
765 689
592 748
616 445
97 770
220 409
930 338
968 720
374 179
414 148
689 622
493 337
431 162
430 697
647 445
766 415
346 740
810 140
575 152
360 750
208 709
270 754
902 401
310 37
908 137
708 255
474 525
21 662
256 771
775 222
257 808
524 948
251 372
442 626
100 556
90 622
960 798
543 656
832 238
321 113
907 52
937 263
439 207
960 994
920 61
557 545
957 705
214 318
294 160
498 865
179 272
51 126
360 534
787 356
337 222
838 790
655 632
386 873
200 494
929 937
466 988
169 118
889 925
510 747
386 157
657 86
628 986
55 785
159 674
241 457
385 866
468 298
520 703
590 58
476 701
784 523
488 935
494 879
688 291
457 253
245 277
966 232
978 730
573 248
78 263
348 418
93 16
210 790
469 35
513 149
649 682
441 333
484 809
259 635
524 418
325 375
433 961
720 475
750 647
74 983
281 603
906 210
338 148
122 680
947 361
487 291
67 484
554 904
472 994
681 777
854 429
315 747
798 770
347 84
848 169
284 52
959 330
397 955
542 752
162 747
714 811
255 179
382 327
745 769
88 986
882 766
205 899
458 224
145 642
269 49
132 635
571 947
650 865
496 492
654 529
304 632
911 715
174 118
23 376
415 142
950 965
35 143
775 362
10 589
675 781
745 198
967 391
364 890
126 278
730 23
725 248
402 815
285 864
740 837
301 738
161 824
341 53
472 158
838 357
675 693
818 468
796 302
698 674
938 900
796 15
339 218
574 534
751 876
691 145
228 551
489 227
956 748
273 696
181 490
163 784
453 933
729 256
793 46
715 344
812 541
416 477
878 488
731 60
752 920
318 483
672 477
176 62
595 44
830 690
663 978
721 49
373 696
258 475
874 709
279 595
194 981
788 911
8 352
660 329
952 34
249 803
99 408
747 312
773 72
861 298
58 771
179 315
871 678
235 320
127 429
112 92
475 67
68 550
787 983
638 274
832 786
939 741
129 508
144 135
3 127
605 976
416 379
771 817
642 505
169 914
962 240
297 262
977 389
505 721
493 275
332 472
621 531
444 454
530 358
921 995
40 615
191 88
582 302
560 642
946 642
646 789
797 877
825 114
216 695
280 467
883 709
34 156
43 234
598 504
890 693
515 375
896 186
325 626
111 453
181 681
691 815
756 849
571 208
852 548
464 536
250 662
580 964
911 843
380 91
300 850
969 36
986 397
216 423
462 413
336 626
961 122
285 451
242 425
644 495
76 832
405 626
61 706
654 4
903 562
158 480
507 488
259 135
920 626
275 294
490 808
811 17
441 320
220 566
415 904
337 931
767 280
627 236
102 286
867 766
440 216
272 731
484 765
527 465
488 444
935 571
285 594
286 223
300 292
421 398
677 120
93 207
308 481
213 580
359 466
738 375
466 586
86 343
804 258
479 760
84 564
245 330
859 888
356 625
860 784
739 685
716 118
61 98
228 82
397 239
810 196
496 48
223 849
677 578
33 794
535 265
209 171
605 843
202 783
977 587
222 973
501 842
763 32
132 894
268 509
879 629
641 268
319 316
587 763
616 561
553 507
843 40
522 593
619 851
656 775
367 944
493 80
143 577
778 267
858 647
62 330
207 355
448 918
732 702
914 858
337 218
482 244
15 874
649 978
402 815
643 608
815 434
722 403
382 297
986 752
625 538
131 580
476 999
804 107
788 378
435 199
787 992
151 99
29 78
290 620
242 944
929 516
149 145
593 189
941 917
772 703
200 104
490 664
461 257
418 431
874 492
579 761
974 560
18 761
300 337
716 6
148 532
833 634
43 809
601 720
172 501
293 179
753 291
290 573
497 226
848 285
348 599
571 217
247 336
790 622
483 153
291 460
360 369
671 152
481 116
833 519
393 207
852 577
641 411
967 17
730 888
303 733
756 160
853 854
765 408
678 470
889 805
311 159
480 12
56 972
545 30
695 579
576 558
85 364
3 836
1 4
626 532
999 94
334 647
635 680
493 142
116 866
666 484
843 795
700 101
810 786
973 441
906 729
12 352
996 115
266 912
559 274
981 989
961 542
25 982
254 704
518 78
689 195
889 242
62 647
516 747
465 591
133 628
370 279
876 678
589 807
138 725
275 866
618 142
535 76
847 567
684 702
24 634
833 439
185 323
852 998
991 345
201 709
775 487
867 480
393 312
123 834
198 104
382 923
53 523
585 729
37 518
319 332
27 776
55 246
848 763
374 287
767 795
778 355
190 646
575 207
405 465
342 432
977 193
496 885
503 912
248 65
561 565
449 984
443 722
574 818
525 581
536 182
59 469
536 733
228 702
971 377
977 469
898 456
709 152
144 499
638 401
438 251
975 8
730 261
87 776
160 979
514 568
28 721
342 651
933 388
564 972
253 88
906 593
658 814
587 383
757 202
814 362
321 190
660 303
655 573
324 404
663 251
991 265
255 354
36 249
877 91
259 372
193 905
76 710
298 899
269 744
218 871
200 320
962 397
62 324
208 206
483 661
65 937
947 78
481 339
338 702
563 955
464 689
314 58
290 88
573 284
417 101
695 824
668 585
597 527
712 63
766 516
864 648
532 322
460 320
581 486
384 183
752 334
974 797
895 54
458 76
783 217
694 510
315 308
90 933
383 879
843 979
517 305
275 996
926 461
317 723
845 372
524 227
40 529
405 541
259 184
157 242
943 923
79 60
725 1
660 107
447 468
846 149
991 772
333 88
95 576
994 776
536 19
25 893
999 326
520 251
989 298
962 991
359 760
417 107
890 574
96 989
245 855
135 17
975 32
491 334
678 163
647 429
680 352
593 980
156 962
120 187
807 912
742 936
410 86
413 112
138 26
516 157
595 218
763 137
666 906
62 917
151 597
915 25
132 289
693 277
731 528
51 745
35 210
616 23
743 13
130 568
243 969
142 327
15 341
495 935
797 329
234 908
927 582
798 631
479 837
345 447
11 379
434 503
111 830
818 337
630 228
144 736
631 722
525 66
295 36
259 242
788 437
296 774
977 176
251 736
782 782
876 744
543 783
276 338
351 800
842 242
777 716
651 546
451 842
239 306
480 134
126 324
89 651
622 2
272 830
434 497
573 509
311 780
994 113
165 354
270 725
85 1
210 938
151 507
84 60
94 612
778 511
320 875
978 399
901 111
785 640
491 222
212 336
785 662
321 771
262 375
331 934
897 825
39 267
491 825
735 719
182 903
745 418
916 338
766 415
506 55
70 670
688 808
460 816
957 558
930 846
420 864
658 104
191 23
879 959
535 756
526 341
967 489
989 439
553 995
386 58
239 599
974 680
263 698
138 829
416 769
243 193
968 400
994 507
35 128
22 738
294 691
284 892
385 724
598 278
255 215
302 79
379 752
860 443
239 972
236 927
166 126
628 623
512 490
652 831
827 391
508 645
707 288
297 370
359 184
54 927
446 384
221 876
82 497
458 926
383 681
995 542
614 621
659 162
855 297
432 296
71 589
100 73
35 235
990 285
132 727
718 168
487 98
275 472
110 972
431 455
181 286
537 284
952 313
483 599
93 718
528 568
417 982
520 688
524 153
199 326
521 853
220 950
55 641
354 194
140 225
170 838
896 892
389 223
460 693
260 118
538 624
945 314
930 752
173 299
29 995
400 184
555 376
95 628
40 472
564 676
162 547
152 417
59 410
255 231
232 361
304 597
858 724
962 1
396 700
284 264
908 774
846 156
1 815
944 741
560 819
501 926
660 98
262 949
587 901
372 228
387 479
628 497
693 596
213 958
105 966
378 384
304 707
453 411
865 593
893 955
330 115
107 652
343 302
608 99
631 817
517 449
642 785
991 175
141 691
574 32
624 416
776 121
797 602
791 737
2 93
566 124
842 676
748 592
760 778
647 599
165 999
54 601
517 912
419 570
175 56
46 413
26 826
640 53
647 993
37 633
5 416
41 516
395 732
646 339
115 259
352 823
881 195
543 886
273 745
653 32
316 882
853 322
41 573
683 234
2 746
953 801
555 246
632 336
79 781
252 273
169 892
312 113
120 618
333 178
525 731
114 37
84 639
950 271
101 730
663 922
578 999
704 431
610 739
363 782
199 586
870 135
712 78
68 810
532 454
946 856
691 5
161 387
89 486
634 368
158 209
230 588
136 927
412 590
234 8
84 54
669 439
116 918
234 555
334 743
959 416
993 790
304 346
481 759
416 921
374 550
459 506
43 190
657 588
158 885
541 960
6 240
805 453
973 356
950 134
4 63
314 389
7 128
575 955
859 557
659 423
808 807
318 416
847 105
382 332
165 333
650 595
835 406
544 491
497 970
144 722
929 80
455 322
879 234
609 343
464 871
389 651
201 703
799 806
382 217
123 985
569 478
568 684
556 191
938 426
392 399
758 264
879 96
361 514
592 81
302 585
825 931
727 267
96 857
583 121
449 186
271 544
100 321
63 452
337 259
285 948
722 398
878 147
120 819
214 916
357 994
91 209
252 605
184 234
207 153
488 428
266 529
307 645
792 610
884 764
229 108
859 815
889 252
501 432
563 841
392 113
851 784
726 401
924 391
710 186
393 919
414 580
205 755
572 804
155 347
661 501
307 669
304 390
837 58
258 891
440 292
698 252
772 996
238 155
5 555
53 681
763 220
684 725
543 349
751 608
276 613
374 342
226 876
682 473
726 917
950 19
937 988
924 420
170 138
83 434
601 96
872 882
539 370
53 264
639 614
44 827
197 410
529 264
412 770
918 108
831 738
818 614
291 274
574 357
566 302
828 87
406 485
198 574
765 458
372 430
750 776
295 78
237 450
316 545
98 967
966 78
496 760
263 145
186 592
575 92
251 437
792 658
552 220
29 344
746 993
702 675
888 573
103 957
104 387
724 455
836 717
320 986
297 970
111 166
421 389
316 787
690 209
882 507
848 45
249 987
428 514
378 1
133 972
711 239
965 564
382 487
918 179
850 651
476 364
160 294
294 491
118 490
761 264
68 382
255 561
948 456
171 975
827 714
884 763
565 346
794 182
180 355
91 887
175 508
393 194
770 516
58 84
459 303
650 56
977 815
555 303
783 987
494 205
520 333
472 267
716 698
268 609
674 733
33 232
120 833
748 89
669 921
24 478
214 388
95 750
881 599
637 409
506 895
117 938
806 737
510 171
542 794
515 881
895 553
613 754
71 88
324 249
985 183
929 729
868 518
96 68
593 326
83 242
655 656
272 852
838 103
834 873
571 567
74 515
911 17
452 689
457 850
125 666
405 364
939 749
374 782
593 881
257 863
977 594
770 80
358 945
204 486
3 231
176 812
149 505
52 840
637 337
368 498
308 228
351 590
804 432
487 248
831 919
63 583
716 986
430 706
518 916
627 611
791 459
673 146
252 154
953 748
298 310
922 858
98 330
184 205
658 1
161 352
874 380
606 783
958 873
590 960
434 581
805 961
900 897
98 914
677 954
808 583
684 466
442 114
914 589
672 856
471 990
7 639
652 259
510 321
888 447
106 144
640 541
143 979
680 75
547 997
72 740
480 194
807 429
834 294
290 332
822 730
917 296
250 993
438 311
187 311
887 790
793 382
126 70
84 525
826 387
528 426
805 833
232 899
583 446
808 836
356 321
19 764
924 815
225 857
217 27
892 789
956 654
489 331
314 988
91 966
860 760
426 291
769 286
634 316
344 871
114 422
762 172
688 508
258 142
488 558
278 611
765 92
472 648
393 385
221 241
290 258
629 482
42 193
691 723
770 914
8 985
364 183
956 336
469 525
576 681
257 851
811 112
594 524
585 433
980 870
218 966
85 773
441 128
946 430
179 550
977 34
270 449
546 398
227 204
25 496
968 983
44 495
604 595
312 753
38 134
60 888
444 152
777 153
952 160
992 402
663 186
964 165
684 190
158 648
657 3
130 522
380 829
402 3
783 308
743 439
88 317
764 458
872 68
509 882
694 64
425 884
340 273
455 779
704 394
185 933
918 361
808 547
135 304
40 207
146 355
136 353
668 906
905 671
333 459
994 839
855 721
502 612
601 574
191 597
107 178
32 349
504 948
473 253
752 18
198 733
411 29
923 419
394 701
460 527
347 138
74 180
394 422
4 387
169 531
697 87
358 345
125 223
854 743
290 446
56 43
482 476
747 150
492 356
927 440
965 196
401 839
340 234
383 728
779 638
111 939
605 393
774 165
94 880
218 652
746 424
694 308
772 540
471 146
523 325
432 497
313 279
672 962
615 506
139 887
726 597
533 791
82 893
258 765
666 813
907 341
593 705
318 469
709 386
37 301
37 502
446 517
66 422
915 210
651 824
14 952
880 809
294 916
66 308
924 315
921 242
273 824
613 988
859 197
86 645
755 776
46 551
136 828
610 645
829 706
29 156
958 752
360 988
405 586
807 696
516 965
449 409
43 265
725 202
977 474
485 769
140 315
527 746
262 697
774 245
689 782
766 718
240 96
500 319
846 832
416 92
2 212
476 146
496 621
508 404
734 33
345 66
116 437
239 907
186 274
3 830
748 592
400 850
307 519
595 596
833 961
232 889
803 316
154 441
717 547
639 113
94 931
720 814
705 560
194 841
823 7
406 333
70 587
420 38
852 633
797 30
457 140
188 57
191 289
876 881
909 100
434 10
253 590
42 992
567 805
21 783
856 874
387 547
887 902
316 988
917 240
58 890
942 387
353 2
727 396
577 558
74 669
156 789
215 105
224 363
792 756
653 664
561 158
355 771
809 417
469 147
832 970
777 357
59 154
482 23
323 522
695 117
500 448
548 195
671 503
229 413
772 33
140 153
222 996
686 561
673 777
407 177
694 832
613 288
401 781
149 870
423 544
312 933
298 976
715 418
388 773
970 727
833 327
550 670
168 942
828 73
632 572
853 351
217 571
821 192
775 410
425 819
507 603
362 957
51 418
236 528
528 864
216 173
436 499
979 721
551 206
123 507
812 530
136 99
994 820
204 452
66 434
120 531
566 39
647 496
605 903
182 454
158 413
266 950
398 714
910 13
503 992
599 232
515 420
176 25
541 962
797 628
849 20
721 377
93 805
490 926
24 421
976 998
68 609
988 222
357 679
599 333
424 162
57 1
419 603
606 55
754 545
319 228
158 903
892 294
949 999
476 366
250 233
650 436
213 161
565 199
273 571
322 862
873 640
351 591
41 515
307 255
714 917
912 139
838 1
653 761
274 532
817 415
788 910
234 496
357 480
101 812
939 987
799 493
881 757
321 264
344 42
702 150
258 61
996 833
992 639
817 837
275 115
994 815
570 479
372 140
137 463
968 479
246 809
941 726
566 197
326 198
501 407
696 89
252 90
584 844
610 206
336 968
726 815
379 139
433 781
752 235
728 666
591 555
120 945
130 768
453 682
933 576
357 859
798 556
773 623
402 822
865 330
224 956
534 726
880 584
64 347
144 952
400 273
280 587
179 23
790 402
603 483
392 659
775 609
353 313
488 318
867 508
342 204
5 369
27 461
711 333
975 708
156 422
411 635
278 87
956 697
840 29
707 815
179 265
792 242
731 958
816 417
494 534
891 685
636 106
827 184
363 63
218 896
237 780
733 484
657 885
677 398
120 723
821 189
71 710
236 355
749 11
289 81
968 670
366 359
981 296
656 306
995 147
848 795
489 789
261 548
464 394
756 660
456 253
575 233
181 758
357 720
566 206
635 399
756 20
947 904
2 684
565 497
236 646
503 482
126 53
231 800
277 788
673 842
885 576
505 249
395 151
334 329
673 89
372 171
931 75
181 644
58 858
704 287
210 929
726 852
704 542
727 53
512 99
915 171
499 741
248 545
202 274
146 44
561 525
598 720
437 962
835 873
100 128
62 594
415 305
186 503
566 347
687 825
695 202
826 223
633 160
1 916
315 397
450 635
723 637
448 904
956 93
159 23
249 349
338 299
7 27
405 382
608 846
573 95
358 712
734 520
537 834
314 609
95 535
811 669
399 697
483 147
744 880
533 176
833 8
727 909
146 984
750 712
843 781
304 680
698 556
140 650
437 328
960 22
273 601
735 113
634 691
616 986
481 673
844 608
234 245
155 656
350 994
444 509
941 789
947 74
511 892
100 929
636 538
765 205
374 614
882 669
730 367
347 817
195 509
320 911
698 476
342 182
925 125
893 859
1 651
902 462
347 782
422 299
108 776
717 353
345 824
356 139
212 751
443 338
96 853
307 21
678 574
251 711
526 182
936 378
109 585
598 502
188 251
22 692
645 942
438 468
97 289
312 613
843 862
43 555
999 682
410 747
850 369
353 436
349 158
854 20
358 168
498 488
540 286
500 782
247 229
359 120
184 517
911 951
698 658
465 778
875 365
324 246
62 585
427 652
428 612
125 214
962 523
289 698
169 855
938 271
139 411
924 75
875 563
297 90
192 647
673 950
817 487
298 403
827 499
902 170
541 559
941 806
125 829
687 505
645 73
1000 753
983 865
153 712
101 702
838 434
590 861
923 307
945 170
620 396
245 611
260 310
175 290
184 961
527 639
726 524
491 777
819 257
542 776
670 183
691 763
464 724
953 85
933 571
115 910
233 858
645 18
790 323
723 782
643 890
670 356
504 648
404 37
102 544
120 445
631 689
122 49
39 654
617 133
605 261
343 192
891 913
547 471
404 285
994 347
141 61
659 787
517 138
585 958
11 230
555 972
440 270
986 894
311 718
278 285
556 518
889 697
881 148
169 922
575 706
807 671
387 111
18 653
986 138
732 276
308 652
49 853
530 95
85 896
460 73
163 991
896 687
140 202
998 720
488 63
295 128
15 708
276 214
81 793
682 356
736 54
73 191
628 427
834 419
157 71
244 381
42 637
141 845
39 361
616 677
703 251
878 493
161 54
675 697
162 114
427 236
915 597
707 179
651 309
918 980
384 392
225 827
56 972
983 877
952 525
223 637
375 708
127 90
255 100
590 462
840 105
172 447
572 166
22 370
62 391
166 778
563 525
521 226
514 542
713 21
895 603
709 564
93 60
372 488
453 767
600 370
497 875
866 81
176 805
335 937
803 14
388 889
709 101
416 712
243 412
959 751
345 357
237 914
571 950
221 779
887 599
719 20
706 573
248 710
583 572
870 986
593 515
995 633
336 336
512 213
857 772
27 549
700 629
641 519
344 102
824 175
562 271
612 589
811 735
204 657
559 750
830 347
392 863
421 836
390 807
561 887
926 369
169 709
645 286
427 814
14 535
188 622
929 78
760 731
74 261
594 398
260 891
823 52
98 689
39 472
457 705
289 448
232 385
75 631
154 385
955 764
923 637
681 276
47 443
858 118
860 600
72 592
486 352
495 990
695 622
901 620
993 736
559 564
78 213
366 954
257 855
934 31
231 655
134 257
862 282
204 624
841 509
764 339
562 13
348 448
663 630
105 563
628 854
162 320
181 61
945 688
217 128
430 994
712 582
389 229
817 434
443 180
977 595
509 693
933 247
66 555
878 828
656 886
444 406
476 774
536 236
293 847
809 88
619 780
555 412
877 897
432 89
835 327
630 231
386 990
700 317
664 458
739 844
228 5
894 585
179 359
603 751
417 555
301 66
452 988
401 752
382 831
160 952
332 494
765 700
478 385
778 414
322 640
265 3
194 366
572 134
979 320
627 738
609 852
654 133
411 539
968 296
518 361
832 484
940 987
895 494
59 176
691 228
537 634
10 674
767 482
914 254
503 480
117 293
842 596
286 364
52 347
296 67
889 457
4 617
519 504
564 360
956 867
123 439
839 406
313 863
444 878
661 34
758 38
518 147
72 615
977 366
274 222
493 715
986 952
422 764
38 386
130 245
216 892
282 690
192 852
311 107
444 770
13 466
986 213
672 242
601 686
317 169
574 630
957 608
965 289
376 197
526 592
423 312
5 373
182 261
891 410
877 686
485 474
876 978
758 769
207 990
58 728
529 449
700 685
378 481
276 760
627 807
115 803
224 166
249 826
610 31
636 17
728 926
331 385
419 930
290 204
780 809
822 787
310 780
377 195
166 8
844 760
116 676
707 132
704 458
710 724
400 115
113 271
453 241
993 234
507 110
693 271
911 522
156 552
672 824
2 217
616 649
308 758
173 464
678 257
146 645
173 827
443 871
414 470
922 955
580 153
311 778
704 769
221 438
245 267
275 275
746 919
497 521
785 463
881 226
7 303
210 964
305 730
502 440
41 799
672 7
540 87
992 928
110 873
147 649
826 756
900 441
700 316
405 795
328 887
130 870
323 473
482 603
404 246
483 181
339 581
764 338
454 696
261 677
772 655
10 583
235 321
983 493
654 770
436 555
698 452
733 69
519 876
697 118
896 583
122 135
961 766
421 530
916 308
395 908
459 847
247 498
457 912
550 559
883 816
444 709
480 421
632 135
553 9
483 643
952 17
41 561
870 797
595 259
361 800
632 556
945 741
471 555
616 171
308 346
632 539
664 383
942 853
313 709
234 560
985 720
144 476
99 981
265 1000
167 752
257 184
145 488
382 16
600 810
154 192
587 754
956 305
762 24
599 439
916 133
742 980
123 715
704 852
708 375
156 149
434 218
33 522
993 7
389 756
801 474
511 685
716 633
72 793
949 483
141 620
495 34
486 31
443 262
668 611
85 693
677 156
204 520
1 374
373 715
700 560
663 620
167 275
437 258
394 944
956 238
681 991
361 46
454 776
973 120
855 812
769 901
613 830
507 903
367 877
387 43
345 587
911 962
503 296
746 441
258 699
498 97
304 793
678 823
24 363
544 211
428 770
396 414
325 984
374 484
253 114
263 780
290 497
21 697
112 605
307 243
99 676
252 499
48 286
793 348
948 528
482 142
897 929
193 197
227 1000
901 319
295 422
605 388
849 814
410 838
225 231
160 132
988 197
312 481
994 860
587 447
680 90
882 73
29 259
813 705
579 275
144 236
736 707
568 289
795 149
807 837
570 33
516 229
45 608
49 117
92 770
757 766
52 214
367 884
925 17
542 536
90 575
73 496
643 48
232 532
265 7
267 563
677 981
995 29
233 439
448 240
495 517
809 775
11 433
806 855
90 990
693 20
167 855
195 779
562 128
613 720
491 532
764 333
867 524
636 319
401 14
818 150
698 932
641 474
673 849
639 982
140 569
816 682
108 369
763 142
672 488
811 737
174 73
771 402
54 455
35 595
808 558
884 496
815 234
478 164
559 394
138 931
299 184
496 796
171 256
785 605
563 92
696 474
496 664
472 948
16 119
141 29
905 313
491 73
339 439
628 259
920 709
146 444
254 944
513 384
703 206
183 877
563 234
284 557
782 71
396 279
522 768
78 902
75 151
293 502
128 825
633 762
879 741
956 212
195 371
200 446
104 506
94 443
319 456
999 801
28 272
424 342
184 75
878 477
303 244
852 916
414 603
36 576
156 232
608 169
893 269
332 195
95 917
217 763
441 45
227 358
536 961
637 260
901 947
131 413
535 537
839 90
357 226
290 552
714 884
11 667
778 429
611 152
811 956
975 72
844 726
511 318
130 194
712 103
695 519
426 241
477 505
26 987
338 734
91 267
149 300
166 87
947 841
401 537
448 25
206 708
89 294
392 31
659 225
437 454
204 223
51 686
48 281
299 437
73 450
402 223
926 63
84 253
768 944
933 504
968 372
235 133
83 965
299 182
656 427
435 972
247 294
216 239
722 67
458 568
411 273
616 786
958 272
315 323
151 321
35 50
390 909
371 873
366 771
332 698
212 503
171 89
988 125
232 791
601 988
856 202
511 152
254 426
898 899
432 675
56 48
545 648
118 349
296 626
432 831
241 690
995 794
70 729
701 864
355 914
422 546
299 913
602 287
91 492
615 821
112 745
785 884
594 867
910 758
427 8
275 999
156 882
924 464
401 277
474 722
866 533
314 471
370 189
860 69
665 694
37 827
480 228
123 130
154 772
619 9
503 164
18 759
305 366
403 777
762 649
93 508
125 431
569 680
148 247
553 693
284 821
575 387
460 218
445 393
921 777
369 15
881 534
700 72
576 963
754 947
144 724
975 17
836 729
919 346
13 434
885 56
206 680
150 386
838 175
656 782
912 486
717 310
288 316
171 562
171 279
419 854
680 636
7 906
616 161
557 437
92 937
85 418
740 120
175 446
805 587
237 844
506 37
887 882
941 988
29 513
645 949
432 916
681 710
380 588
9 844
582 497
838 201
35 495
174 326
235 597
98 914
297 561
830 337
426 921
7 137
785 520
205 847
561 103
488 875
133 980
129 23
459 772
620 162
771 103
542 690
621 44
899 648
959 398
865 910
460 601
573 863
698 942
238 688
990 488
681 765
72 532
5 591
594 457
460 289
71 808
43 975
669 802
635 690
405 819
599 524
892 283
30 597
59 519
234 48
182 830
888 877
349 447
689 719
12 278
329 805
716 545
725 565
681 909
681 602
481 905
152 525
694 815
135 26
140 421
184 704
645 530
323 225
617 29
506 196
318 462
98 727
3 690
278 262
248 566
454 780
57 109
65 537
845 995
366 117
294 128
681 949
420 944
238 95
805 599
500 655
915 817
814 847
21 27
123 680
985 387
483 340
470 820
115 397
266 33
432 500
926 258
795 388
346 883
190 423
838 84
887 609
642 228
929 596
660 611
575 330
141 670
958 918
883 884
715 879
998 694
161 679
176 186
534 343
827 315
17 42
113 846
432 584
136 953
491 174
188 363
534 508
538 77
832 928
78 888
828 70
772 405
643 909
902 882
662 915
734 808
230 54
698 448
274 67
23 673
415 366
836 579
134 839
731 583
298 924
811 586
924 988
161 955
546 433
1 433
518 658
156 219
528 370
332 831
256 459
3 812
212 664
230 122
551 63
616 822
22 201
25 20
63 266
108 978
132 304
440 391
865 875
346 806
229 244
201 356
231 105
721 727
151 326
865 362
595 411
333 330
732 333
984 314
698 845
230 738
83 776
420 168
445 527
671 458
33 499
931 317
991 691
585 332
752 87
654 226
70 197
429 896
904 624
293 924
492 250
802 727
13 297
55 109
273 880
34 983
200 413
542 925
451 319
586 126
359 957
77 870
609 742
793 531
159 454
186 976
213 496
165 738
391 189
275 754
987 70
138 395
12 924
107 962
440 678
280 238
875 357
683 962
820 42
120 13
685 464
26 656
366 413
330 730
112 932
577 429
210 156
192 52
786 460
298 557
660 849
522 976
393 178
507 223
336 57
926 524
36 527
494 75
18 269
717 79
100 285
467 899
237 287
286 396
41 887
333 771
859 108
365 538
208 743
297 284
262 23
205 606
530 852
897 483
531 759
372 720
710 609
939 104
217 943
302 638
682 131
47 731
555 667
151 463
154 570
87 762
208 654
489 190
14 289
282 883
648 59
665 253
135 892
151 952
445 954
889 174
37 444
653 27
408 677
167 581
871 956
750 510
725 622
161 165
485 608
678 259
607 604
705 295
334 909
607 543
499 564
398 64
654 415
586 138
437 995
835 766
764 521
146 181
372 479
524 808
345 786
443 884
559 370
552 104
531 173
312 472
60 742
234 97
822 855
382 629
932 225
277 240
960 549
137 201
378 98
973 762
862 404
633 690
593 397
717 245
793 129
822 22
134 313
260 455
76 303
207 432
45 224
730 135
315 974
538 635
190 925
518 185
425 971
959 733
409 363
858 700
404 36
390 380
625 195
121 128
281 162
326 767
415 921
728 596
124 181
750 247
96 224
5 643
141 158
990 653
219 419
362 767
283 231
602 494
840 903
426 994
595 729
260 534
700 534
628 93
765 830
28 601
413 295
967 355
628 86
71 406
880 514
522 233
75 180
151 949
712 587
145 821
985 246
273 588
834 349
507 756
893 263
918 107
462 570
2 413
935 877
420 851
212 197
598 533
682 822
681 859
578 660
21 237
677 237
880 140
491 793
708 532
785 396
550 393
46 682
76 415
270 545
383 716
476 180
27 212
534 727
323 443
987 523
695 35
650 722
51 498
171 316
171 436
521 398
930 375
798 242
786 719
492 308
345 418
611 260
541 372
92 937
966 411
79 416
984 271
358 644
673 322
984 924
557 489
126 260
852 21
339 340
463 478
998 500
774 926
206 673
179 341
654 559
452 354
169 974
904 794
893 969
214 163
102 76
610 927
401 360
703 696
933 807
104 569
541 972
907 325
823 776
199 900
194 660
882 779
129 639
802 827
296 295
218 181
811 420
698 260
498 921
408 837
216 544
815 139
911 668
896 316
685 402
593 856
724 613
101 523
495 185
50 568
494 774
867 482
365 509
471 34
17 874
241 284
6 338
187 605
460 140
1000 569
373 166
190 596
864 717
894 996
121 713
752 365
631 398
407 312
658 642
940 171
128 523
462 230
896 32
310 920
46 951
140 500
655 369
820 435
797 603
773 476
282 863
811 243
241 458
602 736
644 595
232 870
373 213
600 416
941 443
429 628
395 280
175 472
300 554
77 878
399 801
255 411
751 488
977 871
299 378
73 869
127 697
244 963
979 356
543 395
177 584
10 561
11 728
136 779
250 246
69 696
979 714
428 207
570 913
409 442
696 999
66 248
590 904
220 179
868 416
279 634
308 616
188 842
923 884
97 338
42 182
562 338
200 131
457 491
85 276
837 82
767 831
460 452
794 791
69 636
470 811
701 163
353 444
391 808
548 723
357 600
532 15
298 295
667 498
443 985
751 33
35 943
439 559
647 247
541 130
720 487
476 324
593 280
890 819
97 140
638 268
621 350
392 313
890 749
132 353
235 112
580 461
609 897
582 530
622 711
364 627
712 806
881 204
847 214
715 346
315 68
841 328
704 60
493 315
508 320
153 160
284 39
527 140
993 834
479 251
901 427
276 777
42 971
18 727
401 511
922 14
774 586
160 659
667 593
247 362
591 395
507 215
14 229
367 137
311 279
211 652
456 876
895 654
837 759
9 753
269 346
978 270
784 492
306 616
744 503
929 205
499 945
109 585
772 968
854 288
929 635
201 186
472 166
901 901
232 673
764 35
865 663
733 522
770 68
406 128
228 10
247 104
614 767
743 382
492 386
223 931
514 912
718 617
496 343
793 465
54 453
13 861
985 205
396 656
336 638
125 323
60 178
204 334
538 175
159 80
787 225
287 424
360 986
451 504
200 403
280 857
512 211
799 614
415 157
513 704
155 620
922 228
504 442
658 627
119 139
391 609
876 904
708 790
104 784
999 637
969 733
166 184
814 710
771 904
318 386
313 863
105 893
230 307
990 447
562 521
359 541
475 102
974 958
89 601
886 949
960 350
685 864
524 41
36 560
441 459
693 179
194 62
944 555
335 938
437 860
181 510
724 24
591 509
656 961
165 421
829 897
687 94
3 865
650 903
768 170
477 158
491 669
815 197
798 572
766 701
465 150
398 322
438 757
22 896
624 669
137 660
141 630
327 857
987 676
458 900
236 466
860 395
712 510
335 667
65 975
745 940
549 445
683 710
414 675
950 829
530 265
588 396
106 819
775 863
63 20
345 466
868 509
227 224
433 785
515 845
456 824
732 446
104 652
813 115
189 562
303 639
656 896
25 732
36 702
35 940
263 693
976 265
673 611
264 722
405 362
445 690
365 301
287 383
549 188
429 71
245 91
218 3
450 981
141 996
328 425
339 348
148 413
245 812
911 214
774 797
52 160
6 746
976 436
870 800
562 774
522 558
35 921
423 761
865 752
332 811
88 693
160 756
417 83
963 767
888 243
341 96
416 115
597 839
420 673
848 536
920 355
816 565
527 707
312 266
646 794
166 144
588 738
940 165
983 157
228 275
771 728
473 295
546 163
111 210
173 300
44 777
153 176
441 424
701 7
739 898
920 129
325 452
212 890
763 830
606 792
332 398
142 429
548 996
344 348
387 773
85 617
664 491
698 799
39 726
996 756
434 64
74 112
251 179
839 199
518 468
526 140
331 193
660 693
315 212
18 675
438 287
932 260
301 362
937 711
741 333
635 765
358 695
806 330
460 74
144 578
325 512
771 619
505 749
179 289
451 640
56 145
335 710
484 548
563 145
555 943
644 78
430 214
993 258
153 380
639 15
440 751
905 88
854 811
851 50
558 416
990 691
877 763
188 525
468 965
714 647
880 422
577 971
196 987
629 260
970 980
43 333
493 909
895 945
649 858
392 523
175 874
177 932
250 423
26 619
49 660
470 161
431 16
651 434
504 327
213 102
542 341
36 280
736 448
329 67
177 868
691 767
704 305
758 69
908 552
825 512
757 396
793 669
422 195
494 51
416 504
636 144
862 514
791 859
120 794
215 593
184 582
444 148
371 170
223 852
78 756
649 636
376 319
869 565
734 385
314 820
785 391
631 745
739 324
595 9
125 245
45 758
912 28
238 804
827 693
758 146
875 994
678 460
152 517
598 707
651 609
709 29
132 876
177 714
35 716
659 690
612 514
598 355
632 651
670 550
732 286
414 983
238 807
451 381
928 54
754 712
689 28
756 480
39 891
197 195
627 965
82 122
53 889
745 275
593 877
117 417
850 739
885 815
657 316
166 999
849 600
909 985
876 963
695 511
483 203
630 716
988 701
930 290
403 712
707 878
429 740
353 277
962 240
272 414
426 627
640 761
400 44
107 686
843 413
569 615
141 407
107 945
352 387
749 13
542 530
778 317
303 301
898 568
819 742
980 1000
941 293
790 74
549 751
908 319
712 5
857 198
946 173
551 526
384 967
702 788
555 911
106 244
214 629
911 972
353 32
250 982
161 811
984 536
562 15
400 599
607 951
722 96
776 626
739 645
710 710
166 344
857 975
437 369
346 452
621 297
999 609
786 564
522 27
170 924
677 29
654 248
195 871
621 499
399 203
892 638
161 896
335 561
172 66
97 255
398 685
980 492
739 335
16 606
221 509
489 438
610 582
949 615
368 169
193 498
287 407
541 17
589 73
977 9
208 988
320 157
12 87
62 769
568 906
685 912
330 467
782 810
171 168
806 825
246 972
182 723
880 954
677 478
669 978
570 282
713 581
435 9
417 502
800 156
317 14
181 885
428 1000
445 980
218 428
947 885
863 208
981 519
668 706
216 280
547 269
441 574
266 333
443 637
422 837
750 46
661 414
563 793
42 668
834 403
596 944
580 3
649 96
672 293
93 891
399 132
172 568
382 483
919 434
272 61
328 915
612 873
474 293
418 291
664 258
270 473
123 816
278 258
288 762
849 477
897 136
44 54
35 725
805 611
723 254
255 316
375 77
954 565
983 54
610 335
8 957
675 661
885 626
53 799
1000 851
154 638
520 544
71 525
387 19
836 468
435 211
176 227
177 647
867 372
542 500
507 12
162 395
760 785
174 866
794 932
137 416
791 707
722 264
67 305
923 885
277 872
704 785
510 913
729 657
554 963
90 797
624 239
658 903
118 361
145 645
621 444
529 759
285 349
983 347
695 233
567 58
75 653
54 377
589 600
42 232
343 16
553 336
362 794
617 211
777 804
308 703
656 579
852 195
25 373
996 53
777 492
885 633
309 915
70 546
539 398
932 953
963 735
696 823
762 506
601 337
915 878
586 263
152 903
253 258
77 748
494 793
787 752
552 42
185 145
430 61
280 530
29 780
834 124
407 926
511 152
709 322
268 544
313 888
477 934
686 901
512 666
312 879
578 688
400 155
660 737
338 283
564 93
227 15
438 601
63 217
867 53
983 837
45 168
189 347
153 16
947 495
162 395
231 922
282 144
888 81
996 881
251 340
385 732
31 472
908 834
566 950
394 666
450 482
816 189
697 186
248 657
348 456
422 141
14 113
928 153
402 815
329 917
569 201
815 842
237 30
66 914
191 225
299 189
797 15
409 772
885 81
699 954
626 318
749 451
248 949
46 626
496 812
815 270
595 117
904 757
590 369
409 352
811 372
338 906
137 564
588 992
73 985
186 127
175 43
800 128
52 906
3 168
971 98
802 659
412 44
339 116
251 999
142 346
308 113
738 158
45 571
929 233
439 388
445 181
746 319
454 845
748 964
114 5
804 398
142 187
220 659
189 353
385 781
222 918
320 590
2 709
458 245
170 897
863 918
173 316
577 89
487 903
863 181
553 666
25 142
131 368
992 221
882 898
522 824
900 418
570 344
482 250
336 340
495 81
313 267
39 925
936 93
111 257
755 139
323 403
585 358
363 367
65 650
474 476
259 331
133 442
798 944
240 141
86 998
124 687
936 395
294 155
7 165
635 854
139 649
249 571
547 336
239 970
306 28
384 520
712 12
468 798
210 867
613 284
817 241
624 2
813 424
610 665
328 626
440 93
773 485
531 529
462 391
253 208
908 1000
670 732
490 499
71 246
415 452
345 49
475 400
960 361
535 662
734 908
203 546
988 695
9 978
323 307
113 515
127 802
250 196
326 727
148 56
424 893
9 641
30 318
959 690
669 859
486 371
193 436
257 11
481 788
294 569
382 148
533 200
451 174
823 475
394 913
989 888
127 896
738 43
532 172
954 867
46 133
408 350
765 247
574 719
769 472
689 236
120 530
278 217
553 229
34 794
504 614
9 352
314 858
166 735
978 291
459 539
406 317
749 88
457 148
221 298
21 98
832 974
303 128
137 242
37 688
755 172
568 618
810 784
241 768
883 420
676 958
190 529
725 954
898 124
633 312
913 531
447 384
520 28
987 339
599 916
671 371
809 369
846 884
214 794
