1000 4356
489 490 98
585 600 88
354 401 93
916 917 93
657 970 80
117 118 99
853 854 97
570 997 80
333 463 98
780 977 91
803 804 94
208 723 95
521 697 87
698 699 95
217 218 82
7 718 94
502 829 85
670 814 96
898 911 97
798 964 84
387 485 88
947 948 96
959 968 83
234 731 87
865 866 81
980 999 99
596 623 98
530 531 92
980 981 100
357 499 91
190 506 86
622 900 86
363 816 94
207 208 83
271 986 98
865 939 98
118 952 96
148 301 98
74 399 95
872 897 100
87 327 91
800 801 93
283 284 86
669 935 93
469 568 100
992 998 87
643 934 91
175 445 82
171 683 97
245 276 86
622 623 90
630 849 97
432 433 92
382 421 81
294 455 90
356 843 81
81 870 82
223 336 92
917 918 87
496 635 95
574 854 87
465 814 88
824 830 86
292 293 97
891 892 88
8 193 84
741 805 80
892 893 89
153 648 99
490 948 87
498 817 99
789 790 98
456 800 91
380 1000 97
354 785 92
898 975 89
693 957 92
366 367 89
547 904 96
391 634 84
190 954 98
743 792 91
309 618 98
124 910 95
999 1000 85
88 377 99
600 863 86
366 474 89
563 844 90
388 734 97
940 953 82
873 877 96
41 336 80
224 304 84
21 405 93
517 694 95
324 826 91
412 779 91
753 910 99
591 797 82
148 149 93
580 805 96
338 926 86
34 316 91
238 239 94
988 994 84
268 988 95
283 905 82
566 897 83
447 912 97
752 891 84
236 649 88
120 227 84
1 786 99
930 978 83
325 802 93
944 945 99
985 986 81
948 982 98
636 744 85
838 902 81
47 806 93
329 330 87
453 454 81
963 977 89
735 736 91
350 660 93
673 846 95
597 820 98
216 862 92
691 696 93
450 451 99
245 406 88
79 346 83
840 973 81
295 720 92
849 953 100
390 871 90
939 969 81
998 999 97
950 980 93
874 875 95
633 840 83
697 815 91
871 876 86
200 341 95
299 836 90
288 777 100
110 895 95
205 206 94
719 840 88
147 597 85
477 804 92
740 875 93
83 965 94
833 834 81
158 755 94
131 492 81
756 762 90
346 347 92
252 526 89
464 932 84
630 915 81
449 550 99
762 957 83
153 601 82
951 991 96
847 868 94
543 802 92
571 992 100
805 835 97
498 979 82
829 956 89
426 427 80
227 775 94
207 259 90
840 847 89
609 837 92
957 958 98
643 689 84
628 629 86
677 678 90
251 893 87
433 434 81
555 556 97
505 943 93
22 619 81
33 964 84
783 947 89
459 956 88
271 622 96
39 40 83
130 257 88
417 418 97
882 901 86
542 701 90
38 49 87
423 460 81
207 264 95
704 973 94
142 283 94
474 475 84
872 920 86
983 999 86
452 715 96
78 79 93
907 991 81
283 665 90
826 827 90
872 928 92
634 861 91
645 646 97
191 576 83
792 809 84
578 671 94
991 992 95
439 524 83
593 913 92
573 574 89
949 999 89
71 399 89
549 617 93
4 296 88
115 116 83
516 610 99
998 999 85
768 769 99
68 698 100
18 331 81
230 674 97
297 606 80
672 809 94
729 972 100
385 386 85
770 771 90
576 965 95
841 934 84
38 39 85
837 922 87
334 652 85
703 962 96
956 957 96
645 684 85
363 364 81
881 954 86
498 706 84
232 341 93
194 195 96
280 823 84
200 546 82
551 775 97
116 730 88
120 467 84
122 232 86
271 272 83
312 573 81
255 951 97
858 969 81
270 271 91
276 644 93
716 717 80
741 776 96
724 817 85
901 953 82
235 911 89
89 749 98
579 842 99
669 670 83
331 936 82
649 650 99
651 816 83
40 634 92
941 961 89
986 996 100
566 840 100
210 892 88
289 770 98
151 743 81
471 498 92
940 973 99
96 433 100
258 413 85
356 901 94
148 930 95
441 499 97
289 841 98
369 839 85
808 900 80
916 933 94
745 872 94
871 993 100
284 394 95
138 235 94
495 626 93
634 697 85
26 684 95
130 405 89
156 334 87
186 187 81
547 836 83
284 897 99
269 470 86
724 976 82
406 764 82
627 636 97
990 994 86
199 464 92
786 787 89
215 727 80
288 994 83
533 746 80
929 978 83
163 346 91
611 974 89
793 899 98
201 327 90
34 599 88
433 734 94
25 36 82
174 240 99
274 740 90
584 585 82
77 252 80
1 98 99
506 554 81
918 945 85
86 601 85
948 949 83
586 587 87
426 603 93
54 156 100
612 613 82
518 519 84
151 993 96
514 613 99
209 816 95
592 918 81
556 907 81
551 947 93
541 542 88
246 861 89
45 377 93
686 996 89
756 757 81
469 994 90
310 583 96
185 186 97
250 740 91
416 417 96
589 830 95
855 956 86
672 673 94
231 855 81
327 366 84
840 841 91
664 908 81
897 898 96
92 609 95
462 918 94
718 719 80
891 912 94
867 981 84
763 874 87
981 985 86
380 381 89
100 101 80
772 932 91
89 90 93
591 592 88
582 583 83
23 59 81
125 821 95
999 1000 86
945 988 83
828 994 85
685 686 84
243 796 91
887 889 84
27 445 85
360 739 86
923 961 85
461 600 100
714 908 89
301 599 97
73 427 98
793 819 88
760 986 91
604 605 91
965 989 82
9 495 100
256 288 88
245 646 95
267 634 95
25 806 83
601 605 89
736 737 86
357 718 95
633 732 82
302 308 93
125 126 92
344 565 93
83 113 84
109 367 82
792 877 83
219 986 92
909 939 82
526 527 93
735 913 82
292 457 87
249 829 99
624 810 94
468 676 90
355 447 94
303 871 92
141 142 80
53 54 86
498 899 81
171 928 83
61 425 84
676 701 84
800 872 88
298 482 83
621 622 83
950 973 96
408 898 83
970 1000 92
686 882 96
842 923 99
65 66 98
206 207 88
733 734 84
717 942 93
731 797 84
60 979 80
428 598 94
128 584 87
635 636 85
527 684 87
243 773 86
561 746 97
129 383 88
757 951 89
488 907 94
613 909 92
996 997 90
167 590 98
57 58 90
2 426 88
742 833 89
630 675 89
292 869 83
84 85 87
150 265 94
911 912 97
636 821 98
441 808 90
151 882 98
703 830 83
769 785 86
814 921 89
784 877 80
902 903 80
218 219 84
5 6 91
30 780 92
16 257 88
559 689 85
328 754 89
14 973 86
625 629 80
402 990 92
775 901 96
820 938 90
434 710 98
427 767 86
572 798 98
345 848 84
361 616 91
413 898 93
816 817 100
830 831 100
266 267 82
887 928 82
480 618 100
957 964 100
707 708 98
260 837 86
812 813 81
932 943 92
172 462 88
273 893 80
406 763 80
418 808 86
883 943 81
755 824 97
882 893 97
19 205 85
156 422 91
131 527 86
237 238 95
661 662 87
507 745 81
332 333 100
660 901 81
194 781 87
533 534 98
69 70 99
632 870 86
359 636 98
440 888 83
376 514 82
491 560 89
529 676 84
659 924 86
94 95 83
836 888 81
357 358 89
888 895 86
223 245 87
374 656 90
7 167 88
103 769 92
938 939 91
383 604 99
642 746 80
836 918 94
814 906 83
552 553 82
25 924 84
897 900 96
636 805 88
290 880 93
574 677 94
562 782 81
1 2 98
47 639 81
867 893 100
810 811 97
476 614 83
878 917 87
586 656 80
195 814 81
790 791 95
985 998 92
510 668 84
572 631 81
804 962 84
680 757 94
858 933 85
130 395 90
494 545 83
911 988 94
587 631 99
467 876 85
567 696 84
695 994 82
821 995 90
752 789 93
132 146 99
577 578 86
465 988 90
420 421 80
115 471 80
753 754 97
406 474 98
203 690 84
72 281 81
93 94 99
428 693 83
427 531 84
374 375 81
718 973 99
744 907 87
614 751 88
455 666 90
867 868 95
929 930 81
368 932 81
48 49 80
869 931 80
983 991 82
225 746 97
441 810 99
686 687 80
110 784 93
311 854 81
395 396 97
677 861 86
805 907 82
201 911 83
285 411 92
7 554 81
965 988 81
261 522 87
662 663 86
677 871 94
597 598 96
998 999 80
768 846 82
844 974 93
962 967 86
52 645 85
596 597 82
156 208 83
207 217 98
36 37 90
492 595 81
779 807 90
584 738 100
598 883 81
626 697 89
194 610 85
583 584 94
501 870 92
96 556 95
487 664 81
399 742 94
616 751 84
383 866 92
370 632 87
978 984 99
903 908 82
571 815 85
775 923 83
751 752 84
551 712 87
966 967 88
350 983 96
404 984 84
174 554 83
945 973 100
532 705 95
746 849 93
539 712 93
825 871 90
713 791 97
156 559 99
513 759 89
122 123 94
185 320 97
890 954 90
563 914 92
918 919 95
338 646 99
68 69 96
974 975 100
538 846 82
269 394 99
999 1000 88
716 717 83
13 286 89
212 594 90
127 836 90
500 858 86
340 341 100
316 641 91
30 839 98
568 897 96
951 952 93
641 867 89
502 841 100
187 188 85
991 998 90
524 747 97
673 898 95
997 998 80
273 274 89
690 982 97
860 1000 93
202 531 93
65 698 94
480 481 95
102 307 85
507 508 99
362 861 89
237 575 88
850 977 94
337 542 90
625 683 94
576 826 93
120 877 97
736 799 88
112 113 80
342 677 100
881 939 85
400 454 98
23 966 94
611 612 97
801 896 84
369 929 91
373 374 93
106 107 83
453 910 84
222 223 88
880 950 83
774 777 91
232 233 82
723 734 80
26 27 84
38 772 93
838 839 86
61 911 90
58 622 89
885 906 83
253 789 94
259 629 99
243 458 83
612 637 85
644 781 89
982 985 85
758 929 84
782 783 80
60 976 100
211 576 90
697 698 91
823 918 96
840 887 92
636 806 88
177 822 98
263 530 80
835 836 98
899 900 99
988 1000 91
450 666 81
500 559 81
88 89 100
679 944 92
419 420 91
832 889 86
578 886 85
841 875 91
269 415 99
793 964 80
27 624 91
909 948 85
668 723 80
780 859 80
82 135 99
379 758 98
77 78 98
695 696 81
546 547 85
339 800 97
896 945 91
496 560 93
843 844 93
725 726 83
122 343 97
311 699 94
323 626 80
866 897 83
211 212 87
837 918 91
490 491 86
848 960 97
965 966 87
741 742 82
787 877 81
920 937 94
314 829 89
55 56 82
344 428 80
123 168 80
682 929 98
457 854 98
551 552 86
767 768 90
631 737 96
706 711 81
809 894 81
152 963 95
221 222 93
569 990 96
250 251 92
699 878 95
498 499 96
674 859 93
85 287 93
520 581 84
511 527 95
416 927 86
11 534 95
171 788 93
949 978 86
447 751 81
43 552 99
588 721 98
846 847 94
750 925 97
155 590 84
441 907 86
694 695 95
846 847 89
675 943 88
226 227 81
462 463 87
946 953 88
782 900 81
48 293 83
180 181 86
791 804 93
267 463 90
577 637 92
798 799 82
624 625 91
469 912 82
315 316 85
409 410 85
201 311 89
500 501 80
747 748 83
972 976 82
322 323 96
435 864 91
412 413 87
421 820 96
690 984 92
501 502 96
221 902 86
676 940 90
223 441 90
643 857 92
845 954 92
312 313 82
504 758 97
149 150 100
841 842 92
35 394 82
387 728 80
627 697 84
179 180 95
576 577 86
374 999 89
325 542 97
495 824 92
856 857 98
610 964 80
801 936 100
139 538 84
846 953 87
643 845 81
416 805 92
986 999 92
145 590 100
791 792 93
808 973 85
108 109 99
888 916 98
641 642 97
852 987 91
636 999 99
605 606 93
382 383 91
44 588 80
123 308 89
515 516 80
50 51 84
706 707 95
405 498 100
495 799 85
990 991 96
454 940 99
148 993 83
291 890 87
872 956 100
63 64 99
18 19 99
712 922 97
47 48 92
319 508 93
138 871 94
789 946 93
760 892 92
281 282 85
314 987 97
39 673 88
750 751 85
637 869 85
127 128 93
202 203 82
938 969 98
229 360 80
308 801 100
957 970 88
605 626 97
651 728 98
105 106 80
437 438 91
935 952 91
774 803 92
913 995 80
629 630 86
241 242 88
9 55 99
910 985 81
390 421 91
461 795 97
933 950 89
636 731 87
629 643 90
173 427 95
680 968 98
254 349 100
802 845 99
851 932 93
548 890 92
90 702 98
158 834 87
235 236 89
884 916 98
925 935 94
962 982 94
9 207 90
643 890 93
412 971 98
556 739 84
883 884 91
316 488 80
478 658 89
593 594 86
949 965 80
931 938 97
370 853 84
614 665 80
870 880 98
655 768 92
74 262 89
413 414 99
468 995 80
770 995 100
386 387 87
553 554 81
451 592 97
873 981 81
472 473 99
736 755 87
174 254 99
611 825 87
763 764 90
886 996 82
17 18 95
959 965 81
20 22 82
511 966 100
610 773 97
624 759 94
659 665 81
648 760 85
450 686 87
791 872 92
354 355 82
364 365 80
330 922 95
783 841 100
975 997 87
590 738 86
606 939 91
240 241 93
863 864 88
565 898 98
949 992 100
66 123 97
303 948 95
132 887 99
629 973 81
108 567 92
905 934 87
448 595 95
128 129 81
414 777 92
617 899 83
820 933 97
337 496 89
162 596 92
600 817 86
834 914 88
219 301 95
594 711 83
935 997 82
337 345 83
637 798 83
442 630 87
717 718 85
406 584 81
810 822 91
418 668 92
684 934 95
344 387 82
170 614 98
540 606 87
952 973 87
657 658 85
325 405 92
568 569 87
802 939 84
804 809 100
973 998 100
391 392 87
844 972 99
792 824 93
608 708 95
608 836 96
441 784 93
64 366 90
932 994 100
903 977 98
15 70 80
152 578 93
641 967 100
966 967 100
53 524 100
248 465 85
6 887 90
515 951 88
707 858 96
264 887 97
795 903 80
778 850 89
983 984 81
440 675 86
759 760 100
134 135 93
823 1000 100
141 526 86
997 999 91
381 382 97
152 153 93
108 305 97
982 991 97
54 199 91
987 998 100
738 960 84
994 996 90
888 964 86
756 961 93
259 260 92
527 753 84
493 838 92
246 982 89
681 769 93
980 987 92
871 984 88
826 957 89
41 599 94
907 979 95
657 742 80
434 536 93
775 823 96
936 967 96
927 959 95
684 796 99
335 336 80
290 441 91
888 889 95
643 644 96
730 731 92
657 868 87
243 244 87
811 916 88
428 429 100
862 863 86
305 520 93
21 582 86
722 919 82
636 948 82
195 373 90
244 529 86
986 998 90
820 878 84
821 822 87
743 744 80
503 504 95
702 761 84
684 918 80
451 452 98
679 855 95
681 966 85
572 599 84
329 795 82
581 697 88
479 621 98
568 722 91
203 303 95
65 516 98
837 996 83
270 402 99
106 235 96
423 596 96
906 970 94
912 913 86
808 939 88
879 975 82
854 906 87
747 796 99
914 933 81
483 762 93
889 957 95
557 558 94
873 887 91
305 661 87
113 225 91
159 616 99
485 760 86
152 438 96
138 679 87
160 161 94
341 766 87
343 460 83
35 597 100
27 28 83
594 944 89
690 691 95
329 969 83
977 992 85
90 980 81
229 459 88
382 807 89
882 883 81
125 173 83
398 561 92
829 914 84
59 60 83
18 517 98
486 742 94
369 626 100
324 325 97
794 795 81
841 851 81
63 636 97
805 892 98
367 757 80
805 806 97
529 887 98
893 945 91
190 191 86
405 406 88
116 118 99
635 670 84
854 941 99
740 920 80
796 811 90
503 568 95
490 726 86
670 671 91
762 963 89
224 303 96
857 975 82
760 761 93
714 878 100
631 925 84
775 776 88
989 990 96
781 782 80
195 196 95
646 890 83
318 319 96
101 716 85
483 703 84
799 840 81
550 679 94
331 640 92
624 887 90
689 795 86
803 866 95
190 685 84
779 957 95
180 598 91
486 502 98
310 311 95
328 329 86
93 153 99
587 872 84
611 728 89
352 353 93
88 258 80
988 989 87
124 125 89
243 818 98
181 526 100
217 795 86
238 894 83
898 966 88
797 798 83
801 871 96
120 644 82
462 809 83
971 978 82
520 521 95
714 993 98
486 846 92
408 452 83
52 887 87
671 808 91
871 873 91
815 853 85
655 874 81
556 557 95
172 402 85
889 923 90
748 856 100
632 775 82
909 910 98
65 151 82
7 40 90
470 471 85
846 961 83
735 799 80
73 74 85
132 558 100
64 392 99
731 842 87
742 905 100
680 864 87
374 844 80
930 979 99
970 982 100
999 1000 95
214 485 82
382 528 88
994 998 81
407 902 99
853 916 86
869 955 100
818 912 86
149 637 87
964 975 96
973 974 86
482 483 98
321 322 93
531 562 89
569 845 98
765 787 86
632 796 82
514 515 83
6 389 80
690 809 81
149 517 93
34 130 96
45 355 81
984 985 96
699 920 82
424 425 84
385 833 100
689 952 81
417 745 94
340 665 88
981 999 83
539 873 93
89 870 91
614 876 94
785 786 89
491 492 83
253 639 92
519 656 83
778 881 86
599 875 83
352 462 91
404 692 81
703 704 87
547 633 88
674 801 82
205 811 97
173 174 85
407 968 98
979 982 100
351 352 89
321 748 100
253 757 87
296 845 82
940 992 98
118 502 97
472 575 93
635 763 93
519 681 100
388 663 98
354 633 88
724 900 94
139 582 90
707 857 99
870 871 96
730 821 86
100 229 84
884 964 86
155 854 80
163 220 89
659 908 85
417 958 99
36 850 98
329 650 83
99 795 100
282 724 90
697 754 100
410 613 92
978 985 87
610 832 96
490 613 84
929 996 86
155 663 94
261 801 83
610 895 89
531 675 96
280 952 86
571 599 87
944 1000 98
316 386 100
47 893 95
967 977 99
328 646 87
896 974 84
737 924 100
910 976 84
927 981 92
878 880 100
384 951 81
92 547 95
171 779 83
509 958 81
588 856 80
106 181 81
277 737 88
856 897 86
535 536 85
169 740 97
51 983 88
394 395 85
686 950 86
288 289 89
920 933 80
653 923 93
261 919 85
899 990 85
750 756 98
930 983 85
372 714 97
809 983 93
311 817 80
762 763 85
664 665 88
671 957 94
944 991 84
426 740 87
353 970 98
673 748 94
918 998 81
750 756 86
953 991 86
844 845 87
914 936 98
134 584 95
522 809 88
343 349 83
468 632 93
173 997 85
16 587 95
252 696 94
947 987 97
24 889 98
544 929 97
285 286 85
179 686 80
530 603 96
358 359 83
111 112 81
19 898 89
681 682 91
779 780 86
91 92 93
601 806 96
490 718 95
910 967 93
873 986 85
427 428 89
44 45 89
868 944 87
529 786 89
836 837 94
727 961 87
980 984 81
487 745 84
807 839 96
539 540 94
476 477 80
991 996 81
646 936 96
595 995 97
630 782 94
204 205 84
124 717 88
565 897 87
442 487 97
161 855 80
930 931 89
666 809 89
515 998 92
599 831 96
413 970 87
425 426 94
836 865 100
313 550 89
68 948 99
542 622 85
603 604 95
319 320 86
113 795 87
758 862 100
785 932 87
851 948 82
771 772 81
703 952 81
907 908 100
173 953 100
221 326 90
519 520 91
552 678 100
300 301 95
268 412 81
88 783 96
240 319 97
933 953 94
325 356 84
487 695 80
668 890 93
690 930 93
701 746 81
113 460 83
989 997 89
369 715 100
549 550 90
309 310 88
553 985 82
197 625 97
9 601 81
596 845 95
560 921 83
306 307 92
384 698 88
645 693 86
505 928 89
711 806 85
392 456 80
91 266 98
924 978 91
382 878 93
446 447 87
395 507 81
257 279 92
503 989 86
199 933 88
444 699 84
968 991 94
894 970 80
235 244 89
934 935 91
892 917 84
712 746 88
815 911 90
987 990 92
328 601 91
666 737 87
119 372 92
974 976 96
92 686 89
171 172 85
486 588 80
478 479 88
877 878 97
726 824 90
867 953 80
800 952 88
848 854 91
531 831 92
268 686 82
998 1000 85
915 990 93
674 675 99
445 922 95
461 788 84
287 892 97
640 727 93
631 703 84
875 998 100
316 847 86
76 688 84
294 355 93
648 890 84
354 755 92
435 560 88
264 606 94
251 252 84
346 779 90
642 841 99
957 963 85
27 392 93
183 478 86
850 851 83
888 1000 87
610 611 93
274 275 98
197 966 98
643 689 100
595 596 94
915 945 99
634 881 98
416 649 85
776 874 83
880 949 98
13 14 90
641 687 84
159 164 86
208 850 86
73 892 97
913 972 94
720 721 93
480 706 80
306 343 94
99 252 99
722 995 80
236 312 91
183 288 90
512 513 83
30 31 96
616 617 92
63 291 96
574 575 83
867 897 92
733 878 99
400 629 99
26 561 82
29 705 86
686 796 83
120 181 85
522 523 82
284 426 86
93 876 84
640 641 98
446 708 84
581 582 99
252 253 96
536 537 93
324 555 90
400 609 99
991 992 97
426 762 88
216 392 83
710 987 94
463 886 84
543 807 92
887 888 92
900 901 98
801 802 81
220 337 89
9 233 99
905 906 96
135 535 91
451 940 81
731 732 96
417 736 94
603 860 94
804 969 93
640 982 89
3 4 98
601 602 87
15 71 87
123 543 98
736 853 89
128 763 96
722 782 87
59 609 80
691 882 85
832 833 88
208 892 92
17 459 88
422 983 81
302 908 81
773 835 89
396 397 95
483 484 81
263 990 82
723 925 99
831 832 95
684 685 86
23 841 84
976 977 95
602 603 97
842 843 87
358 551 81
637 973 88
96 97 97
702 831 94
873 945 93
641 888 94
405 937 80
834 944 89
632 964 97
34 414 87
475 531 81
558 934 90
485 744 89
548 563 82
49 917 81
623 901 95
928 964 88
620 751 92
962 983 96
520 553 80
392 569 93
545 612 100
227 245 83
4 5 98
805 897 82
905 993 84
307 308 89
734 735 82
229 230 80
272 273 100
462 733 86
886 887 96
758 759 80
287 551 84
615 616 94
391 811 87
206 487 96
102 303 90
151 876 90
284 717 87
492 739 83
687 688 80
692 956 91
713 966 95
524 805 80
255 256 87
738 995 92
727 728 95
621 895 91
378 379 86
113 114 91
633 967 93
260 534 80
935 990 85
604 877 96
744 933 91
417 524 84
331 556 91
116 473 98
888 975 98
884 885 99
949 981 100
264 407 94
406 608 86
133 262 95
457 625 83
993 999 84
29 30 92
713 968 90
585 883 99
300 997 96
457 876 100
333 412 84
921 945 92
722 819 94
239 240 84
154 155 80
516 517 93
736 996 86
728 729 81
26 945 91
483 897 96
447 448 95
129 130 89
120 121 96
367 836 93
630 631 87
344 345 83
832 951 89
525 825 94
566 567 97
736 972 94
404 946 84
961 1000 85
783 854 96
394 516 89
783 966 88
813 814 81
278 279 91
204 422 86
837 966 83
186 730 87
57 663 87
330 569 81
414 594 97
385 439 87
486 497 96
933 934 83
230 600 84
389 390 91
668 695 91
191 192 85
262 511 89
953 977 89
766 767 96
313 370 87
104 207 88
396 824 94
326 935 98
254 737 89
835 942 98
947 960 97
693 694 100
310 944 89
719 815 88
617 618 97
502 503 92
738 848 89
33 775 86
545 546 91
610 757 91
828 829 86
376 492 81
797 940 94
586 893 85
692 693 83
540 728 90
38 164 99
282 819 99
342 440 98
302 303 82
955 984 92
172 510 95
810 910 83
271 528 80
414 415 81
920 983 81
230 247 85
480 548 94
552 587 86
854 866 99
676 679 88
256 257 92
459 503 80
896 897 97
73 544 90
281 389 92
270 363 82
423 529 88
751 839 91
854 855 97
941 942 84
116 117 94
299 376 97
492 493 90
885 928 84
603 826 89
484 796 82
134 207 85
182 319 87
626 981 83
30 885 91
43 749 88
447 612 96
262 709 92
815 964 98
488 593 100
913 978 96
893 903 81
981 992 90
339 674 93
878 883 93
954 955 99
879 917 85
740 741 100
560 971 99
367 787 90
109 466 83
618 980 97
706 795 90
627 639 84
994 999 92
931 953 82
988 991 97
621 955 93
986 994 86
663 932 80
584 627 95
446 933 87
615 631 98
264 271 80
74 90 88
246 247 91
31 479 80
899 914 88
172 832 98
599 600 86
22 23 96
508 509 88
357 506 96
360 481 95
195 808 94
868 952 100
649 975 89
256 601 82
472 837 81
349 543 85
480 688 92
20 302 88
791 947 87
527 528 82
140 141 83
484 485 84
875 924 83
184 717 95
23 24 84
242 361 91
529 661 91
690 894 99
715 905 83
313 924 95
106 632 89
790 897 88
15 16 93
408 596 83
19 197 80
328 541 81
411 412 96
74 120 88
176 838 81
331 832 94
525 526 96
949 972 86
178 179 99
863 957 97
717 800 86
47 899 81
367 619 92
567 658 89
436 611 81
408 797 93
332 454 99
101 102 83
575 726 96
431 627 83
350 351 92
842 977 97
889 948 95
854 905 95
189 190 90
624 662 97
234 508 83
68 387 80
71 108 85
362 363 95
554 776 98
962 988 100
689 794 86
271 769 84
485 486 89
120 435 97
677 830 88
515 592 99
625 626 88
648 817 90
343 344 94
993 995 80
167 214 81
45 46 83
513 762 85
964 965 82
481 482 99
310 311 87
732 875 85
813 865 85
583 995 93
594 873 90
305 734 94
655 711 98
303 675 89
255 753 90
502 828 82
505 895 87
728 789 97
356 995 92
68 157 91
285 842 97
665 666 90
53 320 81
691 841 100
675 937 98
783 887 99
338 339 90
397 714 92
274 345 92
645 964 96
956 976 81
705 797 94
385 778 95
255 594 80
101 362 99
549 707 100
316 317 90
817 887 93
804 805 93
709 868 88
291 363 93
155 895 82
907 953 97
334 999 99
136 137 90
525 707 99
117 292 81
262 320 80
901 949 83
557 693 93
293 683 96
660 704 93
825 826 92
497 815 92
454 491 81
749 826 87
419 796 81
455 484 84
70 71 83
984 990 89
200 245 92
356 484 93
510 511 100
196 197 84
108 604 100
291 633 80
961 991 83
132 133 85
516 850 98
17 749 98
622 761 80
926 995 82
454 814 82
742 960 94
339 618 86
193 356 100
834 946 90
57 629 91
37 819 90
702 840 86
943 998 97
889 903 80
488 839 81
494 546 80
945 999 90
849 872 84
923 927 87
226 986 97
817 818 91
6 7 91
323 324 100
168 169 82
722 927 100
864 912 95
699 734 95
173 595 90
339 340 81
345 439 95
956 999 84
578 579 100
370 840 80
838 897 100
276 277 93
517 918 91
542 630 94
441 527 97
220 221 96
227 928 95
867 967 94
229 742 87
195 241 82
619 918 86
589 590 96
156 157 97
521 843 88
469 470 84
573 920 80
630 940 86
810 844 91
931 965 92
340 994 90
353 354 84
774 775 92
133 134 90
942 958 87
749 957 86
985 986 86
837 949 90
542 554 82
901 902 94
192 193 86
657 823 81
173 325 87
687 875 96
647 897 91
700 953 82
706 860 83
958 994 80
317 589 93
934 958 92
322 624 98
313 314 100
568 669 99
481 833 100
154 540 99
406 858 86
143 847 94
684 951 89
746 771 88
447 652 100
925 998 99
375 547 90
848 861 85
623 693 87
457 458 96
545 690 99
747 780 90
130 274 95
706 994 96
206 580 82
980 990 95
558 559 92
21 616 98
162 836 95
814 815 97
123 840 80
660 910 80
663 811 82
388 389 97
262 556 87
516 725 81
179 799 100
505 506 84
609 744 93
710 918 84
416 665 96
931 974 88
38 574 80
935 936 90
120 298 88
228 229 91
321 639 80
341 755 100
966 987 88
163 164 92
323 584 91
562 602 99
522 550 86
341 620 81
534 594 93
634 812 96
925 937 93
844 923 89
809 810 92
578 681 98
748 749 98
286 951 93
751 813 91
535 847 86
691 875 92
277 631 93
665 840 88
617 946 98
635 687 91
318 782 89
953 954 98
391 538 82
890 981 99
416 726 89
798 873 98
395 605 85
777 778 84
468 469 94
671 814 82
35 132 94
757 944 92
80 81 92
197 675 90
789 980 96
264 906 83
597 711 82
506 507 88
610 837 98
255 798 89
978 979 97
234 330 90
22 255 88
293 675 87
99 100 100
482 537 96
155 843 100
219 220 85
526 613 90
408 409 100
487 593 81
444 908 96
679 730 97
689 739 89
771 926 87
872 991 96
815 816 92
793 984 91
812 867 84
254 453 80
491 767 88
101 192 91
696 697 99
659 660 90
74 653 92
898 899 95
829 854 82
914 916 98
721 802 94
52 53 97
325 593 84
73 925 80
815 831 98
939 940 90
155 759 95
848 860 97
920 953 98
683 849 93
160 873 97
786 901 90
760 855 94
891 892 91
522 754 94
913 948 93
755 926 92
797 869 96
276 528 86
850 933 99
209 210 83
454 705 80
835 936 84
66 67 90
887 946 93
871 940 83
710 820 98
599 636 83
568 698 83
608 717 98
13 767 83
109 562 86
688 713 97
158 506 94
879 975 93
406 407 89
626 627 99
423 544 85
165 168 87
290 556 88
226 967 80
749 894 100
816 951 92
60 284 80
20 879 93
989 993 94
197 208 84
455 456 80
354 719 91
86 512 81
10 468 87
951 963 84
577 693 83
121 968 98
13 763 97
43 971 88
355 356 86
596 750 87
873 923 82
659 744 85
465 909 95
110 469 88
454 614 98
718 818 91
837 838 87
957 971 97
592 593 93
402 403 98
147 910 84
762 841 83
331 913 86
721 935 87
212 213 100
544 658 94
304 305 87
672 964 93
459 660 92
921 922 91
819 913 92
367 368 84
71 630 90
79 342 89
540 775 80
617 800 84
312 783 88
156 312 91
545 757 83
721 879 98
125 624 81
442 721 94
762 765 81
534 713 83
175 618 87
521 928 95
570 571 92
466 467 80
50 348 88
651 652 93
400 754 86
369 370 96
453 799 97
250 667 82
861 982 94
102 103 97
561 562 85
738 739 99
996 1000 82
372 975 81
756 783 89
765 768 98
19 813 99
867 938 100
654 655 92
138 329 85
227 741 80
528 760 92
10 23 88
737 866 99
282 283 98
751 917 95
84 367 97
6 807 88
849 966 87
536 686 82
880 996 92
153 885 96
884 933 81
273 960 97
715 716 85
12 478 85
822 973 82
103 104 90
391 905 83
543 785 88
406 546 81
770 890 82
594 595 96
361 639 87
137 507 93
580 886 83
744 898 86
180 541 81
964 981 98
20 21 83
48 687 82
512 626 87
648 649 84
936 937 85
845 869 90
387 858 90
994 995 98
302 734 97
701 729 99
164 353 91
348 902 87
808 859 88
850 951 84
54 318 80
951 954 86
940 958 94
834 835 87
486 633 99
580 734 95
198 199 81
744 982 89
515 859 90
90 91 86
410 726 81
746 748 99
749 750 88
383 384 88
992 993 94
618 837 95
671 807 82
926 927 81
495 926 89
182 183 82
197 198 93
12 385 99
731 737 99
387 388 95
658 659 99
497 865 86
794 903 93
908 980 83
16 17 100
477 726 93
159 468 86
224 225 100
376 377 80
278 572 83
907 941 92
92 629 87
503 967 97
261 262 97
922 923 88
66 374 89
203 204 96
731 769 98
724 725 86
912 940 94
199 408 98
241 265 85
603 917 89
692 791 80
881 882 92
310 853 93
945 995 84
308 540 91
726 972 97
684 695 82
345 396 99
432 676 95
209 908 81
576 880 84
15 191 89
819 905 80
489 829 88
686 964 84
767 904 98
262 263 94
262 274 87
691 831 96
575 682 85
303 951 82
593 956 90
43 138 93
760 800 97
399 400 83
187 218 96
63 866 89
851 907 96
691 822 82
602 993 84
525 780 89
910 989 98
920 921 94
42 43 84
312 798 100
148 908 94
778 779 97
866 867 84
473 474 91
201 202 85
786 816 97
987 997 82
635 755 83
118 407 89
261 456 100
195 360 100
384 385 94
345 838 93
783 784 81
667 670 86
334 335 98
586 980 94
532 533 87
991 992 100
78 468 96
357 838 92
919 977 97
764 765 88
167 752 91
773 774 100
324 941 97
410 411 85
379 380 98
421 422 88
489 621 100
203 761 82
792 868 88
808 965 89
808 809 83
39 141 92
371 727 82
982 997 88
767 871 96
18 359 81
344 715 94
294 686 85
465 999 87
946 986 84
989 1000 90
769 951 100
726 802 97
697 772 89
137 138 93
407 634 85
496 670 95
724 728 84
699 700 80
207 218 87
254 397 84
945 986 87
35 36 93
123 538 84
489 889 80
582 965 91
242 243 95
662 999 82
258 677 81
531 734 80
225 478 87
776 876 85
300 685 98
986 988 82
464 691 81
950 951 98
726 727 92
206 307 84
864 999 93
277 766 98
862 987 87
834 842 86
792 793 100
508 866 85
977 984 96
735 864 95
896 944 92
155 156 88
829 909 86
764 965 86
46 693 84
156 416 92
975 992 89
440 829 96
997 999 93
463 904 83
269 825 87
40 41 87
750 971 82
640 680 96
687 869 91
816 904 99
849 850 93
506 972 89
499 500 95
785 812 97
636 801 92
973 998 99
2 3 87
293 294 80
423 879 92
691 692 95
270 385 100
83 84 85
277 278 84
167 253 83
554 555 100
381 685 98
727 983 89
568 841 80
978 988 95
596 799 89
25 26 89
159 160 89
999 1000 86
702 954 81
595 761 94
46 554 93
139 946 98
177 814 100
964 987 94
174 175 91
964 994 89
974 977 97
569 748 99
291 615 91
601 830 84
745 774 82
677 904 80
507 792 99
632 633 81
251 389 84
249 686 84
848 849 100
113 306 81
434 435 98
911 941 80
915 939 97
614 615 88
672 883 89
441 442 85
232 343 90
763 864 84
11 685 99
343 510 83
979 980 86
907 916 94
200 209 100
869 881 92
451 991 93
561 692 91
761 762 80
233 726 100
401 402 94
188 189 82
972 996 84
301 302 92
899 945 96
683 684 80
95 792 90
78 911 94
348 349 93
264 265 93
959 960 96
462 521 88
453 483 88
51 52 93
968 969 91
420 641 87
287 989 81
15 925 88
710 711 90
858 926 93
883 896 92
724 940 91
9 975 80
753 819 89
495 496 94
454 630 91
133 411 87
729 849 86
221 545 90
401 822 95
359 360 97
867 912 92
701 805 98
717 952 93
972 985 82
365 366 94
511 567 96
742 743 84
991 995 90
466 985 99
616 872 96
723 878 86
382 427 80
480 525 95
706 814 84
131 157 90
329 831 99
945 946 91
16 430 84
745 746 95
891 984 82
629 779 93
395 617 96
647 664 81
394 406 91
706 867 84
569 570 92
147 148 92
621 960 95
606 607 82
803 850 96
737 853 80
524 958 96
235 352 95
527 649 83
755 814 98
2 211 97
636 889 95
889 890 84
258 259 89
603 849 100
643 947 92
472 901 90
823 824 97
518 552 84
546 991 94
317 318 100
531 605 94
216 217 95
613 699 100
666 782 96
104 603 95
638 639 82
992 998 94
6 250 89
321 412 86
678 679 91
901 966 81
559 560 86
219 958 86
982 983 93
69 330 99
877 881 84
253 495 98
61 62 83
570 698 91
711 942 90
934 938 88
75 76 81
153 154 92
971 981 96
880 881 87
118 733 92
45 157 91
792 953 94
739 827 86
887 975 96
734 737 96
969 978 86
207 717 99
118 592 92
9 564 91
903 904 82
413 700 96
824 940 82
121 122 94
608 857 98
142 300 87
423 908 96
560 561 98
794 877 95
880 978 82
10 334 98
872 873 96
771 901 80
562 956 98
151 152 91
37 514 98
855 953 81
464 465 91
333 420 87
197 751 97
256 636 92
865 935 89
274 591 83
605 883 92
434 451 80
205 752 93
263 264 95
548 944 100
171 789 88
126 328 90
413 550 90
564 981 80
689 690 98
924 925 88
406 716 98
950 977 88
189 300 85
575 587 95
88 737 80
351 553 99
642 761 89
548 981 83
591 788 90
858 859 81
230 382 90
764 957 80
27 353 100
921 944 96
673 674 98
114 115 82
754 961 80
34 536 95
560 615 98
481 923 84
87 872 97
886 911 95
110 111 99
163 991 81
998 1000 100
458 700 89
632 929 85
273 945 88
738 993 93
773 837 99
899 998 91
231 441 89
214 453 81
683 960 96
381 777 93
929 993 85
619 835 93
721 722 83
655 785 88
365 405 91
119 639 93
775 986 81
746 875 93
193 918 86
686 723 87
924 972 99
682 729 96
756 809 81
866 919 81
609 656 86
800 803 99
625 891 95
283 365 97
572 573 92
727 801 100
595 916 89
475 832 83
159 302 96
272 614 83
580 581 86
868 869 89
855 905 98
49 524 86
847 942 87
652 914 100
221 480 96
464 943 95
733 939 83
294 295 84
197 320 99
140 412 94
390 812 95
128 702 96
385 415 95
774 794 99
231 273 81
607 608 99
453 588 89
688 996 83
790 848 98
12 509 93
548 798 97
722 763 98
10 11 100
998 1000 85
253 254 89
973 987 83
571 572 91
732 733 90
894 952 99
922 997 81
803 926 100
86 629 89
247 248 80
36 259 92
965 971 98
512 658 100
897 974 95
141 164 87
800 910 81
336 549 93
117 492 82
938 967 84
609 870 94
839 922 81
63 458 86
613 614 86
177 542 89
436 437 100
685 940 98
347 348 93
460 461 93
124 504 97
915 916 86
248 661 82
796 880 90
947 998 94
179 342 91
542 543 97
72 114 80
389 739 97
906 952 96
430 749 98
169 170 91
106 240 80
555 961 96
972 973 80
290 717 81
439 968 96
544 545 96
83 439 88
64 65 85
943 980 100
286 287 94
60 61 98
236 237 91
813 959 100
33 34 95
964 990 92
815 866 88
279 878 83
561 700 90
285 508 95
179 705 95
772 773 100
445 446 94
132 635 84
449 939 83
796 797 93
577 648 97
215 216 99
318 632 97
72 406 88
747 994 99
511 835 91
565 566 80
49 50 91
85 86 86
279 463 83
679 680 86
293 885 100
739 838 89
66 82 85
871 872 84
31 87 91
19 388 91
422 423 97
772 788 97
801 943 87
290 764 85
408 992 83
513 514 94
178 542 93
911 981 83
181 182 89
824 924 100
209 373 90
429 803 93
135 326 81
340 364 96
275 512 97
479 565 82
337 827 92
331 332 100
54 402 80
49 951 83
887 957 84
507 931 85
824 825 82
788 811 93
821 857 97
564 565 82
492 763 82
457 742 88
92 486 100
376 975 95
919 963 89
967 981 91
119 343 95
750 873 86
708 782 93
876 891 96
684 855 94
97 675 81
427 529 94
273 511 96
836 990 82
165 988 80
218 755 89
702 703 82
268 989 95
653 977 82
357 599 84
492 900 87
172 173 83
444 445 86
869 923 97
727 843 100
994 997 96
550 932 94
742 949 88
719 720 88
252 682 89
403 636 89
270 346 86
575 870 82
699 869 83
734 779 84
635 936 98
307 339 94
16 482 86
701 702 80
830 974 100
423 424 90
199 821 95
921 968 80
593 637 86
944 946 95
273 827 85
176 177 88
568 885 93
273 429 88
188 475 90
831 919 89
646 677 86
717 864 81
739 740 96
541 671 84
752 794 97
752 753 82
161 942 100
861 962 86
859 860 86
913 914 95
22 921 92
84 772 95
987 989 84
697 721 88
898 968 90
523 527 96
552 774 86
328 408 97
50 965 89
419 848 81
438 796 83
263 758 81
448 449 95
999 1000 80
618 843 89
31 32 97
707 752 95
997 998 94
570 969 93
139 448 100
702 995 93
670 917 91
459 460 82
567 568 96
817 980 98
674 931 91
922 927 88
17 235 80
297 498 88
155 728 100
334 799 81
956 957 81
20 745 100
605 909 97
461 862 97
820 833 95
653 680 98
72 73 98
134 191 89
212 266 92
705 706 97
415 416 93
215 234 89
314 597 96
18 121 98
493 494 93
118 695 91
278 321 85
505 635 82
393 731 86
969 984 82
34 356 80
639 640 96
440 549 84
391 612 80
684 784 94
439 548 83
268 269 99
371 611 83
41 543 91
862 895 83
398 399 83
738 793 94
681 726 96
655 952 80
341 609 90
688 689 93
625 761 85
633 634 100
948 982 81
163 979 90
917 982 100
481 614 96
180 995 80
461 924 83
317 466 88
124 450 99
843 851 97
139 140 99
559 693 85
930 974 88
371 372 95
95 96 91
458 480 96
669 781 94
602 673 90
723 724 81
16 470 92
795 796 93
197 630 92
213 214 92
387 469 80
833 888 80
270 779 81
864 865 92
909 921 97
108 690 87
543 544 94
338 778 98
673 981 91
173 252 93
26 882 80
982 991 89
826 956 82
799 800 88
751 780 88
667 950 91
449 599 93
824 852 88
43 841 87
986 987 95
499 541 93
308 309 87
869 946 92
412 434 87
709 777 89
526 757 83
816 849 80
361 362 86
428 765 85
58 174 92
122 222 95
711 731 82
801 974 99
762 801 86
471 472 87
301 329 100
751 954 98
498 603 87
581 937 91
449 450 94
460 673 80
257 258 96
676 677 84
713 714 82
297 597 92
954 976 100
806 843 80
827 961 98
708 709 81
709 971 87
804 817 95
388 439 82
483 888 99
296 687 95
636 637 94
581 750 90
78 901 99
804 990 100
561 678 86
637 908 87
931 932 85
415 663 80
495 976 98
788 959 99
314 315 94
75 579 85
267 268 80
279 280 96
970 1000 88
946 947 83
256 726 95
119 997 80
530 668 93
714 862 86
987 999 84
297 298 98
860 861 97
401 445 81
582 863 87
42 351 85
126 127 99
179 528 97
583 744 84
294 700 91
550 664 81
320 650 80
580 616 80
673 926 92
751 762 93
259 907 87
270 868 84
220 417 94
957 997 88
481 528 98
744 745 84
782 843 89
695 820 86
648 856 88
717 846 88
683 820 95
484 858 100
185 707 80
285 464 99
100 513 88
218 526 84
508 519 97
208 420 86
442 790 100
472 811 84
491 888 89
92 93 96
418 419 94
316 401 82
381 571 96
826 843 94
532 788 100
460 566 96
750 903 87
439 661 93
106 253 95
371 585 100
905 980 95
765 790 90
654 935 81
520 621 97
712 713 95
497 915 96
955 956 98
122 815 95
123 124 95
883 910 91
379 668 87
675 750 97
694 978 80
963 964 88
214 372 83
199 200 94
53 140 96
12 245 83
977 995 93
463 464 80
562 563 99
268 843 95
10 742 95
360 361 85
610 828 100
925 953 87
339 919 87
810 898 89
741 750 92
297 808 84
392 393 96
922 995 80
532 887 100
461 462 89
455 485 80
877 893 95
771 967 96
894 895 82
866 882 93
484 717 82
78 297 100
440 441 100
404 635 97
23 266 85
911 918 96
142 913 86
37 764 100
925 947 89
427 682 89
175 176 81
514 820 98
86 87 95
65 149 84
578 914 82
377 402 82
378 501 84
547 548 97
96 748 81
150 151 86
924 957 86
55 431 91
210 211 99
74 75 89
919 920 98
165 901 92
682 683 95
716 866 100
318 957 94
244 245 87
855 856 93
107 862 83
312 781 87
896 984 85
7 11 96
952 997 99
675 951 83
374 884 86
531 704 93
390 391 97
776 777 82
916 978 93
342 343 82
609 610 96
397 398 98
309 622 95
242 656 89
714 715 95
960 965 96
818 989 99
373 755 88
410 724 82
661 961 92
987 992 89
564 778 94
691 975 83
110 928 83
208 209 91
720 767 90
940 941 80
801 925 91
998 1000 87
783 947 92
290 749 96
810 931 80
830 867 96
749 778 92
924 925 88
598 599 97
590 591 96
924 939 100
993 994 90
765 908 81
795 999 92
25 388 89
875 923 92
458 459 84
241 388 97
165 166 84
29 531 88
446 696 95
381 712 98
704 813 90
834 892 98
372 753 80
938 947 89
356 357 85
497 500 97
729 911 90
251 796 97
274 626 99
337 391 85
548 549 100
760 905 100
192 554 81
488 822 90
855 938 91
825 993 100
136 199 96
187 365 91
428 573 97
563 564 100
433 889 97
623 855 88
494 495 92
65 813 86
652 702 83
770 797 89
29 144 97
565 793 91
269 826 81
948 971 86
32 33 95
214 215 99
431 749 91
931 949 92
828 852 88
365 366 81
266 543 87
929 988 100
34 938 80
710 942 97
7 646 97
16 208 98
280 281 88
878 879 83
318 589 91
145 146 87
715 750 85
720 921 94
953 967 93
969 970 85
379 586 83
475 476 96
845 944 83
518 950 83
281 299 94
952 953 98
351 782 92
660 838 81
403 688 98
798 930 98
755 822 94
578 786 82
618 745 94
320 322 89
249 636 89
742 770 80
802 803 93
69 427 88
367 509 96
738 980 83
8 60 84
818 819 81
74 451 92
498 525 94
486 686 97
327 328 86
861 862 87
587 588 95
760 834 85
161 625 98
928 929 92
963 964 83
798 949 93
56 738 85
739 789 88
34 35 95
126 158 93
957 990 83
451 523 97
266 978 84
541 803 90
353 494 98
945 978 84
974 976 92
477 478 90
277 786 82
534 603 84
305 988 97
108 694 100
746 747 98
866 942 81
203 620 85
157 158 84
189 536 100
809 956 92
271 843 82
932 933 94
699 947 85
906 907 84
142 143 100
838 914 80
265 505 80
709 710 91
432 645 87
930 945 99
25 441 81
515 876 85
130 572 99
985 997 84
416 498 87
535 637 99
837 990 82
54 55 85
952 955 86
567 617 99
482 573 80
254 460 97
680 911 100
908 995 89
840 999 100
609 841 83
701 834 97
159 252 81
94 172 94
829 830 99
849 851 80
367 562 94
321 814 100
842 940 91
95 766 96
226 670 98
168 852 96
869 870 93
416 940 80
917 929 86
725 910 88
661 739 86
490 991 100
628 645 89
718 747 83
40 237 93
390 757 89
131 132 95
534 999 81
475 921 93
402 530 99
341 342 100
284 285 80
250 448 82
79 80 94
451 858 91
223 804 83
126 575 81
47 842 95
430 639 93
733 767 82
465 466 81
848 895 86
239 884 95
282 626 80
847 848 85
305 306 88
908 909 92
975 987 83
135 136 83
517 518 100
337 338 85
3 172 97
478 727 88
201 663 80
487 488 98
349 641 99
269 270 96
223 224 94
262 624 95
329 608 95
159 161 85
363 739 90
960 961 84
177 178 93
609 808 80
951 966 100
19 20 83
87 88 98
575 843 90
779 986 82
842 904 86
984 992 93
404 405 89
352 490 88
158 692 92
435 858 98
329 479 85
82 498 96
920 954 98
818 912 90
89 775 86
898 914 88
298 299 92
236 398 80
704 979 81
876 877 98
282 901 100
409 910 87
630 832 84
618 619 82
975 976 91
780 781 90
466 504 98
186 814 95
508 845 80
532 832 90
79 142 96
521 616 88
138 139 98
531 532 96
788 789 80
55 899 88
434 598 100
529 991 83
317 441 91
997 998 90
377 977 86
437 752 82
576 736 90
23 337 100
219 635 84
851 852 94
89 783 88
625 716 93
578 904 81
75 268 99
937 938 85
284 838 100
397 563 99
454 455 96
944 984 94
736 806 96
500 945 95
202 549 86
482 839 86
586 971 87
255 857 98
58 59 98
742 928 93
575 576 92
11 12 88
190 601 88
287 288 82
389 820 98
237 905 89
867 918 93
569 853 86
995 996 82
683 685 94
655 680 91
991 998 98
795 834 85
103 425 96
320 570 86
563 913 100
725 997 87
5 74 94
535 593 84
535 623 91
230 231 82
345 346 88
844 972 82
377 378 89
291 333 88
960 986 94
675 701 93
407 408 87
973 998 83
376 597 95
787 788 85
279 549 86
680 681 92
199 744 91
221 417 92
71 815 95
761 875 92
467 468 99
773 934 92
573 786 86
239 901 87
394 700 97
541 671 90
597 655 99
552 938 90
226 278 91
637 638 83
13 46 95
400 603 90
62 741 98
374 865 88
398 486 95
62 184 94
700 701 92
671 672 100
978 985 100
990 992 89
128 245 90
429 430 98
627 628 84
375 696 91
671 992 97
520 960 97
1 384 99
800 903 88
259 810 100
535 990 81
4 984 89
621 817 86
911 968 100
441 444 92
470 932 88
722 777 90
793 794 100
103 468 95
620 621 92
844 957 95
397 881 94
248 350 97
795 917 89
359 580 96
22 473 86
943 944 98
809 915 88
379 636 83
771 899 87
496 497 84
56 57 90
812 943 92
680 961 93
397 446 99
875 876 80
185 954 94
543 954 80
247 437 89
377 454 94
231 232 82
93 810 97
784 785 95
879 880 83
435 589 81
170 171 86
225 226 80
320 823 91
279 709 90
74 914 91
13 987 85
504 743 84
266 315 88
193 648 81
200 287 82
275 276 85
248 431 87
540 541 85
525 612 97
633 699 83
197 269 91
431 432 96
381 498 95
861 917 87
325 326 93
495 777 95
37 98 89
729 730 89
521 522 83
737 738 84
641 890 97
822 823 88
262 483 94
990 1000 92
372 984 97
624 932 88
805 810 87
46 47 89
172 911 84
796 825 82
563 970 89
972 1000 90
556 701 100
14 177 99
113 438 87
699 832 99
450 519 80
488 940 97
295 296 85
107 784 85
265 266 91
933 979 82
726 843 93
789 924 99
484 878 80
191 979 88
744 910 100
682 810 80
347 937 94
466 967 95
48 980 81
62 345 90
931 994 87
351 535 84
357 546 88
132 948 89
98 99 86
443 444 97
246 698 83
227 228 100
958 959 92
66 926 82
763 888 96
866 879 93
652 653 92
227 601 91
480 630 84
352 383 90
962 966 100
908 922 95
639 819 88
368 369 84
296 297 98
952 953 82
930 994 86
826 891 95
871 893 99
566 840 98
793 956 98
209 699 97
193 816 85
907 913 90
28 116 98
634 635 96
930 932 100
696 903 83
650 651 97
438 439 87
326 327 99
557 819 92
921 995 94
704 705 88
320 321 97
939 958 95
713 751 92
550 551 91
53 105 99
560 840 81
762 982 89
944 981 90
367 724 96
990 999 83
552 730 94
968 976 90
593 871 97
678 920 82
418 500 97
881 887 91
183 184 82
839 840 80
143 144 98
967 968 98
719 755 98
941 980 94
761 787 90
283 488 90
851 942 88
791 802 80
456 457 98
175 712 98
103 956 80
538 539 92
245 246 86
911 999 88
955 967 86
784 961 87
653 654 88
646 993 84
942 995 86
604 815 95
9 10 85
982 996 88
148 782 97
670 960 86
760 929 96
711 712 80
261 563 90
534 535 99
313 691 82
92 900 96
284 482 97
668 669 94
82 83 80
905 914 80
273 985 93
357 896 84
28 749 92
524 525 94
585 586 96
74 393 99
43 44 97
197 438 87
178 787 86
33 949 81
296 324 98
37 38 98
620 907 92
686 824 81
327 984 92
827 855 87
656 657 94
13 403 95
21 132 92
734 845 81
971 987 100
330 580 95
193 320 84
336 337 96
61 469 83
515 916 80
440 717 83
804 835 80
595 720 93
153 260 95
180 683 97
669 921 99
245 378 82
248 249 92
488 489 96
322 349 94
726 795 85
404 712 87
7 8 86
37 232 93
832 923 92
684 845 90
22 639 94
372 373 98
103 916 92
629 750 97
688 701 98
987 994 90
298 463 93
247 555 100
552 934 99
706 884 88
93 454 93
993 994 89
962 963 95
194 371 91
98 813 93
531 765 95
904 905 95
347 645 91
543 707 91
642 990 96
164 165 88
655 656 93
927 928 84
523 524 90
400 835 95
740 844 94
757 758 96
504 505 100
190 907 96
579 656 99
249 250 91
633 770 82
466 885 91
988 998 82
477 564 92
754 755 87
836 913 93
139 909 84
57 210 84
760 825 93
819 820 83
592 728 86
602 654 88
810 890 90
376 544 93
826 928 95
408 944 99
109 110 86
30 888 97
808 832 96
660 661 90
667 761 100
430 431 91
736 784 89
299 300 84
999 1000 88
388 889 85
583 805 83
989 997 90
338 650 98
722 736 95
487 642 86
30 463 85
144 174 99
344 351 82
93 173 82
539 669 81
247 706 91
72 127 85
624 778 80
880 911 97
828 841 85
956 985 89
798 878 80
827 828 80
805 968 89
428 982 99
437 952 82
792 798 84
564 649 90
337 816 94
954 974 90
960 1000 100
31 362 86
647 648 91
472 824 97
452 453 88
257 676 85
368 590 94
992 993 97
584 965 89
217 549 85
125 779 99
39 989 100
820 821 85
274 540 91
41 42 100
8 9 86
987 999 91
309 526 80
556 995 84
765 766 82
406 486 90
933 951 88
341 641 92
712 834 97
528 911 84
119 120 84
471 840 100
435 436 89
14 15 80
191 237 86
479 480 90
895 896 97
158 159 80
431 812 89
977 982 94
340 632 96
81 82 96
474 981 99
4 500 100
58 453 91
903 931 98
217 963 82
797 952 93
806 807 83
652 769 94
348 493 89
844 962 86
624 784 90
801 926 80
756 971 88
646 647 96
711 713 95
362 695 87
225 438 90
985 988 82
152 511 88
276 312 88
489 519 80
529 530 95
414 560 90
91 814 88
623 624 82
63 418 80
442 892 84
621 822 82
456 520 83
61 482 88
555 859 91
388 567 87
519 540 83
896 940 80
722 723 88
689 716 95
574 678 100
961 998 87
770 853 88
597 749 93
722 865 93
961 962 91
833 992 88
666 667 81
567 623 100
114 739 86
807 808 93
608 609 97
81 884 92
564 772 96
130 347 99
914 915 94
619 620 95
74 845 94
938 967 86
516 540 91
449 494 90
118 119 92
32 707 84
654 840 97
229 737 95
661 663 92
801 928 93
675 676 88
400 610 95
992 998 87
163 692 83
420 910 81
482 754 87
755 904 93
990 998 83
30 779 91
834 955 88
834 981 87
292 787 98
489 865 90
150 866 97
810 994 88
852 853 100
289 290 82
376 947 100
318 532 81
395 527 98
856 980 97
488 950 89
162 163 92
520 974 98
318 724 100
977 978 81
388 476 84
9 805 81
393 394 85
766 867 89
65 756 84
144 145 90
462 717 97
477 517 80
161 490 82
380 753 91
112 134 85
806 808 86
413 843 94
509 813 99
881 978 100
925 926 99
134 452 99
948 962 100
58 141 81
462 654 99
193 194 80
379 944 83
987 988 95
553 792 98
51 485 84
28 29 95
652 737 82
868 897 85
973 996 88
644 645 88
631 632 89
425 622 83
283 598 99
831 915 99
444 801 88
574 868 94
141 238 86
863 951 88
971 979 84
61 264 91
661 741 91
349 350 90
31 106 80
811 812 99
732 818 99
310 400 94
311 312 93
627 749 97
720 920 86
676 752 83
371 729 99
721 774 95
333 334 89
538 710 81
472 694 90
102 980 80
552 814 86
368 543 86
549 634 94
606 849 93
660 699 87
251 797 89
955 957 82
20 920 84
865 964 84
893 947 94
732 889 81
337 462 96
369 505 83
970 971 90
200 201 81
287 507 84
877 922 84
509 813 84
987 994 99
537 902 84
888 974 98
312 787 81
804 864 100
184 185 94
627 780 100
41 110 89
876 929 92
588 589 82
142 301 98
579 580 90
486 487 87
179 336 88
960 961 87
159 671 99
130 131 89
986 991 88
933 999 100
110 264 83
226 806 98
370 371 87
525 958 94
37 184 93
856 914 99
67 68 94
254 255 90
181 462 100
152 597 82
146 147 90
274 885 86
761 933 92
582 840 92
67 944 88
499 954 83
316 646 85
290 291 90
531 782 98
974 988 90
330 331 88
449 505 86
86 484 82
221 658 85
303 304 98
353 874 96
537 538 92
972 973 98
709 829 98
215 569 86
779 991 81
526 562 99
485 654 94
326 412 83
855 916 89
777 854 90
825 858 83
658 764 91
973 974 99
292 737 81
457 752 88
273 933 92
530 672 92
60 604 83
50 582 94
511 512 87
23 569 82
76 77 95
857 874 83
509 510 85
574 886 85
846 913 83
769 770 80
97 98 83
260 261 95
862 998 81
573 839 86
157 937 95
788 943 80
41 634 88
442 443 89
857 858 94
83 820 87
17 725 84
942 943 100
328 918 81
533 598 84
884 895 91
845 846 95
216 996 90
122 466 94
405 608 87
755 756 84
539 683 99
923 924 86
761 813 89
849 971 82
274 908 87
890 891 94
698 935 96
363 373 85
390 760 80
848 975 89
375 376 85
579 899 97
21 22 86
266 462 88
615 649 87
300 926 86
899 902 100
859 972 84
326 806 92
882 953 99
873 874 100
599 897 87
885 886 96
981 982 89
608 989 92
993 999 87
101 940 86
913 949 81
661 671 97
399 516 98
888 971 85
528 529 94
865 875 95
403 404 85
723 868 93
569 798 84
712 881 83
667 668 95
186 669 83
751 784 97
275 556 100
797 855 92
695 919 90
826 901 82
647 836 90
129 439 89
123 371 81
8 655 82
367 782 88
195 824 87
540 824 89
439 440 84
556 938 90
463 528 94
579 849 97
362 697 92
397 870 94
801 927 87
71 72 83
642 643 99
554 664 91
370 645 80
670 751 88
960 972 93
273 405 84
291 292 94
29 152 95
70 866 95
93 599 80
89 789 100
306 611 100
637 655 82
2 942 83
82 736 84
865 950 95
745 751 90
161 162 86
894 908 94
975 999 81
24 90 94
208 236 82
233 234 84
711 871 99
540 829 98
929 979 100
284 753 82
971 972 82
97 342 93
836 841 92
409 499 86
212 553 87
568 755 85
85 505 93
519 780 88
995 996 91
699 971 100
992 997 81
163 896 93
522 677 97
29 113 82
496 658 94
12 13 93
20 387 85
718 882 96
548 714 93
156 957 99
167 168 96
494 791 92
843 992 87
899 949 96
14 242 86
656 916 90
166 785 82
490 676 99
559 731 86
803 846 100
107 108 86
18 511 91
90 523 88
132 493 95
104 105 87
130 502 95
653 704 95
209 421 85
854 874 98
12 623 86
298 352 82
742 817 100
777 928 89
234 235 94
833 989 83
600 601 97
722 939 99
121 611 90
572 764 94
951 978 87
374 489 96
100 415 89
773 866 80
107 221 84
307 729 91
594 855 82
257 536 88
269 309 95
699 705 92
287 548 94
663 664 81
793 951 93
526 677 91
632 694 82
608 866 86
62 63 93
651 920 95
774 788 90
429 504 91
893 894 85
136 502 97
949 950 89
382 385 91
166 167 81
936 937 83
618 648 91
325 472 90
291 643 100
400 401 88
261 843 93
24 202 100
457 525 95
282 575 96
417 946 85
624 960 84
895 902 98
759 810 85
329 890 99
918 920 85
497 498 82
138 731 96
129 938 88
92 179 91
527 883 84
428 811 97
234 897 99
138 318 86
458 643 96
421 710 100
665 879 83
910 911 90
245 910 92
24 25 87
171 642 92
685 951 97
984 1000 87
154 257 91
363 452 97