1000 5000
761 768 42
499 790 57
757 957 50
825 881 30
356 685 80
618 815 78
620 928 97
881 898 63
785 806 21
600 842 63
732 972 78
228 456 63
202 303 29
48 524 9
934 963 43
77 399 91
20 404 67
892 923 24
734 962 11
940 970 1
459 509 2
492 779 66
999 1000 24
474 531 91
131 947 100
713 788 59
375 726 38
14 957 74
194 578 18
637 943 60
718 964 4
828 863 67
785 857 15
240 251 2
112 549 94
971 974 28
236 639 38
218 657 25
280 575 95
115 354 53
366 688 40
300 971 65
85 801 25
623 993 56
214 922 40
696 954 96
988 998 84
119 817 97
582 628 68
264 430 48
731 912 93
86 633 74
590 789 50
855 938 24
128 920 4
867 965 80
42 257 72
589 618 95
39 666 59
706 992 57
165 431 52
41 948 80
115 134 86
134 271 67
424 431 8
741 948 71
154 806 82
492 640 53
857 997 63
3 770 24
529 661 51
121 835 17
443 506 9
273 446 65
289 504 20
198 463 86
84 195 28
819 865 43
541 923 97
371 856 71
895 995 15
39 852 100
268 551 50
129 710 68
514 584 72
735 736 24
108 515 2
583 989 72
554 845 2
20 742 11
455 574 99
53 790 5
676 967 38
300 655 37
773 842 37
293 404 51
638 764 23
266 899 28
897 903 8
965 990 62
857 869 6
180 692 36
961 987 97
427 944 81
811 877 63
305 360 9
511 755 68
903 935 15
983 997 93
616 831 88
99 931 84
111 148 63
547 738 88
495 584 80
110 631 2
146 394 94
925 962 45
477 542 8
511 906 76
455 796 57
795 866 12
379 534 7
238 964 74
140 211 91
996 998 67
209 437 75
493 768 75
254 717 87
272 380 60
756 849 39
443 837 32
657 976 70
236 953 24
759 768 28
99 397 93
475 597 58
665 989 24
1 681 84
213 881 24
255 834 11
783 991 69
27 251 64
900 924 25
653 793 39
827 940 58
820 953 54
722 774 90
577 661 48
692 844 23
287 760 29
534 679 61
633 976 95
298 478 35
164 383 24
959 975 59
475 488 94
172 616 90
910 916 44
737 856 64
900 985 29
687 713 18
942 944 71
545 856 47
871 923 58
374 486 95
216 648 72
53 288 77
275 877 71
929 985 62
538 688 18
287 710 21
715 721 58
379 545 68
681 998 17
741 931 10
166 363 99
553 620 9
382 985 28
901 944 4
500 978 57
696 798 31
59 726 80
655 691 69
96 611 11
987 989 67
809 969 44
687 795 8
161 222 15
675 949 83
449 632 3
486 526 63
574 621 54
794 822 24
909 970 69
381 723 58
718 753 8
501 784 42
457 1000 36
63 905 71
982 993 38
483 576 40
238 323 19
775 963 70
485 512 94
687 817 90
79 709 79
342 363 60
63 791 76
866 893 77
978 979 1
878 882 96
165 411 40
439 629 76
760 911 79
897 985 46
655 769 76
124 517 66
78 89 21
544 911 8
237 750 41
508 739 90
548 785 73
113 282 31
901 904 14
319 916 57
969 975 4
542 934 29
840 936 92
611 798 92
839 983 77
478 764 97
285 828 82
178 902 38
552 601 4
324 750 43
61 993 36
248 720 82
578 825 84
483 810 91
775 988 98
36 837 21
569 652 21
884 917 78
208 348 48
161 799 43
888 994 46
43 351 14
759 938 73
351 947 36
288 710 79
356 806 20
829 954 58
670 841 65
967 994 33
286 552 24
361 910 26
491 801 89
427 677 23
64 300 23
845 977 72
121 264 9
76 617 30
548 711 46
331 881 73
964 976 26
231 777 96
964 996 46
701 911 29
345 547 79
8 946 55
998 999 77
410 431 89
827 859 12
757 914 91
471 566 67
325 894 26
361 916 69
301 360 46
224 394 46
922 994 79
666 889 84
279 641 5
509 961 73
675 810 17
126 295 90
561 787 59
701 989 81
847 868 11
659 888 58
183 854 93
502 653 7
746 780 9
594 923 35
197 751 82
422 582 70
541 636 31
852 882 80
701 939 78
651 965 18
155 613 76
934 972 14
260 883 42
706 933 99
691 853 73
110 315 52
730 856 62
412 485 4
584 780 87
22 771 28
221 953 100
250 869 3
19 465 50
802 926 51
331 844 2
182 696 98
574 889 9
527 823 55
616 708 7
556 931 35
791 1000 76
367 397 24
463 988 77
244 980 61
755 932 71
461 463 77
514 775 67
216 217 45
207 605 30
275 974 2
7 918 26
350 703 25
269 964 25
164 631 32
404 643 46
391 729 25
660 998 88
571 852 18
910 979 41
626 994 2
137 628 88
163 738 16
142 562 21
431 654 99
690 717 11
464 564 76
955 981 70
206 262 83
81 585 38
956 997 65
503 758 76
158 721 56
2 522 54
13 534 8
617 905 98
858 982 10
620 918 54
955 992 26
90 965 70
597 686 6
555 657 2
686 914 25
975 997 98
666 696 54
466 959 60
403 954 34
202 606 22
687 922 97
858 955 47
80 627 8
262 950 93
680 881 84
564 774 26
741 915 29
466 974 26
599 914 52
342 817 28
849 903 16
699 853 28
330 353 33
450 910 86
798 865 55
779 965 78
170 720 11
579 957 20
498 945 18
39 743 91
454 946 32
837 890 46
341 617 14
309 599 92
707 915 34
89 578 39
855 956 88
381 968 82
714 740 93
499 799 28
358 523 31
304 953 82
625 699 78
976 992 88
440 870 10
665 858 37
646 878 96
149 458 22
50 661 68
747 815 79
622 678 40
745 821 50
69 785 82
330 644 78
448 569 95
953 981 55
14 781 1
935 977 9
340 976 56
703 788 86
530 786 11
714 759 99
482 912 97
749 991 5
314 797 17
521 958 45
770 989 67
856 873 38
667 838 22
388 407 25
153 211 14
986 993 18
492 609 65
128 498 42
337 362 60
992 996 71
262 307 1
678 848 34
439 500 72
847 935 57
873 878 73
115 255 71
182 303 42
939 993 4
50 169 11
777 984 79
265 814 52
918 919 48
251 449 9
38 351 56
94 883 82
949 964 59
743 806 76
250 351 50
578 606 6
253 305 11
964 999 42
721 881 30
816 952 68
378 415 25
475 643 75
765 945 18
181 527 43
829 936 9
739 747 15
65 255 41
506 663 75
816 922 36
31 98 35
847 857 26
249 565 7
110 230 93
551 937 96
492 986 42
24 940 43
196 790 23
925 994 92
898 994 37
549 571 16
580 624 17
888 891 64
436 719 5
316 676 94
917 977 78
988 991 42
491 827 45
782 819 52
611 892 51
15 789 54
813 889 97
63 855 100
740 754 98
214 387 64
421 708 2
6 460 40
72 296 68
777 989 48
933 941 77
749 967 41
84 382 87
614 910 97
4 583 45
273 959 83
55 918 15
830 929 84
503 836 79
805 952 53
130 529 5
332 505 17
60 575 50
652 674 24
757 790 60
636 958 84
693 906 19
547 880 38
424 470 32
124 920 51
1 155 71
36 414 96
683 957 98
22 68 62
203 415 95
975 982 42
187 928 91
795 978 7
318 727 50
671 718 11
84 552 61
250 997 72
36 514 26
49 887 46
665 927 65
935 976 39
869 943 15
21 582 3
135 757 97
908 941 10
178 572 75
301 658 94
159 467 90
207 465 30
422 878 63
393 430 60
569 972 100
538 561 93
836 965 74
116 652 12
529 734 52
731 880 37
40 441 60
170 687 71
24 589 85
176 622 32
311 923 30
236 895 80
298 345 4
538 877 10
295 448 21
280 552 75
735 955 75
599 605 66
28 128 63
303 496 2
217 349 62
708 778 47
819 866 31
71 696 58
263 331 35
174 999 25
213 299 58
345 877 24
810 928 98
236 792 99
896 907 44
876 942 87
869 966 95
653 859 79
312 950 91
210 345 94
240 592 60
729 730 35
115 559 70
844 900 91
373 479 85
566 810 38
149 584 65
355 510 47
574 809 64
971 996 28
385 626 44
170 334 39
26 41 58
155 202 80
794 898 55
860 871 23
153 451 99
88 269 72
125 278 93
935 943 27
290 471 95
416 794 95
415 555 81
723 877 45
888 982 60
489 972 80
161 302 78
943 961 70
778 936 93
190 609 56
508 595 20
751 925 4
731 949 37
88 464 45
991 992 56
679 795 21
734 904 48
603 731 14
348 398 100
645 863 67
799 996 36
372 540 21
61 496 81
147 975 85
283 576 55
195 856 45
136 316 70
464 611 23
767 840 49
485 887 99
776 898 91
292 747 35
586 719 77
399 828 83
247 721 6
775 862 87
600 665 32
680 855 9
682 686 93
942 987 91
285 928 13
690 918 79
691 707 96
702 858 54
533 723 90
552 884 3
983 992 45
651 869 20
875 978 3
594 990 48
711 786 10
616 933 28
20 92 31
513 709 40
799 813 45
569 878 88
885 959 32
707 922 32
379 558 63
42 694 23
856 930 90
635 783 99
337 691 68
999 1000 7
858 899 93
180 679 52
388 650 98
927 969 64
269 511 42
747 777 48
594 872 56
619 649 84
215 321 80
730 878 3
153 929 85
678 849 34
628 919 75
652 943 6
400 773 37
462 968 32
924 958 74
615 685 56
641 690 85
487 648 65
803 983 82
171 684 38
578 882 35
233 566 98
94 914 8
40 459 38
860 948 91
473 949 53
964 994 27
723 826 85
517 927 85
501 689 65
33 132 12
78 537 67
84 722 16
890 961 3
468 507 85
902 999 80
626 969 65
202 241 51
219 582 90
981 986 69
809 833 59
121 289 98
294 365 45
772 949 93
529 834 51
280 977 2
531 775 35
817 989 52
245 544 66
941 996 18
524 877 42
555 948 92
836 989 88
930 975 93
48 159 60
688 934 88
175 334 27
796 906 79
636 814 3
322 536 38
258 774 50
136 514 82
139 347 20
309 332 69
505 748 30
331 400 87
234 618 24
964 965 19
133 759 8
116 356 47
18 206 63
398 589 32
799 870 2
403 758 36
360 979 54
32 291 84
99 247 51
459 565 1
962 994 30
944 980 83
203 774 74
938 948 47
600 718 22
777 868 37
388 696 39
945 978 93
803 970 67
464 889 77
561 689 80
405 771 35
159 730 30
621 865 82
218 773 25
338 801 6
324 541 72
293 666 64
433 443 21
624 919 57
863 985 85
445 871 50
393 862 59
944 963 68
699 958 41
247 258 45
82 258 79
282 287 62
325 838 63
688 733 45
465 587 23
983 999 25
111 475 51
910 998 27
528 861 28
438 468 74
687 724 58
912 937 45
77 181 40
932 953 86
346 530 51
210 851 50
764 803 100
979 994 12
548 584 41
951 970 78
671 692 96
384 792 26
87 185 23
504 869 49
130 855 1
50 406 2
561 880 76
872 959 76
594 863 12
359 713 91
505 647 3
580 905 28
686 952 66
787 990 64
623 825 50
249 381 61
380 761 65
12 853 63
449 523 62
543 706 87
959 995 87
272 705 55
141 413 12
640 827 17
496 631 79
433 562 28
185 992 25
574 937 64
120 997 42
905 925 82
685 885 43
127 571 2
263 453 55
736 861 46
776 790 83
991 995 58
402 686 59
149 229 28
25 149 43
528 807 95
765 819 79
102 315 63
984 988 47
781 785 95
618 690 60
873 965 53
800 921 7
756 786 54
258 828 89
519 903 97
805 954 13
533 975 95
565 657 46
821 883 50
727 986 56
395 693 46
645 954 48
423 483 57
829 934 23
488 677 67
891 951 67
785 832 97
721 795 22
738 745 63
15 277 31
742 788 84
528 948 51
762 877 28
500 764 60
747 791 13
129 147 92
392 479 50
204 244 16
230 850 53
622 973 14
704 878 98
408 527 90
409 540 66
537 611 6
545 902 80
988 995 46
517 728 57
481 694 22
845 959 74
410 900 1
917 947 22
440 498 46
412 717 44
675 843 50
193 557 86
276 724 49
301 695 46
605 722 57
117 616 31
30 212 67
513 598 50
513 736 36
887 977 30
502 688 99
96 593 21
193 437 79
631 951 49
671 918 6
668 677 72
54 651 80
843 899 63
673 964 58
430 503 22
516 689 76
699 961 36
834 939 89
780 897 49
819 880 94
623 656 24
113 608 22
582 916 20
171 483 9
575 611 1
888 969 60
259 309 89
812 972 53
123 153 49
70 314 59
978 988 74
994 999 32
742 952 58
897 946 85
911 944 7
373 549 96
768 910 82
647 883 48
476 633 73
176 472 50
610 847 42
479 878 50
803 940 4
594 701 78
531 777 42
280 633 46
527 856 84
742 826 25
807 947 44
380 947 25
382 577 54
134 349 42
319 426 97
511 706 76
795 894 4
192 921 83
792 960 38
708 835 69
464 518 76
648 906 70
85 961 68
258 579 48
837 988 87
328 921 43
305 540 22
848 914 86
261 827 91
642 663 80
894 925 80
505 684 46
661 951 44
806 846 73
820 916 68
801 916 75
193 328 47
869 936 22
155 170 5
542 689 84
684 871 23
429 995 52
570 824 21
78 917 80
19 292 68
234 688 87
855 860 57
374 395 9
925 991 66
752 754 20
710 746 97
953 977 3
748 904 100
617 837 15
67 467 11
584 649 75
924 983 9
638 715 1
665 908 29
174 902 47
152 551 95
804 971 10
290 652 42
769 931 41
410 768 89
830 907 90
20 733 27
459 485 8
585 908 12
762 863 85
464 909 43
130 184 7
872 943 26
240 535 22
356 763 60
263 524 9
261 524 8
59 829 46
440 548 33
352 547 49
922 935 56
573 873 4
458 646 21
335 935 80
58 741 9
827 954 20
87 167 36
69 732 27
114 733 94
216 270 47
830 958 74
243 398 44
57 583 62
698 879 41
854 918 98
836 839 48
992 995 100
357 959 48
798 868 77
993 997 87
662 821 86
41 908 7
347 405 15
969 978 50
989 990 25
553 856 94
328 827 23
554 993 64
782 941 48
813 903 61
703 981 23
180 809 57
240 464 73
652 752 13
354 605 73
359 589 36
468 631 54
207 235 93
16 454 43
742 867 92
290 715 90
503 854 10
288 870 5
844 952 98
815 832 7
323 600 13
216 987 12
743 758 83
308 419 66
975 982 76
162 614 21
14 178 84
847 987 79
177 573 54
637 696 10
118 709 96
483 569 36
476 599 37
504 535 15
962 969 97
349 378 83
832 882 11
761 895 3
442 832 56
148 372 86
355 649 1
64 466 63
22 782 12
876 902 20
749 888 74
906 959 82
115 562 37
585 606 76
860 887 83
22 332 75
373 802 45
29 673 57
701 857 60
152 173 29
12 885 87
683 880 91
100 103 25
523 583 43
799 966 81
769 942 6
108 451 86
735 953 66
726 996 20
855 956 57
673 898 84
951 970 18
585 692 94
846 942 76
668 813 2
860 999 59
192 819 51
994 997 85
849 935 72
264 542 41
147 304 16
847 901 54
664 749 91
138 725 85
519 793 77
376 997 57
528 754 74
791 825 87
991 996 27
307 339 30
479 738 50
594 673 68
907 947 5
676 863 78
897 943 41
520 929 8
721 825 61
838 883 10
875 924 5
976 992 46
164 276 48
813 821 68
567 743 10
341 689 67
80 145 100
424 656 46
272 610 23
161 994 96
262 583 17
820 836 61
22 319 28
898 996 68
244 486 19
507 991 66
331 443 88
546 724 77
186 367 74
937 991 89
983 989 3
330 813 97
872 991 47
725 840 55
726 991 64
17 532 30
484 701 60
804 973 74
474 989 75
443 948 14
841 888 15
993 999 43
33 291 78
116 489 19
437 948 98
500 716 9
906 1000 84
23 675 50
227 562 80
357 916 17
894 975 18
475 698 49
390 702 37
466 604 20
180 590 34
479 810 4
785 848 45
521 772 55
542 716 34
210 814 71
598 833 23
119 710 72
693 730 10
555 571 10
684 787 98
833 916 96
63 616 88
796 907 24
73 901 25
96 161 27
27 470 86
212 802 39
515 894 75
758 884 10
265 700 25
61 876 57
816 939 41
91 248 3
163 508 78
359 363 2
617 952 28
189 833 52
889 991 48
157 918 96
196 703 68
574 742 75
29 913 45
799 975 40
131 723 34
518 569 81
836 878 43
292 859 23
214 627 25
282 432 40
528 865 67
843 945 42
235 737 8
727 915 2
542 938 16
978 988 80
6 649 57
544 900 23
463 536 56
487 686 40
416 780 23
750 872 72
28 689 42
421 456 30
375 492 48
187 552 85
206 474 8
635 754 40
65 752 32
599 744 94
110 222 18
941 953 47
715 895 72
374 836 80
2 979 3
925 929 73
789 951 24
890 949 65
306 598 65
235 752 14
514 712 57
151 555 92
736 957 86
536 926 6
11 930 94
66 200 66
883 906 30
693 998 97
601 848 45
50 994 16
549 822 63
608 900 53
611 773 62
261 454 66
337 928 82
148 645 2
702 930 19
341 690 18
43 730 84
384 970 6
610 794 100
306 727 27
935 995 71
290 332 72
856 928 7
288 753 51
107 822 81
261 743 76
769 949 89
802 978 57
228 483 18
472 476 52
273 388 38
111 310 13
679 824 57
441 615 94
655 790 9
608 658 2
998 1000 90
613 945 62
952 955 55
993 998 18
622 969 13
858 878 59
295 370 72
524 934 30
484 533 79
741 841 8
33 246 1
821 885 63
273 319 19
127 666 69
408 790 77
714 838 73
848 947 81
444 543 83
147 506 34
886 978 94
491 505 35
186 813 94
807 813 96
567 686 7
764 955 77
201 313 97
332 382 37
175 735 13
989 991 14
268 814 92
940 982 19
77 776 71
477 987 99
945 998 83
10 754 66
521 757 33
892 898 18
388 431 69
277 695 9
609 878 46
271 669 38
916 935 99
361 478 7
606 728 12
252 415 43
628 887 8
471 485 78
688 842 95
139 211 62
264 650 57
268 711 80
970 973 39
482 721 69
734 845 18
753 768 23
174 178 75
830 976 75
588 957 3
795 895 69
50 769 21
250 717 28
450 766 86
53 393 69
75 649 10
185 793 51
336 555 6
546 745 91
361 968 4
369 434 66
135 368 19
773 840 65
794 865 84
124 432 53
320 435 33
588 606 1
599 805 11
894 950 24
495 689 58
55 581 5
185 932 78
271 415 82
76 595 68
802 941 71
433 675 51
451 881 3
559 682 97
244 471 91
556 924 17
41 911 39
763 895 69
596 831 58
856 862 40
903 937 90
657 837 45
137 760 22
162 993 44
632 974 64
112 274 49
774 996 8
113 799 57
295 623 16
74 558 65
167 732 79
485 983 66
464 584 92
639 662 92
847 915 28
146 843 52
808 899 23
831 886 4
555 938 40
236 870 9
823 884 2
642 959 49
940 968 23
744 940 84
765 783 14
437 582 3
877 999 72
944 984 93
830 963 80
919 982 27
559 996 66
418 931 30
13 199 35
658 879 82
9 24 27
311 715 33
488 723 48
811 821 12
331 880 51
148 923 51
379 870 82
647 674 3
417 472 93
883 962 66
494 552 7
650 964 26
320 671 74
325 730 98
926 967 96
432 474 49
290 770 34
446 722 86
984 994 75
239 612 26
160 265 93
266 793 5
913 959 54
611 922 71
762 834 24
744 858 65
848 994 68
954 968 16
122 713 81
200 333 94
691 794 85
179 778 57
332 981 37
513 904 55
199 804 44
261 838 71
683 816 44
30 452 61
995 996 56
6 264 10
342 761 89
101 190 15
892 932 15
142 235 75
444 595 5
866 991 36
25 592 11
804 919 13
125 489 95
539 899 89
592 637 99
586 651 91
476 568 93
227 572 54
90 821 15
59 186 22
980 989 4
512 526 79
13 709 59
202 734 4
805 996 18
269 410 33
312 602 68
840 936 36
567 634 48
493 882 42
440 457 64
996 998 52
141 564 68
418 737 16
481 887 23
609 617 53
348 470 53
308 454 71
801 807 97
680 949 7
946 986 23
875 897 19
805 814 41
807 866 8
478 859 60
641 926 23
173 914 13
642 905 1
747 895 32
117 796 93
857 961 63
846 849 85
291 390 88
808 956 38
409 425 23
24 327 34
466 690 74
687 693 85
629 825 96
676 793 79
981 991 6
253 601 7
113 895 99
477 670 40
785 861 1
383 580 52
798 899 45
796 984 56
275 534 53
507 670 77
387 391 21
967 992 25
1 884 3
535 972 96
304 507 55
928 983 72
230 739 56
52 882 84
318 710 78
206 800 25
313 923 20
24 377 24
812 864 46
66 906 91
227 390 87
399 957 41
592 727 99
96 994 69
70 387 11
505 556 52
303 828 18
131 581 80
819 869 54
214 669 96
62 654 67
488 493 69
933 979 42
660 955 35
209 900 18
249 490 81
685 941 26
596 714 12
225 367 4
65 775 92
193 586 26
30 596 92
873 1000 10
217 610 68
493 743 31
882 898 56
401 957 99
966 970 79
522 801 82
37 610 31
890 907 21
111 977 34
21 220 83
736 781 46
317 786 78
81 853 30
814 909 22
682 933 68
926 940 73
837 970 18
352 664 77
733 985 82
842 996 33
231 845 49
933 945 25
361 646 83
338 643 80
926 979 76
351 989 98
978 990 17
697 842 7
873 876 69
79 992 84
256 620 36
764 791 26
435 546 97
582 740 77
604 830 5
909 934 95
103 927 100
291 832 81
656 695 96
784 928 54
551 674 87
944 959 99
837 940 39
660 824 43
100 794 4
187 253 62
749 991 71
419 898 1
362 411 97
320 780 42
324 716 18
553 730 24
144 969 15
74 908 88
900 936 86
147 986 32
868 998 69
78 494 84
897 926 15
175 183 66
477 536 66
843 934 93
382 636 53
705 900 98
191 268 90
306 772 1
800 945 41
525 674 38
28 816 56
991 994 62
790 824 39
459 607 53
509 764 19
924 964 73
653 782 64
733 747 44
640 859 3
91 628 43
124 472 1
474 875 41
130 664 83
715 992 20
768 925 33
461 771 50
886 991 46
538 920 35
373 935 82
677 906 39
198 899 61
606 848 4
149 723 68
125 400 46
189 698 58
117 475 23
447 961 32
293 898 12
70 889 13
471 508 77
635 786 28
171 824 88
113 1000 64
619 866 81
120 937 66
729 919 35
265 606 65
334 935 89
541 712 90
795 963 14
472 525 19
385 537 52
672 754 7
87 296 28
540 552 83
506 509 77
334 581 29
589 819 44
829 921 37
506 603 13
136 175 63
740 909 45
631 702 89
396 643 46
896 972 24
62 118 30
997 1000 56
628 816 18
967 999 77
749 882 4
347 840 3
999 1000 9
945 953 4
253 434 57
431 498 87
461 872 69
803 975 49
286 472 73
911 917 11
824 848 11
54 827 4
704 895 78
340 350 60
931 982 11
672 759 76
428 498 36
920 966 66
836 876 56
659 766 46
955 996 92
479 832 98
746 940 7
765 816 45
753 803 76
688 725 13
201 968 44
884 997 10
60 506 41
677 888 86
58 946 34
361 743 54
493 983 59
735 982 36
426 599 41
862 917 30
453 558 14
575 993 32
915 979 12
193 625 3
702 895 90
433 831 60
110 978 80
509 816 89
833 910 99
194 589 30
966 990 60
782 936 52
90 725 2
48 94 40
720 888 30
938 989 58
152 219 10
423 851 59
480 754 90
259 827 17
213 253 14
987 997 100
834 1000 25
484 610 30
22 950 29
25 592 28
805 823 36
372 799 30
274 579 3
790 868 5
990 993 6
929 939 75
682 923 13
89 119 39
697 950 74
57 112 25
629 671 1
150 815 55
70 761 69
922 970 73
895 936 12
681 823 43
72 501 17
57 849 59
170 938 16
347 937 73
111 275 19
597 963 41
50 680 34
965 990 87
959 997 27
565 872 26
748 812 28
205 722 100
301 768 16
972 976 6
913 940 9
86 156 43
65 781 30
789 940 70
1 377 92
517 765 15
65 490 58
927 988 92
233 848 17
721 759 22
694 758 35
550 698 37
338 801 35
257 629 51
887 997 69
488 791 32
775 986 1
965 970 22
137 155 70
609 918 38
342 379 49
368 905 59
948 998 82
291 851 23
316 469 11
694 786 95
316 770 72
501 502 20
232 718 68
56 443 91
474 517 5
3 734 61
952 983 76
391 683 63
324 997 98
530 813 29
400 946 10
700 949 77
291 864 95
792 824 96
354 396 50
435 496 60
61 622 31
591 879 67
522 895 3
380 705 28
788 875 14
82 901 45
450 907 26
235 493 48
357 373 25
477 969 27
176 420 1
746 858 12
310 404 84
272 990 63
153 943 37
200 588 54
234 374 6
886 931 62
406 574 29
127 961 61
374 467 83
930 988 16
11 81 61
263 411 55
930 945 7
528 789 19
720 746 88
981 982 72
860 957 93
732 871 45
669 998 27
894 984 26
944 988 23
728 733 80
702 967 81
770 936 78
678 927 43
133 972 68
642 799 39
331 460 97
367 629 54
612 936 31
84 402 92
308 685 15
776 939 38
671 721 68
369 908 49
62 81 69
62 884 75
167 333 20
979 986 13
982 999 82
769 876 27
137 749 8
449 620 41
865 991 76
414 973 67
735 914 60
701 902 57
768 861 57
839 855 62
24 391 99
490 961 43
955 980 61
569 573 26
263 643 69
674 864 37
461 647 77
510 685 91
275 916 43
612 959 3
147 341 84
476 777 74
82 115 50
865 894 92
911 963 60
808 909 94
592 695 93
239 271 31
893 934 16
248 699 45
65 851 9
746 978 62
564 956 96
258 728 8
846 992 38
801 826 75
576 639 47
219 848 58
359 642 70
266 479 28
133 828 27
23 333 23
841 975 3
456 653 20
167 497 79
923 949 53
977 998 58
806 831 77
682 987 20
281 348 66
446 461 86
580 930 50
296 838 72
301 535 32
302 952 73
304 811 29
591 903 96
423 902 84
257 975 81
217 705 30
235 832 38
636 912 68
18 904 64
60 662 81
402 435 33
295 816 55
333 714 84
652 941 71
329 689 14
679 860 88
389 946 93
156 353 94
478 673 84
314 345 82
564 936 63
784 858 84
339 620 58
323 951 20
936 990 4
804 846 96
605 990 80
453 522 28
571 850 22
46 285 21
627 658 47
918 961 41
777 837 72
926 999 3
144 530 30
859 961 57
10 170 37
593 913 27
877 914 31
229 710 77
758 813 78
426 612 59
146 632 83
149 201 75
921 929 71
593 770 87
281 855 50
401 607 17
826 932 81
53 206 6
954 991 67
655 969 48
712 871 41
804 983 23
815 903 17
764 888 62
316 959 34
806 997 100
326 715 93
28 669 24
355 904 65
166 842 42
33 851 28
359 449 100
503 931 86
962 989 91
962 995 46
517 909 37
192 727 55
99 481 12
521 648 87
126 727 26
20 150 97
785 958 69
425 575 45
600 913 72
401 552 26
872 879 91
25 320 26
252 492 66
896 918 62
213 341 78
234 724 19
398 495 61
335 707 12
886 989 8
152 712 39
374 765 8
246 434 71
333 547 70
178 968 31
135 739 39
789 901 24
860 982 1
619 800 66
817 927 81
319 954 21
855 860 69
665 930 36
334 966 43
579 824 72
278 496 96
79 645 21
951 956 26
896 998 82
380 556 50
669 721 42
859 904 36
349 357 77
682 793 36
201 594 76
983 984 3
322 976 98
308 478 50
538 625 81
620 789 59
679 810 28
532 769 60
752 1000 74
424 947 2
378 851 52
203 734 10
554 881 83
856 904 75
15 26 20
429 718 58
280 816 39
704 933 80
588 993 92
220 519 7
582 718 18
410 422 90
751 819 18
816 876 49
143 956 79
535 818 91
89 600 31
629 923 47
110 681 5
11 550 49
578 633 4
646 871 55
114 317 39
892 937 94
338 980 84
200 500 25
221 870 82
193 252 66
695 853 62
591 943 47
873 886 18
619 729 69
161 254 64
623 920 58
221 620 54
749 801 74
654 743 67
884 983 73
280 717 85
432 585 74
692 857 79
171 927 59
141 197 94
778 825 77
315 336 54
663 758 45
837 925 22
442 720 88
940 987 100
464 832 24
114 159 68
228 843 56
199 557 56
415 838 53
957 959 48
386 434 18
922 946 77
356 361 80
647 818 46
105 304 19
278 472 78
997 999 34
266 462 31
124 886 49
26 704 37
944 949 16
130 691 21
780 887 8
176 944 14
995 1000 46
11 919 29
662 978 14
927 982 37
201 756 47
21 312 77
615 780 15
21 442 31
537 616 22
281 434 17
476 698 65
93 946 60
274 728 36
457 797 98
538 746 68
999 1000 43
289 703 37
518 887 85
552 745 26
474 743 18
812 868 38
232 467 56
735 886 71
981 997 9
822 857 78
998 1000 48
977 993 9
547 929 100
323 880 25
730 883 95
852 868 92
840 870 41
502 920 18
178 750 60
272 819 34
339 609 50
931 979 98
513 519 4
198 944 34
809 855 62
58 628 31
574 932 23
597 878 82
936 983 37
376 910 43
118 798 32
66 889 79
889 973 24
535 995 62
141 924 4
269 797 66
685 723 22
527 713 27
483 596 52
398 440 67
575 697 4
796 800 28
564 611 21
463 782 59
481 671 56
693 962 85
784 810 61
81 549 12
831 854 20
321 712 68
924 926 47
72 616 38
86 434 32
873 888 39
264 294 84
61 485 66
572 839 94
660 879 48
275 412 97
671 729 5
421 854 2
573 870 27
51 309 59
548 575 43
702 898 17
884 891 96
501 952 64
617 680 29
440 968 20
245 432 93
911 962 95
436 707 39
958 993 93
152 924 10
64 149 45
469 779 15
361 893 97
158 972 68
4 226 69
210 911 43
543 717 9
423 973 32
253 848 30
410 916 74
877 879 36
319 531 56
240 936 85
2 290 24
159 613 49
572 848 35
418 922 11
735 988 4
621 628 3
453 617 47
252 697 73
403 489 16
423 556 100
17 905 64
465 541 98
324 711 79
878 904 62
429 487 22
427 720 27
297 940 2
876 981 22
588 968 59
156 887 1
496 676 8
536 765 93
941 986 44
469 829 98
646 842 40
198 592 86
950 965 54
144 229 75
746 864 8
702 873 76
828 905 52
649 880 58
744 857 81
267 487 9
549 998 28
409 575 22
898 921 39
5 621 48
950 980 61
373 845 84
835 840 52
990 994 25
330 884 18
934 988 36
512 957 87
524 758 25
681 918 81
584 927 56
168 633 17
950 952 16
170 838 1
342 998 70
497 789 29
261 865 96
292 464 96
183 721 29
865 878 96
432 445 2
667 676 66
786 966 42
506 548 50
667 868 30
705 963 18
263 730 70
27 115 9
323 554 72
711 846 53
662 872 1
315 833 7
593 953 91
760 871 73
870 907 40
741 779 43
269 975 2
518 679 61
270 606 15
33 549 43
595 996 67
61 929 17
586 941 36
473 862 42
4 500 96
848 998 41
372 532 30
9 699 98
371 937 37
262 279 38
494 698 11
459 712 63
544 727 5
268 467 53
478 899 64
995 998 37
16 291 48
96 508 5
909 964 43
533 639 39
691 756 54
376 675 44
63 746 25
504 526 74
352 423 12
502 804 34
313 966 11
945 984 90
151 508 88
7 313 70
184 616 24
321 769 33
825 841 5
965 974 17
920 947 28
888 963 74
201 858 18
532 971 76
675 898 16
870 954 48
680 724 66
529 609 45
57 693 88
920 923 10
643 731 41
926 968 56
402 548 26
51 922 100
948 978 77
436 897 24
605 704 1
142 260 39
509 511 86
35 257 18
352 939 35
619 1000 97
560 710 9
942 949 2
502 872 60
224 547 34
61 309 31
544 844 62
312 318 96
700 858 5
213 833 7
891 942 16
657 822 20
543 842 66
642 869 10
358 905 76
765 976 84
326 431 24
388 527 14
576 835 87
234 619 10
691 818 65
479 849 91
56 367 53
192 979 89
622 930 56
939 943 30
440 893 20
886 966 12
893 991 79
757 877 94
664 748 22
876 912 94
89 166 26
784 914 10
153 960 68
205 905 1
78 521 39
333 488 59
917 966 40
23 879 82
470 769 44
999 1000 18
415 657 13
708 977 51
359 368 75
73 653 5
439 564 19
843 880 34
209 461 66
440 843 67
839 955 19
178 903 66
148 231 68
759 892 9
832 840 9
995 1000 69
303 411 32
274 994 72
599 680 53
245 749 17
81 608 93
534 639 1
503 984 74
992 999 73
595 816 34
994 999 81
578 829 84
22 288 65
221 819 2
17 977 82
956 957 13
824 945 30
901 968 88
495 964 59
764 789 37
987 993 45
824 850 36
52 137 36
571 679 62
55 297 10
367 973 9
763 865 76
149 812 11
932 965 58
79 632 46
60 83 67
903 965 93
497 537 15
344 911 86
67 440 16
183 1000 81
309 675 4
424 971 58
67 221 64
690 967 59
712 966 73
67 637 4
604 900 25
452 636 92
122 235 75
517 926 98
661 887 88
297 999 14
222 997 88
323 356 58
507 684 91
53 677 23
498 789 13
583 972 28
833 845 2
928 959 74
897 961 86
551 876 43
305 407 82
943 995 20
736 812 60
254 863 4
106 899 1
696 738 75
585 886 37
10 651 22
770 958 76
722 788 32
837 892 72
834 921 95
785 981 91
317 729 11
919 991 93
397 943 55
268 648 70
132 158 7
450 520 27
618 763 5
506 719 20
386 966 38
395 708 13
714 919 33
411 565 99
650 919 28
309 664 13
68 560 81
824 927 78
780 997 60
95 946 62
574 708 54
831 941 31
389 391 89
400 451 41
215 333 48
403 578 27
431 793 75
473 935 79
252 311 74
11 723 81
84 690 20
259 425 11
458 718 63
410 757 2
711 725 89
234 449 56
215 222 52
218 787 9
727 772 77
448 879 10
547 808 10
881 928 58
64 415 44
392 825 50
585 697 12
322 931 27
159 690 97
250 252 9
869 954 74
78 795 88
181 334 92
744 796 63
457 766 50
840 895 87
552 870 100
119 242 39
638 657 17
81 983 83
284 797 44
565 681 13
812 984 13
855 934 9
525 791 71
813 834 72
476 988 47
734 853 47
992 993 28
637 711 15
300 764 87
12 706 91
584 723 89
541 897 66
675 881 55
886 959 69
737 813 46
4 183 46
227 250 97
175 834 90
63 593 3
693 948 19
554 970 57
898 938 61
95 129 80
384 969 52
745 809 29
160 821 9
171 917 31
275 976 32
939 974 79
277 848 28
853 933 41
532 840 35
365 613 51
4 713 12
452 743 55
42 911 79
908 952 7
655 896 61
127 334 9
454 466 54
311 538 96
244 399 73
892 955 40
652 893 60
534 616 30
551 910 4
835 890 78
459 822 24
18 715 65
656 663 95
281 383 4
614 676 13
199 700 81
915 959 6
654 915 38
40 543 14
574 624 28
980 989 51
312 393 93
6 815 44
88 825 73
20 870 83
654 985 58
592 715 49
217 232 62
10 681 49
326 874 52
643 999 12
244 396 44
701 972 46
977 982 49
502 923 17
72 877 88
405 702 82
457 489 29
544 867 36
814 992 71
890 924 15
127 856 29
171 510 26
565 578 58
609 653 3
902 956 81
495 563 95
230 657 97
994 995 9
518 904 42
453 969 51
699 885 60
23 498 68
572 961 62
659 989 75
410 659 29
948 993 71
787 970 52
570 874 22
324 508 40
423 773 41
835 872 9
431 733 89
56 686 13
777 952 17
877 926 20
469 654 90
271 574 35
503 865 87
988 998 60
546 796 15
992 994 3
945 959 59
412 732 41
9 530 84
98 851 67
764 871 59
758 986 52
275 971 64
947 990 77
181 901 40
93 937 35
332 390 94
116 215 2
984 997 9
605 753 41
701 768 25
445 734 27
656 752 20
712 797 74
340 926 47
584 587 42
15 320 27
783 912 29
945 979 25
823 856 97
811 972 70
637 809 9
282 434 79
104 160 42
232 830 3
140 242 2
339 689 88
739 994 60
284 482 70
465 748 50
671 735 11
493 930 84
59 799 21
178 606 54
531 577 91
354 644 81
838 917 2
341 602 99
116 948 25
638 914 77
434 693 31
299 531 23
746 961 6
626 850 43
180 487 86
323 720 5
941 960 20
23 983 36
958 974 91
798 941 78
125 832 57
803 901 72
126 309 20
609 775 44
713 903 85
136 802 22
785 913 41
88 434 11
218 234 74
311 407 82
847 912 26
547 756 65
244 309 45
475 911 59
898 926 20
94 812 42
308 370 64
370 888 13
876 988 20
348 737 57
13 850 68
35 781 66
623 701 70
95 605 95
960 1000 14
961 982 81
728 814 31
84 352 78
202 440 14
129 239 9
981 992 35
585 872 32
485 690 40
723 734 68
501 583 47
409 651 45
967 983 1
123 546 97
785 979 46
672 885 20
596 756 73
217 768 28
815 922 53
307 548 2
737 766 48
708 772 11
611 867 26
114 489 45
574 758 10
948 957 41
964 984 14
787 821 43
483 849 69
760 943 67
309 799 61
46 935 89
876 974 77
971 992 38
86 769 71
455 927 89
811 885 87
360 710 89
207 362 40
883 947 12
557 705 2
821 966 96
620 849 90
987 994 95
39 239 33
969 973 44
435 566 8
89 690 20
926 972 19
817 836 40
754 913 21
866 971 67
469 858 96
558 753 2
239 849 87
167 830 32
639 742 60
666 923 80
32 799 22
313 663 60
784 828 98
566 656 52
773 972 72
225 592 72
422 991 15
844 862 96
44 577 93
106 668 28
330 822 54
8 662 63
331 430 82
403 794 88
62 554 59
897 948 2
748 834 88
762 870 1
598 688 23
600 972 45
60 541 76
862 890 94
836 911 83
124 857 79
58 678 59
581 893 23
527 918 29
723 973 27
158 838 73
159 999 9
137 934 27
420 836 83
530 686 51
934 954 89
528 654 32
235 429 46
300 993 15
555 644 63
903 938 29
60 697 55
919 985 2
754 950 60
891 992 2
353 979 96
536 602 17
403 409 24
680 943 15
198 539 44
1 586 52
897 941 18
663 830 78
892 988 3
142 659 38
156 414 20
353 582 22
786 818 64
274 423 43
252 836 46
391 562 1
696 877 9
700 731 58
472 745 97
858 996 44
959 970 59
677 964 60
770 791 2
950 969 3
849 916 41
842 960 50
577 925 30
864 953 34
610 751 21
60 309 27
514 796 51
614 742 66
282 403 44
337 716 80
173 738 87
580 932 95
330 631 80
748 853 40
110 959 57
164 859 42
148 251 70
451 627 13
553 882 50
721 956 22
295 354 58
194 744 72
363 506 77
961 978 99
505 803 87
353 355 82
211 636 78
128 656 72
410 957 50
604 616 15
989 994 4
589 590 88
18 102 60
429 557 23
149 570 91
261 534 23
995 998 3
603 858 38
295 671 27
713 920 91
886 984 89
683 755 57
730 858 19
321 598 97
966 999 50
673 886 70
915 951 7
79 641 2
755 923 20
260 566 42
739 826 46
946 988 2
802 839 81
302 793 75
995 999 86
159 170 92
153 588 97
826 969 30
217 339 11
751 865 81
651 859 58
692 953 60
680 908 27
940 964 63
796 899 48
156 910 7
20 140 12
140 417 60
37 251 3
766 806 100
689 800 22
851 985 7
785 981 70
180 270 77
777 912 67
433 849 91
236 848 67
682 817 77
752 930 83
104 827 58
256 299 10
471 695 56
101 399 78
623 655 26
964 985 6
807 865 80
69 75 13
458 991 51
305 868 93
90 146 92
677 850 67
463 705 100
311 520 21
450 981 62
91 610 22
138 857 96
493 930 92
15 647 56
260 364 99
371 873 20
964 975 57
79 918 19
296 336 2
679 920 37
244 772 8
542 708 83
773 975 44
216 654 14
710 713 48
610 944 34
194 769 69
379 485 62
459 525 56
247 360 19
125 451 12
788 881 51
274 378 3
59 184 72
923 935 78
655 678 48
530 702 26
939 957 38
756 865 81
442 810 95
341 882 6
447 595 10
995 998 21
569 878 95
787 944 32
711 838 22
152 513 20
969 984 19
507 871 87
199 832 83
81 957 73
413 938 92
155 705 48
840 985 20
494 817 30
175 570 63
316 833 6
910 994 47
563 601 24
882 952 91
598 970 4
346 472 31
393 400 17
753 822 80
483 566 74
599 891 94
835 926 77
42 212 3
462 749 85
653 860 74
952 981 37
792 863 40
380 540 19
784 887 83
891 969 8
40 843 87
487 594 39
710 920 68
16 782 30
511 771 43
646 888 90
167 201 40
335 622 43
147 566 84
494 839 1
496 672 25
147 181 83
898 934 36
854 890 85
687 727 81
729 994 79
286 853 29
671 912 35
281 965 27
442 641 63
459 698 98
731 829 73
297 905 43
286 400 76
821 891 65
662 717 53
885 960 22
860 862 51
497 839 30
270 402 70
560 604 8
448 784 68
781 958 82
520 737 23
295 411 40
815 829 60
837 867 30
947 948 59
511 518 79
93 128 66
333 971 12
788 964 19
32 288 89
684 969 78
617 755 46
5 11 30
108 517 81
565 977 50
370 388 61
221 447 67
738 850 91
172 591 17
111 372 70
931 934 60
991 993 41
353 969 45
639 791 33
687 880 88
747 893 36
309 588 92
227 971 51
20 155 88
650 909 93
671 877 10
934 981 7
366 789 88
530 925 93
663 710 35
177 519 95
638 816 48
214 320 25
782 787 68
762 931 82
856 997 86
516 558 21
208 492 99
211 902 13
696 786 55
621 865 61
838 998 16
235 617 19
107 468 64
53 376 67
529 807 60
203 903 75
357 729 50
78 121 79
861 983 11
662 751 28
586 799 46
786 860 89
749 834 80
904 936 67
199 320 19
868 979 53
380 513 6
769 812 23
850 867 31
58 456 64
723 847 60
292 991 3
848 992 47
9 800 99
206 282 48
527 984 87
972 992 14
291 532 40
221 430 74
367 790 54
284 598 7
263 852 64
725 885 52
222 885 73
813 851 30
412 890 54
939 995 23
316 883 58
796 930 71
235 559 40
476 592 78
281 774 85
578 901 24
183 598 98
12 601 72
495 688 39
893 923 61
233 915 14
462 947 65
257 856 20
179 723 16
924 927 28
245 444 21
780 869 4
691 918 93
350 580 66
408 565 13
449 627 18
594 868 7
33 999 60
875 926 50
257 429 11
879 939 17
452 662 7
819 882 66
156 580 1
330 914 88
75 713 2
658 840 8
218 452 20
773 915 35
127 873 1
318 494 11
281 820 72
97 321 85
244 902 29
592 652 49
53 946 66
391 740 17
401 574 45
229 627 91
263 445 28
833 973 70
193 217 85
959 998 46
899 933 78
677 871 12
654 988 12
43 995 7
207 914 52
876 956 15
77 534 29
591 949 70
670 895 89
602 981 17
68 538 60
483 603 76
143 226 90
446 837 25
284 654 80
760 778 90
366 799 10
100 146 75
538 972 96
34 626 55
263 412 10
771 819 16
94 187 38
731 788 67
690 831 10
166 337 92
366 842 8
366 808 83
167 952 88
617 702 70
4 836 34
619 817 64
320 746 62
966 970 5
802 943 52
192 450 88
455 749 42
365 945 82
136 591 71
180 231 39
632 813 86
45 866 18
262 949 8
39 170 77
338 835 79
855 960 4
811 986 48
948 977 83
397 532 65
55 733 59
65 491 57
4 659 68
121 628 98
602 693 39
265 773 94
338 492 74
687 763 44
644 875 79
409 573 87
496 612 42
157 165 50
541 587 5
224 362 29
841 947 49
989 999 71
128 757 67
532 882 9
608 851 63
393 505 6
755 973 98
166 202 82
303 345 40
829 912 2
723 842 88
635 668 70
487 741 1
230 546 71
435 883 60
869 927 56
598 797 8
258 642 21
359 855 94
291 495 100
968 969 83
853 942 45
86 382 79
19 450 93
505 635 76
21 946 98
980 995 11
804 863 94
225 618 64
744 874 96
474 869 12
782 813 57
495 732 24
30 179 39
288 803 81
425 810 92
850 858 89
809 824 80
644 832 77
167 168 82
732 758 94
1 299 98
234 876 20
22 168 96
46 729 81
429 565 100
74 99 4
523 654 82
723 749 39
233 259 35
158 842 47
613 795 2
612 989 25
780 818 40
897 988 35
211 923 40
175 938 57
552 558 27
646 740 47
91 499 82
321 765 44
100 302 26
558 584 10
421 868 56
780 963 33
5 711 94
540 956 65
758 870 85
197 736 41
88 689 48
189 251 24
415 837 94
472 496 18
569 726 54
648 818 29
728 904 65
438 681 57
298 459 83
910 962 40
483 741 70
683 819 75
304 426 66
754 893 89
310 717 98
305 781 69
363 622 89
536 543 95
410 612 75
182 916 91
241 336 7
56 638 5
174 209 19
864 882 69
523 862 56
335 826 16
28 35 59
25 846 7
170 750 57
587 896 45
356 648 3
330 520 2
941 983 1
331 682 62
397 488 39
474 884 29
407 498 81
996 997 17
395 984 30
57 165 81
322 625 80
954 984 15
350 806 86
554 927 96
456 528 32
423 778 17
730 805 84
382 677 80
315 835 54
772 922 15
71 755 73
923 936 79
127 872 98
559 810 23
15 740 78
23 452 10
991 996 60
103 135 27
144 924 80
182 852 15
80 974 67
693 737 61
858 974 67
729 930 64
747 759 23
526 600 72
711 817 17
924 927 12
444 565 24
522 948 65
879 952 6
249 950 45
521 632 91
340 626 57
105 852 6
78 434 99
949 956 86
119 165 75
307 929 36
308 427 78
90 562 12
780 877 26
281 487 64
139 830 41
823 930 35
208 602 56
979 982 95
468 730 78
270 393 77
45 239 70
937 981 4
603 813 4
510 908 48
938 954 24
784 981 39
127 657 15
504 693 94
997 998 30
680 706 67
866 901 96
280 729 65
406 875 1
56 383 5
412 605 66
820 853 56
552 627 37
994 999 19
483 707 25
37 89 43
17 778 72
594 621 34
169 324 89
819 981 82
700 890 3
958 998 93
68 374 87
427 825 70
411 941 52
460 607 18
301 897 72
53 881 69
222 765 8
16 303 10
230 761 85
438 788 38
415 764 21
315 341 64
206 470 67
265 275 12
91 753 82
986 995 1
848 906 16
543 678 5
407 673 16
628 786 14
620 951 72
380 782 7
489 496 80
882 893 55
385 522 45
539 944 29
745 982 48
99 520 50
212 278 67
602 880 24
192 206 33
894 911 48
388 461 39
256 410 68
937 948 39
537 663 63
219 444 30
826 868 40
241 840 85
884 963 91
445 961 58
516 578 39
450 961 88
554 805 49
633 764 96
318 418 91
305 691 52
153 900 46
723 774 46
946 967 81
994 995 5
474 806 46
824 900 36
34 649 10
297 927 77
978 980 83
111 333 61
359 408 27
424 674 3
308 609 12
495 860 94
470 797 6
693 974 13
605 949 51
779 827 94
916 971 4
100 543 92
425 714 50
730 863 52
142 531 47
676 736 47
844 934 71
706 843 39
787 942 85
726 914 28
360 774 79
18 518 69
866 933 15
870 942 4
457 899 19
567 615 4
460 935 92
575 757 3
814 827 75
912 960 35
580 606 43
116 596 24
860 870 19
422 625 92
414 606 31
794 844 49
621 735 87
673 762 58
298 522 74
597 611 87
87 667 43
516 589 49
287 427 43
661 734 10
34 319 77
967 998 72
359 862 50
181 957 68
519 897 31
106 805 35
967 993 33
285 832 98
322 668 34
143 554 56
796 900 74
298 990 59
121 318 94
416 603 40
628 767 66
392 409 97
121 345 1
312 466 29
355 798 9
24 600 91
267 662 2
839 994 71
573 694 21
562 609 38
236 761 41
392 764 25
267 752 23
699 933 68
404 690 65
640 857 1
349 353 74
428 918 76
468 760 31
627 915 43
518 680 17
563 854 73
235 489 31
136 736 73
106 775 73
44 515 79
511 612 98
887 969 63
319 578 90
437 913 40
257 328 30
867 989 68
321 770 72
828 894 68
189 224 68
197 392 66
253 533 92
189 285 46
282 415 74
752 787 64
205 873 64
800 809 20
863 982 2
886 944 16
319 356 49
54 228 6
872 939 74
357 950 77
447 683 55
875 924 43
943 974 42
578 653 44
742 999 19
229 800 19
91 124 82
791 904 97
441 723 63
832 969 46
367 601 66
105 471 44
897 902 49
594 848 33
337 363 33
639 877 45
341 480 3
388 692 99
131 439 63
211 934 93
146 683 61
665 702 59
483 889 48
444 815 11
660 663 32
150 491 70
432 500 59
215 961 79
821 901 61
466 924 3
230 702 66
822 922 30
745 812 29
147 532 80
800 989 86
432 807 92
460 914 15
20 148 60
847 917 95
820 847 22
645 702 87
483 720 92
911 930 57
350 846 70
217 677 78
780 887 61
592 979 9
250 433 9
137 666 58
305 991 91
496 918 50
756 987 82
55 96 3
782 932 16
875 906 71
898 944 4
396 739 82
644 753 43
20 79 31
943 982 9
772 927 64
645 826 47
358 436 19
214 911 17
843 902 20
906 977 52
425 550 90
690 971 41
180 674 69
881 956 36
670 863 89
115 899 22
136 438 83
607 675 4
882 947 17
149 516 20
978 995 95
182 690 44
675 694 88
418 758 41
90 360 35
624 855 1
960 982 33
623 629 98
282 454 26
572 613 41
349 757 95
282 967 64
519 559 37
244 906 86
4 609 90
850 972 89
106 860 74
544 698 86
430 915 32
872 925 71
981 992 48
141 749 59
477 976 64
848 856 84
840 904 95
393 394 56
385 517 94
761 973 82
568 680 89
9 379 13
434 584 29
736 891 15
96 511 1
906 911 3
176 412 25
824 991 60
663 878 82
392 585 1
917 991 32
658 899 6
683 711 20
587 614 32
188 567 15
69 653 45
896 999 62
362 566 91
793 879 54
585 939 62
484 931 10
824 887 10
27 746 62
291 982 12
24 984 95
139 453 56
350 514 98
43 939 96
257 605 14
427 631 10
729 828 87
621 875 58
487 647 15
345 482 41
221 360 38
582 645 80
878 905 87
599 861 68
149 574 44
575 788 11
28 844 98
726 733 19
86 778 72
727 892 45
185 378 58
702 876 49
104 665 4
89 839 75
694 855 72
539 829 98
654 788 88
690 776 71
566 749 56
7 767 72
797 864 29
25 972 89
309 560 72
739 819 27
770 898 54
582 813 10
898 993 58
95 879 56
247 994 69
159 976 47
285 947 4
295 561 83
662 798 97
614 653 72
67 138 57
599 767 1
895 950 88
775 947 78
695 954 35
689 802 50
163 288 7
848 970 37
272 499 36
941 963 13
94 504 2
203 994 38
640 790 94
229 992 70
402 427 77
477 695 93
84 938 66
949 966 29
999 1000 86
179 233 62
935 985 79
466 967 20
234 714 37
931 988 88
435 650 29
361 987 76
588 737 92
559 701 41
714 801 33
150 631 49
86 543 92
119 734 14
990 1000 91
41 439 99
286 316 43
113 485 8
443 864 86
263 534 3
215 975 15
309 547 100
295 469 50
850 903 3
930 956 49
862 976 63
124 448 63
429 527 92
111 498 61
131 467 60
891 939 100
298 613 53
883 983 35
627 734 35
361 773 44
888 948 29
513 937 8
144 869 34
517 956 4
361 629 49
842 959 17
599 805 8
167 857 3
125 506 89
360 456 21
338 417 93
407 626 56
893 953 37
815 893 5
749 815 36
74 387 65
551 944 2
367 692 80
574 616 51
191 427 27
396 851 2
719 902 42
420 775 96
315 640 37
703 956 41
564 647 92
789 857 60
661 811 87
404 655 39
468 603 39
727 771 95
925 946 36
396 686 63
614 776 29
4 850 23
867 905 48
179 500 33
693 834 34
552 660 21
492 705 52
465 950 19
586 644 46
670 762 91
878 949 54
647 954 15
429 894 55
816 829 52
212 645 40
288 904 77
283 480 57
556 640 88
523 891 80
77 585 65
753 776 10
974 997 79
443 982 19
233 681 28
261 950 35
917 960 84
204 588 49
2 18 97
213 290 45
135 335 36
416 483 12
580 791 77
5 614 78
671 893 49
554 681 75
161 965 69
332 639 85
802 895 22
588 996 99
367 983 59
602 723 55
513 651 20
922 999 47
108 925 2
501 792 100
360 586 74
225 668 45
503 820 54
877 943 9
447 932 93
866 923 32
123 273 69
550 935 77
887 894 23
389 817 79
672 841 10
386 686 30
782 856 3
319 609 83
339 354 47
787 796 58
154 297 35
83 601 16
222 235 61
485 611 4
950 973 91
962 996 23
504 530 36
131 835 57
942 972 53
984 993 46
990 998 27
849 908 23
815 994 91
565 583 72
412 437 38
797 975 48
865 894 1
303 904 90
532 860 83
404 568 53
327 903 45
794 954 22
14 996 11
794 809 19
706 779 16
590 969 75
773 902 94
380 955 36
693 800 88
895 983 64
542 600 41
555 621 82
810 835 59
546 632 53
155 676 40
782 797 36
514 732 37
597 701 89
530 801 79
960 983 24
120 804 58
311 651 29
404 886 93
537 560 23
393 531 13
735 856 48
84 621 96
55 308 93
803 969 83
780 902 69
719 987 9
42 144 47
486 809 2
395 547 16
529 836 62
323 737 25
326 756 47
310 730 16
305 715 97
905 966 42
955 956 71
884 906 96
89 333 53
383 646 64
188 969 72
193 891 91
554 590 52
618 763 42
610 722 46
160 747 4
836 972 80
363 712 74
874 966 66
381 893 62
293 791 65
2 345 51
389 483 72
274 795 48
429 481 48
898 935 27
38 117 9
448 984 23
883 993 41
587 980 53
331 704 90
423 884 84
779 888 14
21 257 88
67 945 12
32 825 28
710 788 28
801 892 86
325 842 6
960 977 33
823 844 84
24 368 76
116 945 28
561 885 100
971 980 55
948 975 91
75 557 91
177 609 43
236 237 45
639 729 25
896 956 72
550 941 43
496 772 71
804 926 79
308 564 74
470 489 67
522 579 46
125 729 93
823 946 52
933 951 20
753 759 20
723 844 52
176 700 8
391 875 41
413 706 76
364 758 28
354 741 13
91 263 1
368 492 88
639 772 72
137 641 14
110 500 63
349 530 90
114 772 91
18 647 8
688 846 9
72 603 82
264 759 28
759 939 60
268 960 68
542 957 69
614 928 10
683 764 27
1 382 93
748 895 22
815 864 83
791 912 66
642 856 85
323 328 6
383 990 31
966 996 98
402 750 37
451 688 11
18 118 90
641 682 74
678 901 16
778 895 16
917 988 12
68 307 73
314 907 78
977 979 98
160 651 79
613 745 8
890 941 22
200 365 20
612 645 42
225 924 35
268 598 27
903 991 6
946 965 1
46 479 87
635 898 57
500 928 10
436 814 8
894 936 90
931 932 29
684 796 14
232 389 21
479 741 44
119 628 34
897 985 58
615 899 30
517 997 8
753 767 94
788 870 86
830 940 34
652 852 53
666 924 6
222 488 66
503 615 20
19 430 58
160 972 62
331 459 34
580 915 62
642 880 91
138 483 33
17 506 1
148 153 8
734 923 30
116 795 15
18 244 96
638 731 67
749 810 33
261 423 60
72 195 18
911 919 91
80 510 100
955 995 18
241 692 60
410 957 14
501 546 43
927 980 41
664 838 42
798 962 26
400 658 28
569 826 77
339 897 9
132 247 77
350 498 16
986 992 1
636 996 84
471 829 2
261 497 22
977 978 66
650 659 77
532 891 30
338 603 12
11 363 84
38 919 41
286 445 77
105 490 66
662 770 12
36 869 16
966 989 80
33 907 70
462 496 92
739 867 72
233 787 55
985 998 47
270 736 99
829 995 51
847 974 49
513 831 92
992 1000 95
539 788 98
874 913 29
249 330 96
762 955 31
728 914 45
776 932 79
445 670 29
432 453 22
550 790 52
625 848 47
484 674 15
275 773 84
830 955 97
909 999 86
571 638 43
367 391 64
139 378 11
530 656 5
285 900 97
623 694 39
67 503 45
625 679 28
323 368 89
712 837 5
149 431 76
686 743 19
341 584 36
610 980 100
913 993 41
278 730 54
339 795 12
854 959 1
209 555 75
449 937 14
901 936 27
135 566 19
833 945 40
172 259 41
38 556 59
275 646 72
580 986 52
691 947 87
743 794 54
784 965 10
101 530 9
235 629 76
811 862 100
507 892 29
525 779 21
990 992 85
735 784 96
772 971 23
501 935 41
26 257 23
540 728 67
12 54 71
754 913 62
947 948 99
243 379 88
588 720 6
604 798 22
225 434 18
454 825 67
886 989 41
52 563 70
224 596 48
622 879 92
793 992 64
73 992 78
810 986 27
947 966 74
64 470 62
908 980 95
486 510 33
947 997 26
102 754 90
503 969 59
406 807 24
626 834 57
86 132 70
547 617 8
881 941 88
753 912 52
725 1000 1
158 713 60
916 999 13
510 694 68
715 980 8
142 550 57
308 682 89
930 991 1
869 928 30
201 878 23
325 953 34
441 700 29
635 818 12
432 878 15
888 941 90
407 667 59
502 948 61
961 980 62
339 951 41
557 715 88
18 889 54
84 496 45
623 663 48
607 740 79
11 780 20
648 724 67
136 428 86
250 531 90
909 918 62
683 723 31
70 98 69
845 985 10
788 860 77
823 827 40
654 869 30
428 622 68
99 169 46
576 877 95
226 729 80
2 495 86
863 957 9
160 270 100
101 948 24
34 256 94
212 717 15
590 747 44
402 975 43
944 958 73
795 838 50
211 670 40
264 565 79
263 760 92
698 834 42
585 977 45
113 998 63
260 476 4
422 753 63
876 896 76
177 924 6
970 989 41
729 999 67
660 785 15
596 784 46
909 999 28
815 979 69
550 951 42
791 874 96
562 713 90
376 775 76
650 721 75
382 943 18
289 455 48
621 818 4
288 353 66
542 822 63
848 946 90
357 736 90
38 122 89
518 816 31
806 878 11
862 983 28
244 801 6
315 773 17
574 628 74
232 787 22
764 942 84
630 998 39
815 836 44
443 591 14
999 1000 44
12 565 6
984 988 78
67 750 75
821 898 80
428 935 33
495 794 19
913 960 13
437 541 8
348 548 55
809 960 94
248 296 18
663 937 5
85 444 26
52 295 58
199 531 21
132 625 80
42 743 11
654 904 58
905 921 20
672 740 7
881 923 93
644 875 99
987 992 50
906 970 87
339 454 63
550 587 14
191 724 54
251 623 42
663 712 74
305 686 73
847 871 67
420 962 57
191 619 93
494 526 10
46 804 88
69 958 80
824 982 13
750 752 58
214 916 67
413 486 58
940 975 78
962 965 5
283 571 31
519 803 90
751 801 65
73 542 75
198 220 30
15 781 62
213 387 73
848 919 10
944 960 80
62 843 45
224 519 88
510 613 94
653 844 2
14 594 46
865 959 4
381 826 52
21 598 57
877 939 59
243 933 63
319 457 78
709 835 12
562 575 36
288 513 45
34 640 56
574 585 37
338 876 40
414 999 37
702 926 49
787 983 49
268 905 25
329 562 30
853 859 47
231 491 76
696 979 47
268 991 34
643 687 59
716 996 22
59 400 7
30 183 75
26 281 94
675 791 15
752 916 42
601 751 38
715 774 60
25 213 64
352 583 57
970 980 13
526 689 86
651 891 1
795 848 64
623 765 86
364 971 29
650 824 84
51 424 33
918 951 57
356 774 89
345 412 23
668 722 72
602 713 49
367 592 24
592 917 7
128 703 85
64 865 79
168 514 15
533 848 8
109 432 34
639 978 19
827 858 72
400 904 7
651 711 65
228 304 24
973 975 58
813 874 22
542 792 60
383 881 69
456 800 20
345 749 89
39 95 23
573 585 66
696 729 64
505 757 37
932 1000 55
953 962 13
689 955 37
468 587 96
194 966 39
912 925 38
15 956 57
781 808 37
135 805 51
344 768 2
138 296 1
893 963 94
258 552 39
300 710 68
620 969 76
106 191 21
87 468 21
871 939 10
62 518 11
815 898 84
927 949 3
627 723 48
39 958 85
254 434 74
953 991 50
763 995 21
386 655 37
74 884 86
541 653 80
612 823 66
28 403 3
96 227 3
194 986 92
677 784 15
402 461 98
531 852 82
919 945 39
458 837 66
933 940 66
470 829 94
826 983 31
555 931 53
926 994 66
249 312 40
634 901 25
331 849 50
558 902 79
300 800 50
339 639 47
474 530 38
240 748 72
663 920 41
852 920 20
963 979 93
877 928 94
820 956 67
690 900 92
628 733 66
744 840 56
617 858 71
58 267 73
71 407 93
947 964 22
612 856 34
717 758 79
267 428 18
723 897 58
186 350 74
44 809 50
513 654 60
657 748 66
280 737 58
780 895 47
803 836 59
486 515 30
359 859 5
929 995 61
846 995 11
844 976 35
836 927 48
298 593 95
654 738 87
914 917 94
382 573 40
92 738 31
140 483 56
26 953 26
537 751 33
138 240 63
610 912 56
969 970 17
452 705 69
89 773 61
550 689 87
211 634 79
946 984 50
323 687 55
601 890 13
646 796 74
787 905 66
576 905 81
749 992 29
895 951 70
44 558 49
844 958 39
530 773 88
72 84 81
101 813 95
919 942 49
587 860 14
905 910 14
401 885 46
118 609 90
275 320 62
637 785 21
831 843 2
907 984 69
527 957 1
960 1000 65
769 933 45
78 545 84
732 736 38
471 780 98
370 415 5
945 990 67
793 976 78
385 437 60
615 856 25
792 955 15
158 971 13
75 907 86
157 954 41
222 767 90
423 902 31
686 909 2
933 964 76
186 260 3
843 928 7
921 950 56
512 883 2
719 793 89
353 362 9
850 868 81
50 283 54
661 926 18
733 858 7
364 492 40
991 996 63
653 806 14
33 730 38
656 973 45
210 686 89
584 957 24
892 956 71
508 945 1
479 913 31
687 918 49
448 868 17
857 971 58
162 965 24
232 795 77
357 684 45
233 913 12
827 833 84
353 385 49
21 496 29
922 931 36
665 720 33
193 930 65
12 997 80
825 916 59
784 908 66
622 987 100
235 762 84
600 764 32
841 898 83
217 800 2
75 590 78
615 623 88
152 339 93
257 987 94
989 991 37
487 618 49
810 992 35
707 943 32
631 810 84
75 692 68
185 457 15
279 653 85
386 474 77
933 963 79
311 331 47
453 541 13
677 736 98
336 630 72
214 414 56
647 1000 36
322 888 5
971 972 9
569 932 52
627 788 52
703 850 61
391 907 81
295 511 38
643 926 74
440 921 63
398 695 24
988 1000 86
75 920 37
505 771 5
476 809 85
439 903 31
613 778 12
739 865 53
568 592 42
835 922 36
339 858 26
849 905 86
295 573 31
147 166 81
913 946 54
525 687 64
35 678 20
641 678 6
434 878 75
557 585 28
325 707 27
581 936 58
248 525 14
665 824 78
312 399 76
739 940 93
105 106 3
467 496 36
745 982 93
972 985 48
775 805 93
419 960 28
232 570 92
433 620 23
722 776 37
68 105 26
276 696 58
309 947 77
429 997 91
646 748 27
985 990 76
16 160 18
492 647 1
337 994 8
700 776 88
925 933 68
895 935 29
433 490 5
764 910 70
704 954 79
681 742 73
540 998 3
931 962 8
403 770 96
987 988 40
559 944 36
135 520 2
945 981 32
384 820 86
787 894 87
292 996 57
628 668 35
451 849 7
913 959 79
858 929 37
847 979 99
639 720 10
713 829 51
28 688 53
344 747 18
524 532 85
789 809 97
452 709 100
175 550 61
690 947 19
964 972 28
154 775 80
713 883 27
672 701 18
974 979 54
239 570 75
462 746 17
159 657 61
473 554 56
420 984 89
477 605 91
633 875 9
554 819 77
296 502 15
527 707 64
258 415 72
709 862 36
369 945 95
986 993 30
484 512 76
339 994 45
144 317 20
909 995 2
972 982 99
214 603 3
690 910 90
923 939 63
250 687 5
104 436 34
660 798 33
657 811 24
755 961 56
373 551 40
354 445 16
745 845 56
187 845 86
400 789 29
888 992 63
309 903 75
321 859 36
598 901 19
849 928 75
381 420 17
889 897 9
604 933 28
195 999 80
42 599 91
727 970 27
768 835 51
671 918 67
370 718 39
613 863 97
259 872 94
761 819 50
381 808 17
516 610 75
170 901 91
223 232 28
696 715 6
150 724 95
399 526 88
755 975 88
279 503 2
154 760 83
144 606 74
342 626 50
737 964 88
585 859 80
727 858 50
126 709 51
805 852 59
724 749 21
511 921 55
495 695 14
974 987 11
875 932 83
773 925 88
399 742 16
557 926 74
662 924 82
856 983 13
379 817 24
528 668 81
762 825 42
407 595 45
852 870 30
198 480 57
805 948 92
853 875 87
827 891 49
892 896 76
286 580 29
472 561 44
566 890 23
374 810 55
502 700 51
304 475 76
268 475 80
103 858 29
153 864 43
238 258 88
591 976 3
854 941 12
826 869 22
108 567 99
637 783 41
480 901 63
723 828 41
746 995 74
698 776 6
498 785 16
330 704 39
102 694 78
887 913 54
216 250 100
515 583 49
234 618 11
240 671 54
5 320 40
484 614 48
759 854 51
617 922 13
19 99 80
813 972 13
156 751 40
519 530 18
341 728 12
668 852 100
278 756 88
984 990 88
294 634 36
218 410 68
914 929 28
398 716 42
26 961 34
119 486 77
768 905 20
654 755 15
209 284 47
791 969 88
429 629 60
640 901 82
86 831 52
835 981 8
828 859 24
476 648 74
305 807 96
360 655 85
208 971 84
61 950 91
147 150 14
513 996 80
907 995 93
752 836 54
868 926 18
411 638 40
351 674 99
840 899 33
451 755 68
61 138 74
498 618 87
120 126 31
218 513 26
959 985 5
930 962 37
831 980 47
855 987 77
178 671 18
53 399 27
993 997 2
36 583 26
403 903 29
446 677 72
601 916 89
280 824 62
255 697 7
460 538 32
689 881 73
930 967 82
866 888 27
631 939 24
714 949 13
162 592 10
568 991 50
445 793 13
63 977 64
95 661 48
710 823 15
410 433 18
27 404 95
431 762 49
774 826 50
659 753 8
258 448 79
668 755 67
274 987 36
486 807 58
988 992 52
870 914 20
552 626 65
54 829 37
360 561 71
556 889 59
948 977 67
651 785 36
470 914 95
495 883 65
408 624 36
681 885 62
687 755 56
866 928 86
618 767 100
585 891 6
91 200 20
486 922 69
68 991 61
610 920 79
8 942 97
471 922 73
313 644 42
467 990 41
526 768 70
389 447 47
972 978 18
533 823 49
989 997 87
416 674 63
1 387 53
211 770 65
45 852 97
319 526 43
469 922 14
229 722 60
679 689 37
308 480 96
811 870 37
577 828 12
223 982 41
135 233 93
298 407 21
489 771 10
797 933 99
195 416 54
157 788 21
384 609 86
778 837 92
139 650 21
491 847 81
781 852 75
865 879 46
743 883 39
108 209 72
880 953 59
141 628 32
457 581 82
454 633 85
960 971 30
874 958 45
819 942 21
245 804 13
710 927 85
32 457 30
333 857 84
230 342 74
861 938 51
530 590 98
987 1000 46
910 972 40
49 171 56
539 939 44
374 686 63
825 924 14
968 995 30
168 181 50
355 532 49
80 789 28
504 507 69
626 735 30
34 884 14
406 427 26
963 972 18
678 710 11
202 522 17
720 969 50
971 973 67
633 726 36
184 198 77
489 490 34
519 569 78
482 930 27
895 953 84
445 970 52
616 618 90
190 745 80
875 926 20
991 997 29
300 796 25
278 605 27
487 849 76
343 974 33
813 934 52
247 314 25
160 724 7
809 851 32
706 940 47
73 256 7
336 971 38
383 464 99
236 337 85
253 918 55
649 818 28
203 941 87
121 552 85
245 337 79
460 990 86
831 969 26