100
7 16
16 9
24 1
10 15
12 1
17 22
19 7
8 8
16 12
1 2
20 15
16 20
7 13
4 25
13 16
14 16
4 18
20 19
13 15
5 11
5 14
18 12
7 25
18 20
2 4
5 10
20 9
10 4
10 16
23 9
4 20
17 24
1 18
1 3
19 5
21 14
6 7
12 16
17 15
12 20
17 18
23 6
6 25
20 14
8 21
20 24
22 4
22 1
21 20
25 18
3 12
1 9
4 11
18 15
12 11
10 25
2 21
5 16
25 4
20 13
16 1
19 6
16 3
2 9
22 25
25 2
12 18
19 14
3 10
15 7
8 23
10 24
20 6
13 21
17 11
24 13
20 14
5 15
4 13
2 16
2 13
18 15
14 1
13 2
24 2
8 7
10 6
14 9
11 18
18 4
21 5
21 19
19 10
24 4
7 1
9 24
3 1
9 6
17 12
4 15
