1000
1647
596
236
788
731
172
2791
4493
4376
2181
1701
4213
578
3248
2692
3219
1328
4208
1628
2174
4861
21
1656
3697
3266
1974
1683
3481
4283
4686
2940
336
3962
3220
302
3489
109
4960
465
735
3266
2056
3097
1422
1197
3195
109
4270
2792
2195
902
4594
4470
3722
459
2509
731
2037
1264
102
1184
267
3435
659
4224
1454
2308
976
953
3667
4445
3623
4602
1976
780
1724
2455
346
102
4780
3566
1238
2829
2213
1403
1305
3074
1177
1902
1204
1915
3446
3457
1417
3917
3998
1962
1728
2156
2107
4176
2507
2772
4764
4101
4254
4356
466
3213
1682
1073
153
990
3752
1047
1791
3360
1852
1167
377
457
1506
2247
3906
327
3828
1875
3930
3337
1705
684
2468
2258
600
2666
2425
2804
1162
3637
4743
4763
1431
2442
3927
3045
3886
3346
2549
1507
4744
4143
1516
4908
2202
396
3991
3870
4666
2310
2289
908
324
217
333
2113
133
1242
2512
3493
582
1065
843
3396
2330
1543
3097
603
2632
47
754
2641
1308
2440
701
3575
1910
3757
1315
3561
4415
80
4471
3089
1968
960
1655
2388
378
3825
1085
2371
4230
3502
2752
3409
3898
2946
3048
4565
392
3092
722
4376
1968
505
1338
1193
1717
1987
479
2962
3705
308
2623
2944
2749
362
1530
3574
1852
1674
1958
818
1022
1291
414
1493
3022
787
4542
296
2562
1011
41
3063
3615
2897
221
2707
4498
3773
1986
823
2019
3406
4912
2594
4181
4173
1861
1350
4088
555
1240
4370
2407
1410
2724
4950
3801
161
621
850
2616
3876
3993
4729
1345
2860
480
1891
3986
1870
2425
2075
8
3132
4019
3351
4987
1558
4975
2607
151
4816
2414
1916
2272
1453
2803
1777
4184
3782
4049
3779
1011
811
1670
2617
2191
3063
4719
1327
3849
931
1394
2500
4428
2974
823
312
1552
1219
2005
4409
2220
3609
1429
3701
4085
4427
4623
2910
197
810
1353
1116
3628
4360
2865
19
3288
4005
1189
875
3806
1408
4421
4715
1162
4978
1568
4986
3181
2357
4775
388
3118
1620
132
3456
4518
4542
3950
2494
2154
4784
4291
1192
1123
870
4644
4474
2138
418
1284
4720
3500
1050
466
568
2574
380
4135
2129
4710
2051
458
3943
2429
2620
2349
525
1747
3335
1736
4462
3029
806
4877
3901
4028
2889
3523
164
3714
1714
367
1348
2502
1664
1286
4051
2165
2609
2428
1148
914
749
1687
1359
3896
4246
1420
90
3703
4030
2823
4000
4058
2606
1178
772
3847
1008
4984
3812
408
3030
1356
4852
305
177
3194
1554
11
1353
1601
203
4774
1872
3133
887
731
3308
1718
3690
2969
1501
2756
1974
22
4039
390
62
2169
1083
2281
2022
433
2814
838
4242
2529
2741
4291
2541
31
254
3167
1309
1156
2449
986
1376
3230
2454
977
2090
2382
3445
1445
3973
989
1262
4548
2021
1555
3942
4856
1058
4536
314
2986
3941
4982
1131
4863
1779
1954
2527
3764
387
2921
3509
4516
65
2333
2826
4513
4512
2853
3444
3638
2672
586
2909
3578
1951
1402
3406
436
1852
690
2863
1245
155
4710
3616
2806
1707
236
4936
433
1393
950
4513
3880
2254
1157
2817
2496
4367
4139
3044
817
1389
1781
1108
748
573
4213
1218
2623
1356
2414
3965
2938
2339
1104
4824
229
1619
2068
3309
3880
1583
1946
4031
118
3360
1402
440
1856
2032
4899
4433
2998
3534
1562
1202
2286
4186
1363
1719
4032
2899
3059
3746
3464
4387
1190
617
3785
4386
3224
2108
1020
1304
113
428
3505
2695
1378
1291
4400
2872
1096
4846
4686
3436
4831
2067
2319
4580
4512
970
434
1018
3124
2550
2379
2133
3113
821
605
3579
3653
2587
2258
2941
1780
3925
2315
4533
4823
1042
3596
1785
4322
3339
811
4505
2368
161
2809
1089
1319
1011
3312
4861
2196
4896
1409
4776
4050
414
1991
889
4960
2805
3394
4287
68
2786
3357
3471
2495
4142
1764
2004
4214
1463
2631
2808
420
4608
3759
4508
857
1633
2804
1021
4965
4284
735
4776
80
1959
322
422
4007
1967
3460
2096
4889
2539
3630
3664
4952
3612
4210
3098
3477
4290
1913
3925
3303
3245
2823
2299
1641
2709
1433
704
3939
1010
3694
1842
1561
4976
3612
4976
3365
1886
1312
1172
498
1158
3331
660
3831
3756
3306
1149
102
2492
2508
591
1049
3298
894
9
94
4791
3239
1267
1455
3704
1049
391
1276
3640
1963
3236
3531
4332
760
3927
1713
4975
369
4200
4065
2084
847
3471
4647
2424
3186
1090
3553
2289
3152
370
1289
4562
1680
4402
394
995
2670
1212
1839
2521
3582
1521
4009
3702
1294
822
3643
417
4855
3110
682
902
4326
2273
1887
384
691
4113
994
2783
484
368
4389
4299
3221
2716
3177
98
3064
2023
210
3948
4942
3422
4109
493
1534
1567
96
953
1460
2246
1670
4738
4417
3653
2865
3902
779
2329
4956
3487
92
4466
4591
3738
101
1219
1457
7
3462
568
2863
1116
4681
4361
4022
4416
3812
2169
2055
1613
100
3098
4530
3451
4022
700
1574
2588
1056
2932
4540
4898
1436
1450
3413
169
3003
657
3911
36
2544
2987
2419
1001
4345
982
3514
245
4688
2620
4658
899
4800
3232
3158
1329
42
1504
1589
4815
3123
973
4482
561
1146
4034
1098
3481
2275
2297
1156
1908
2758
3460
21
1399
4638
2816
2146
2213
533
3842
1854
2069
4274
4287
3938
43
2807
1330
613
3852
2521
1535
1670
261
3705
565
2979
1886
1417
1058
4607
3530
4203
91
1260
2065
2688
3982
2701
2628
3682
2932
1752
2986
2734
2395
3096
2614
4519
970
2778
3055
61
2137
3357
2549
2655
4755
145
978
3923
1244
4646
4657
1370
4918
158
3119
4979
1868
4973
732
89
4352
3547
1819
2917
2059
1978
2778
3745
