10000
41947
94039
67073
46326
83781
28106
3562
375
51640
89371
51305
30787
26794
45699
63848
19794
56234
23799
41164
74470
22581
99501
45051
88933
54785
88271
80120
68201
16770
85886
74636
10894
85124
95868
87194
78775
35792
90932
79326
38149
22196
27014
48144
83132
4173
77431
96433
36354
98220
88988
44849
35301
72070
14259
17528
19826
5395
88651
29187
22010
7724
63298
1031
81238
3180
52518
22134
25031
97952
35084
67902
46160
17234
40161
75806
8761
56757
66475
96435
21198
55269
35135
54384
88283
15647
23336
42610
51368
52809
63441
8787
58959
15378
89748
75532
90463
53497
59105
43452
66098
19851
41872
67691
4942
43409
80926
4556
20860
94951
57312
31644
88193
39428
90350
41895
24951
65596
55315
72095
47250
69239
10574
48906
99052
62887
95872
56110
52561
59165
31551
90807
35607
59475
30492
25788
32684
53991
46453
18692
76771
40504
40855
62311
58140
33506
19984
21283
31783
78630
67776
29265
19793
23352
25079
46045
57754
57480
96295
70323
47905
66664
90903
31692
6934
1370
96809
67425
444
28168
16966
97874
73419
87011
83777
80562
629
7469
38525
96437
41182
48144
39683
57365
40743
94032
72537
53228
72926
58610
97169
12795
43549
66120
54513
33454
56673
71855
1229
25772
41411
28405
50715
23952
66849
38870
55223
6846
12399
96858
76256
2952
84507
7613
51200
25241
19560
57581
49543
79972
50834
20793
4638
22424
24741
72654
21907
4284
95006
64791
81870
88434
67173
96994
43939
91893
17793
65698
32897
91523
60435
42009
86343
28931
9418
19954
45230
93991
78193
80083
46146
66285
4769
61598
9838
73110
44500
34228
61521
89348
3867
61986
56142
51462
21017
72901
92379
20429
49581
20796
52842
89032
71215
85116
8509
12517
44511
31729
25947
85665
71284
5934
13526
1710
34615
44014
61882
8544
81230
95903
50226
43245
37671
27661
76368
60882
61843
68783
63956
50396
18726
10068
23122
80173
3430
32934
38070
87162
1148
12087
34067
79887
92018
78572
7326
55921
95745
22964
80386
33705
94212
58720
85641
79659
70528
82870
50444
75659
57519
93028
1622
23505
42121
13148
51192
15675
53437
67965
96592
48222
16405
32755
57151
82078
47328
71234
12410
81926
52677
63095
74513
85312
79953
83953
81865
95531
23951
75208
83353
56961
87934
6184
1710
61243
71892
52007
88474
63211
50414
23055
19700
68249
16945
82618
11988
40077
56970
6398
69160
13696
59193
11223
46904
75455
57698
71441
44782
31560
32044
34283
76387
25435
27075
20419
35547
3064
20377
60425
21476
25934
40713
66614
37433
44134
42334
13915
53301
70968
5635
23168
38100
4593
62035
58150
11171
49510
69056
41839
75426
67800
93482
30778
57875
6948
68608
15026
85626
45111
69430
97720
11697
66349
10084
28810
52931
47666
69976
66077
78241
86835
77466
1118
87613
73570
70330
16135
39129
20991
66579
47910
62097
73174
9707
46341
41734
63657
39554
55431
40161
97287
63230
26047
36613
94001
9033
56851
10866
798
30506
89070
83495
16055
20628
8611
67940
5532
10171
91966
7776
8996
12437
24418
4390
93543
2589
81015
13242
3825
55280
95308
77502
35524
85045
60405
23446
62626
62553
10582
17051
82855
64293
22540
2893
18287
80814
85975
6968
96322
14832
53328
72835
34867
15731
2724
82381
37290
42655
92527
76712
64695
19014
60059
28094
49595
93397
7404
97244
35712
47239
56167
59099
27236
7033
87337
50962
66840
50787
96662
38566
27513
16592
43401
39949
82728
51183
17199
83834
66545
75661
72626
29090
29775
7875
47680
89107
75462
69732
2696
65630
28765
90832
45613
23101
26189
54398
46057
4189
56971
15162
20396
17681
29804
56324
91652
37434
20927
11172
84377
50090
24080
95402
87332
61357
3893
46005
97044
15112
28565
29420
99790
77541
52518
37252
98572
63821
6561
50353
64796
60507
7640
96180
88647
36715
25862
32603
60806
45314
99732
87670
82169
23037
94990
23350
69638
21650
29272
67908
75338
50366
44035
75639
47133
43973
24995
16201
93999
73503
46916
34043
92839
16755
64865
50974
36643
9636
10410
82498
40191
63747
37300
25103
90692
67695
41143
50055
22842
67887
37793
89647
32917
68088
34715
97200
6317
49192
77257
6185
32013
27885
46277
31918
98967
18462
56701
83120
6354
38441
30482
82957
88772
722
80155
12600
61601
247
25212
48003
76023
52976
27350
43623
97067
76398
54445
51214
21870
745
22633
15247
99787
23698
67425
54349
41326
75458
57313
96556
96955
10486
96214
34195
53642
16271
86656
71481
52395
92415
96192
17463
41890
89965
7102
84765
74085
78721
27507
91264
19485
87798
11491
51193
63481
22801
86370
82702
13204
10899
35111
99309
24524
33522
65080
77186
61301
18195
17589
75260
45379
95072
50917
5035
83580
23931
69317
53581
8664
22314
50344
80665
31931
79214
68862
85475
26973
90937
67986
67714
50572
28886
66779
71168
43870
99443
13611
20905
71515
26774
66806
73635
83700
7163
30884
74796
87914
32749
64635
43662
52555
61213
71336
97109
77313
56109
42932
28339
89185
96754
38503
1408
39890
86979
92803
66777
43681
92592
19860
46845
60287
87543
80391
10137
87374
18368
84553
78542
49184
65588
57963
47727
20242
29953
30725
78060
84251
87343
56135
27191
3
43360
3372
59154
74924
92285
90986
213
65579
98218
84740
33546
69888
96286
91452
77022
23999
23102
63584
51539
82514
67083
17783
90018
31625
40760
56212
97488
20210
56567
68402
82822
93816
29556
10900
26122
23172
88076
71858
93485
29535
45252
99696
94241
17105
8821
39776
52136
16308
9863
56899
54559
335
71551
21418
41394
1512
50193
14242
72666
27517
19615
96952
99701
49706
73710
52312
55370
34752
16264
55351
53447
47609
52667
21029
146
50154
37984
5919
38892
25250
6119
58101
66899
27763
34693
86467
55092
91926
51888
17717
71492
44013
87259
24593
54275
5695
48279
37343
61910
92474
71371
57225
81623
91347
88271
67370
47353
22927
30010
41589
63278
11588
68412
61431
17715
12780
38543
69581
85647
49098
56588
47041
96243
30844
67709
89265
4670
74616
24561
38936
25813
79803
5611
90127
82524
55107
941
84632
18133
48450
71341
9911
29283
44809
2248
94316
9692
53599
61734
3936
65380
15270
58359
37587
15133
10140
71964
38811
2417
90554
47171
39732
81902
11805
53953
40090
3458
36645
68388
51072
84020
96288
84341
77634
84701
76233
80357
64156
69879
72681
91252
95559
50555
89566
50228
68558
73172
76648
93299
77150
64912
1670
56117
94386
16088
26227
50952
23519
43340
23416
97513
63606
57001
88738
68419
48070
58491
30455
18149
12537
71419
31936
77855
69874
16736
58160
27210
73124
15482
65673
40836
13537
64953
83747
18078
59927
85537
49812
59437
63617
29673
1662
63881
50460
40994
25442
79941
9874
52220
66737
26561
87533
72481
77606
8740
30166
58233
4959
80456
28483
95791
64455
6045
39347
64454
27577
34584
82385
94655
40245
14933
40106
95883
75876
51679
47953
78843
90382
97698
58709
66959
58069
42106
66904
34781
34558
44037
97823
94610
26578
72016
64696
24970
44085
49534
56083
16093
72266
60120
41366
16899
92207
16819
13557
83437
39838
72957
39244
63793
20725
57861
40290
55771
42365
73102
22042
48629
87015
51114
7086
96817
33835
23872
67322
79345
51977
26274
921
26952
68520
66289
71602
69990
9336
20924
87794
7410
69923
32252
5762
42621
20494
45197
42717
35963
80545
28780
85985
82279
54961
97117
47096
26527
69484
24154
73284
35748
52207
70687
59876
62780
78254
24421
51733
47740
93302
63396
26235
30712
72137
47917
67258
49592
60106
16291
42348
25034
23972
61815
54595
54970
81662
1528
1870
76727
32749
2764
27964
33515
2879
83826
40870
13337
17740
65109
97568
53089
39215
90478
12255
40995
59069
41
65143
36685
79407
50544
76352
44988
85055
53200
49691
4176
81757
56459
59092
13316
52590
73588
55880
61362
89338
34277
8961
73180
57295
7287
89955
30907
65793
29544
64267
57573
28229
58538
43184
81701
77020
80182
64477
78329
60583
53202
79045
26193
41044
72056
27351
77955
14590
91140
98584
3403
20656
89619
66881
72586
87076
18757
19441
27568
32713
24903
99469
4808
42155
28275
80060
39332
38925
6479
1443
24045
65341
94957
97215
73710
73591
14692
30170
75686
18711
14861
71395
4644
89131
23469
96662
75510
86243
71182
58881
9711
16506
18457
1069
16614
70613
36581
33740
24820
96448
92844
2427
51446
13582
22660
65251
29560
66232
53769
42127
63981
27963
53554
64489
93342
29391
70530
75492
7598
16679
32798
37128
88947
29315
22065
71264
92494
76464
60581
23879
30951
48263
17478
33517
34999
10190
81256
38810
94942
70018
86291
63080
66558
10494
63080
27156
76933
12957
74457
43449
99077
74608
97996
18100
23469
76476
53629
54439
50202
32939
71720
59411
23852
37141
88668
59953
48768
6117
95016
65597
15230
71949
93810
89959
58706
88361
54635
37996
14952
22672
82267
67344
50184
11212
53749
52939
62925
6745
46818
27802
41025
37560
76634
31053
942
38947
26089
10210
49808
91962
31535
80425
52694
58446
3295
16897
41922
11909
16077
23121
17323
2110
34301
29
7715
77506
73420
13782
30493
75079
96962
95412
67862
53570
42039
80402
96473
40585
58928
1098
28357
63589
63433
5312
77187
60501
40468
99429
51885
94729
6651
1782
35221
9802
12483
79267
53695
81534
16507
22776
44919
3632
41090
16254
96034
77557
4960
10310
82366
28851
62255
39817
39145
52946
37630
65377
890
66363
63833
91542
63442
32967
21181
26650
99751
593
96248
83144
21385
11791
4050
69996
90766
30012
92846
13981
39752
91007
14007
35344
60135
85037
22786
61474
47685
39048
92617
57274
95272
14863
54152
81621
89836
58623
7929
89052
15960
74027
44628
65814
74454
18876
97839
11099
83642
86825
5871
23336
39688
81038
13840
62553
33033
83338
71029
84617
74949
72986
12383
36390
78346
97129
57763
25989
29592
30354
60978
61940
57094
20605
94335
80668
35717
69622
79998
98064
5383
8550
11305
71181
22826
66399
47603
63251
47235
46684
18730
99819
41497
23691
86321
75895
91236
74865
92235
21408
79400
8487
11784
17229
14871
93884
76450
25852
43526
9969
74517
41549
1314
55340
29276
76689
58049
71922
31788
45963
88395
59012
9379
71024
91957
1779
4530
32980
58480
66291
163
7747
75928
81242
21908
55052
35696
6984
36658
23874
45977
97563
82821
1209
80862
59717
9451
45894
91979
35052
36998
39509
28614
136
32012
2810
57302
66602
43854
53505
72238
71242
12341
2992
47084
12153
48550
16812
29023
68410
28193
5330
79168
85560
23674
11076
70008
77524
95022
94416
83051
65675
13505
4924
98968
93536
15232
11835
96015
29359
18821
98977
37732
78654
16779
75537
44440
93212
50189
28096
19942
31413
17603
86448
75771
8158
95903
26122
40046
56601
34677
48829
23222
93119
96131
10357
56591
71914
45747
95892
69072
70164
66735
41441
80699
30422
30892
43489
49590
60174
90599
29605
73013
38195
34914
67439
399
5675
85632
29088
63748
89995
882
64507
776
2926
46380
18198
93384
68130
39295
25941
56021
51479
14027
8427
87223
78476
65676
23144
48500
45360
35221
86223
19649
10101
81999
18841
49088
90363
89698
97498
43958
55215
87774
3982
77188
29075
85293
41155
33399
10973
57620
13983
27512
34835
98304
57773
12229
8054
25448
14684
49724
83731
58800
8999
89028
7877
49468
68831
88759
78296
9755
41618
44436
97456
39891
1004
28363
65304
71573
37209
21277
40914
31360
55577
10550
30368
86020
92739
70493
10989
37952
87750
73341
61652
67518
93858
45480
51604
19866
22665
82192
22671
87785
60495
57826
7272
86390
30464
8847
52716
87864
73429
451
24636
64776
35945
40356
7692
1034
66683
12146
40092
39646
5498
22830
70694
76134
60342
81878
49402
85088
20915
46211
77696
38649
31640
53270
35893
28134
21245
72335
64418
53531
92433
93938
46987
20393
2507
38912
4985
19887
54879
22583
57489
72706
66658
11269
63972
74267
73995
15969
58240
13452
32245
24323
67794
24309
72962
29924
19521
24543
25011
75402
74824
74989
11962
85368
36435
75331
59430
60889
42150
83426
24619
68448
99820
60609
64125
13873
20445
28029
33139
45887
69738
31689
11096
3687
49812
67681
50620
51872
78296
48358
25806
18265
87310
71733
94461
52667
75466
6154
42364
26017
64514
90728
96873
67073
16450
57746
83482
84912
64054
42673
7320
7776
19060
87497
30477
51734
4508
8920
96498
94328
14168
60771
23800
93520
13481
41752
11001
23103
15457
21960
49280
97755
271
9862
37097
22561
6226
69550
54019
10070
41313
45624
9123
11254
94653
36458
98681
75965
88857
34210
61356
38044
77353
60929
79917
67110
81468
57185
77625
33542
55434
48399
93627
90876
70104
78983
67339
15668
71623
20330
79226
48949
13316
55936
19469
77144
63711
28787
75036
49922
84903
89591
41199
86085
29003
50740
80301
30740
31159
16379
69540
37559
69532
66301
28731
70770
76852
8670
45551
51438
43039
11911
50706
56357
86833
15806
32110
73854
40992
73697
80110
98302
3006
33286
51779
13730
77246
11206
62882
55344
97067
75846
58217
628
87591
27079
46519
29448
78611
10605
31349
78833
64265
27361
64284
22474
96577
79398
45853
29192
14126
93095
68793
30441
41527
94051
82195
43155
65901
71342
39850
3002
64942
49246
55874
56687
99465
94089
94618
47319
33147
61490
42010
17035
17233
39235
5259
96879
24499
23523
50696
14993
3094
50171
27303
28075
51082
15082
39855
60879
8610
12326
43410
44837
32551
47004
41680
45176
56196
71961
29803
33805
95116
94553
86438
54985
82919
94111
51486
36825
57287
67550
66024
6314
8191
32805
31646
73626
29981
25044
45232
38883
84573
83783
69408
64270
78614
14514
52548
78390
73657
33193
53708
56791
60253
94933
3894
70294
76307
28356
9542
2315
16597
9442
2577
82599
31447
92854
10159
73488
61162
93069
64640
23655
91000
22040
61071
41356
66142
66891
18221
84041
73472
65638
68137
95637
70847
84175
48837
26655
6825
93739
1576
16485
10400
31051
85373
15114
28292
90736
94790
64245
50450
9578
94677
62181
20912
47306
56156
34253
12953
31289
3139
11806
20229
33229
5137
84350
77800
54271
62961
71546
69669
50497
74248
55040
17607
74917
42687
92130
34571
68248
83986
42572
5486
42448
60750
94192
81066
52920
39399
12839
51871
65102
24842
63792
12764
62564
77207
67711
45010
32888
85861
94960
3837
85906
69465
56947
46950
75667
71449
61050
18556
63732
30001
73760
64863
38744
79635
84097
3254
405
28477
99872
83068
5448
53185
51872
8716
48112
34986
34047
88481
61713
56625
45753
22618
98225
3494
32880
987
50323
28855
62127
18804
42614
46265
58290
73616
77923
22207
42753
57899
79572
39087
32453
33548
68444
6441
12694
55525
90266
17985
92657
49240
989
28433
68123
13649
29197
32399
75059
18797
99664
18420
2007
35931
88943
97525
65944
31602
1372
52544
50660
2859
81882
94376
65410
38739
5626
19318
15136
18743
63181
56573
89499
12851
43760
21329
95748
94498
96868
62849
69908
42742
45571
44097
9695
45139
95326
15545
83372
72222
90764
55271
2625
86657
68197
2193
88651
18223
72182
66350
7906
70438
55944
11881
97677
40962
83460
1063
44625
93528
36381
22097
86409
19843
78453
69337
40350
26899
80052
81208
954
84888
63689
55539
43911
2254
99647
3751
92499
35593
47672
76866
24618
71666
86603
98108
12917
79882
51273
20767
14233
92947
15465
47419
49291
17468
19832
84701
9826
94084
4345
50319
93183
22209
9032
61473
63078
98945
84195
67117
16383
83903
31430
63514
51472
93877
77942
43668
6334
92780
89604
74172
58934
32198
2218
1459
89828
90662
199
96699
72673
65480
49777
2977
79604
60627
16905
99665
3419
39541
86330
32464
62662
21385
39118
73730
64788
70219
85393
22231
15716
32098
68991
3787
94456
88783
45108
2377
22848
569
48600
95861
59357
81777
98325
65423
80339
65489
41835
55390
38769
95460
60312
12105
70067
11247
39332
16281
77941
60868
47487
14260
20308
54662
65760
68243
34319
93545
51764
46226
29534
31604
72583
21220
19350
74269
94563
16633
4973
62564
66990
15093
10206
56162
49079
1846
27214
93102
23291
34680
88807
31362
24673
63984
74079
11704
76003
31773
16534
62830
77109
1470
68347
96550
50386
37740
70985
60910
92180
25875
33393
49422
55384
5055
92399
40063
7864
2901
95509
66565
6612
13367
46876
45887
83186
54776
20934
47353
69825
15240
5606
54360
32504
93470
58998
86875
15274
38585
92169
58756
96043
27738
46475
61024
6402
61697
32225
80593
51126
70704
49754
81474
25367
68048
78346
30590
52965
39602
5703
43468
31370
75589
27752
78754
63241
10115
62916
30818
16388
78831
52899
19481
75576
99681
52872
24802
7891
34812
71013
12549
82032
50934
47412
61682
17700
60505
64148
97285
37155
49941
91335
93132
10141
21272
33124
81804
55487
38443
24057
27199
87497
71292
58834
4932
33723
61840
58224
50075
86614
72233
33813
39954
2347
76154
96517
88768
16495
78067
87920
63422
41931
8370
43497
25235
24639
91039
26790
1168
37118
5099
69021
61036
1094
45837
27165
4193
3168
54244
71291
77935
89322
37280
20575
12820
3328
71182
49427
42879
96748
87996
3905
49208
54290
58090
5144
28515
99335
56818
99138
70267
98097
80770
64985
19752
94899
84794
40329
56034
89278
80076
76694
76112
45790
33702
63734
59346
19405
71282
42879
20844
35960
53850
45987
84999
11358
95249
41320
34542
4781
48505
34362
66974
64876
31810
36913
43588
81523
86529
60613
43909
58646
73265
65547
70466
81065
91979
38299
83132
92732
47974
52601
53998
58887
45050
44316
38241
34704
98772
54380
66922
19890
89434
98438
48259
99058
93190
31095
80164
1319
75895
61038
47030
52544
17827
3951
14053
73415
55314
70370
49943
91231
34073
21796
27939
14109
4821
47926
53982
84727
61287
38857
69074
9195
20792
34434
88250
93947
43418
66301
77935
83641
51025
68602
51623
33830
18152
6652
24325
96143
75720
86701
46333
54615
18742
13938
2040
32192
17954
3247
98768
62004
81901
47111
55131
50094
3446
68981
48756
13760
46780
92756
11273
76531
1876
17238
91897
64288
17684
97014
92754
56069
38061
15927
7797
33362
39908
20699
56221
15857
5506
920
78984
4720
78440
20429
7148
38313
95322
63532
88921
70990
42516
44688
18159
27970
76592
65751
51496
89341
18181
86090
81011
92572
29899
71722
97197
74167
53726
36391
10095
14972
64912
88680
70029
86299
38631
35821
81828
24924
55019
29632
6264
94594
75107
15051
99808
47321
93851
89729
71707
72556
25909
2592
40694
73051
85251
50098
19140
78039
30545
147
45710
59251
24299
1668
83007
46520
43055
52033
11703
66746
23850
93216
64947
81782
43152
43573
49012
58893
17331
79205
63654
66878
91384
76299
57490
65559
37844
60364
30470
41905
76103
84723
86172
36278
56189
6519
68388
1875
10384
34671
77005
12852
85941
55443
91671
3733
87114
58981
60773
76092
25953
31380
90353
10383
3067
73910
48833
51475
64826
12948
61998
13825
81723
1293
30352
95490
31498
8632
97252
74009
92907
97516
67369
69294
22979
93785
9067
27134
6718
85461
81887
64313
14211
42031
63947
56766
21333
45056
32604
8072
52319
52281
70566
73426
15665
12333
90355
42465
53601
33673
94922
7745
73383
18426
13550
90460
16049
29479
76602
57566
14091
84856
12106
34962
88760
84755
6180
4567
28594
6209
45619
25151
289
28532
62810
18985
88823
61296
16167
35940
41174
21835
7928
43355
75048
78655
21236
82807
38642
32617
93992
94196
43555
38949
4166
98462
35815
18367
4718
55951
14050
21660
92675
58361
93531
73911
64208
48631
54924
8542
21509
60065
7455
15239
77676
83055
75993
14383
42584
56095
95881
40614
99535
7522
96116
6297
19779
20227
49645
62197
81867
31298
98542
7932
63223
25984
85863
6710
13112
21583
37096
1440
90931
51199
44046
53309
11761
3792
84342
72865
25409
78674
88814
40305
52215
48571
88311
48650
41725
52306
28007
87303
73359
93562
78400
37553
37990
80130
6625
99440
77160
99943
67703
73759
97753
96939
47829
81238
77279
89312
6331
20770
3319
99931
39552
23945
67803
38539
95603
26784
82908
34164
41494
36185
88996
58020
69504
43497
5105
99224
49454
73711
83573
10569
2134
98015
67185
11229
72682
67510
45181
60597
68419
29350
36838
28686
12768
90719
98063
77372
72301
28052
41026
93489
85116
37506
25354
28248
21134
40788
60572
33439
86652
93200
49320
37168
33910
48533
70855
76536
10512
15554
11896
77947
20201
14293
61812
28339
62832
82343
11639
56622
81674
36573
59845
61985
63745
81808
58669
96812
6570
23226
67645
85109
12356
69833
66968
15915
57950
3074
65944
81770
54898
58935
46444
17422
76721
81040
70386
84360
84369
60718
60360
84186
3221
5
91432
6581
76989
35859
50358
59208
19823
5765
26564
93000
64248
67167
12570
34880
1057
23404
69137
11732
82785
20600
14122
48457
66436
90221
53259
7806
28199
52339
50073
70119
25683
20956
99022
18845
91168
57777
59907
3886
69985
77612
75799
19374
29784
36640
65558
65557
51475
99525
38757
67326
17066
55360
11048
5260
46806
15626
17024
18337
78455
7461
42006
40256
22602
33482
71790
24127
95313
87672
89056
17604
38658
67253
35055
74919
41227
33775
48663
9577
62404
30822
50518
85439
35443
556
7746
86795
65279
35701
44830
94285
43314
70500
99141
14355
94876
81450
25680
32887
70153
80875
31628
10562
12397
99397
58250
88192
17731
76288
3034
32325
47673
94104
10528
13298
20202
94147
71757
28737
51905
82248
72001
32701
98946
66272
94491
57343
2698
4397
17171
4974
87922
34371
19667
64504
54792
8006
66565
1727
47800
68430
45148
81584
76125
79620
70312
4523
42304
10263
39603
83349
88955
80727
28565
8673
13028
513
40097
16540
99688
62710
54789
74546
75797
37839
60732
85456
39469
10233
801
93056
16592
32537
25842
13795
54759
96057
45622
60999
36710
22553
73617
18521
35012
60070
10964
21529
92929
20998
68115
27916
58387
88831
14946
88815
65187
80859
53319
94318
58728
65070
80666
38296
33563
66497
97963
36684
46090
93106
49535
18543
35767
22636
34649
10011
49428
46695
41536
37286
54003
70273
12212
25645
94687
84142
83376
87473
10555
51136
71256
68472
19548
20242
65501
58490
95991
78205
51627
90720
57062
74880
27550
66032
36334
26855
19861
79592
34898
4333
93939
20906
32454
34130
66793
21834
95983
60847
61278
80332
43551
68278
67781
8824
271
94491
221
3507
53149
92033
15984
6687
20379
47885
5805
11413
59501
25977
32318
19636
69668
39547
12787
93571
89154
98375
63167
12363
57048
77087
73971
5648
30218
99123
39551
7644
88131
28594
71780
41529
29788
68401
49593
80714
11714
60539
33508
95401
93392
85158
98858
87423
67634
83232
1587
15811
34621
9265
54294
76704
67713
22264
17924
87745
14856
13242
41853
85869
49851
39854
56654
69163
29924
35877
30711
53091
84933
60141
64423
96168
67601
83326
19730
81930
69636
29875
6989
84579
11232
64207
97501
99148
74791
32590
26499
23929
74030
19274
45883
76135
69441
24796
44671
33946
34785
19259
72593
95532
73374
38555
62949
8154
7734
2255
96494
51793
35034
27480
2562
77365
34859
47445
68643
53698
71307
20978
98847
94530
62407
74865
39203
99647
33714
1294
2095
67180
28450
46237
41906
61026
31459
46231
73899
61227
25637
21839
34783
72997
34295
25687
89273
60599
26581
25216
41159
71459
74965
54388
4888
36136
60573
99051
72358
13592
47431
20916
47754
20062
14710
84435
92723
27151
54640
68557
57339
47581
2073
88559
68706
99596
65568
64205
35732
89533
9338
17259
41256
43367
21453
433
24247
76954
61715
58159
41788
5413
60240
60740
48552
95842
46301
22707
28088
56421
98566
44749
50220
7297
30264
30101
55237
90693
58585
18522
32116
46006
14697
18503
6895
85359
90774
67793
89602
71458
74367
73298
62686
96241
11760
73922
91985
21342
59541
34315
32439
33742
16002
16446
12210
9493
43416
37420
78783
45239
97897
50727
69639
55808
13513
2091
86349
22341
65072
72469
11520
67493
99269
6709
18585
67329
4554
91900
15784
66520
17747
39830
5946
28981
40888
79965
61110
94221
63318
64177
8087
65750
68138
92167
97928
71758
16050
10331
17346
55410
57376
28790
49807
2490
35477
3245
39356
49226
48564
56524
92812
35798
96573
72909
75298
51292
84144
90796
99456
53606
82909
43288
81989
10045
9600
75923
21610
29322
42675
96448
30524
2633
76461
42373
454
28525
63113
18590
12152
72410
18359
14993
43803
58088
23249
58517
6441
760
80994
80915
26472
24680
92035
59702
96235
90374
7800
95417
70463
58685
34160
98981
57317
56737
11761
48154
5023
23369
85887
29180
91717
67782
7869
17783
1502
95680
83652
97220
68395
68943
55593
85348
83286
76468
30858
80560
53171
86719
25787
98009
33178
57877
29910
27769
33306
36809
93898
2521
76544
24407
87730
39810
95676
25603
64471
88656
8
3186
35244
32771
74855
72754
11810
61900
50796
8502
92323
88604
60106
39438
18408
18169
13902
21696
65748
76515
72175
8798
65773
68990
10155
88551
20416
87128
61401
85186
73324
38605
49868
32801
47379
25129
53153
3177
911
220
91584
46608
63888
62815
50027
92
84221
50678
56685
21032
2932
68639
89180
54313
49370
9987
98816
78308
54701
69107
34511
226
29504
68154
98099
92230
47332
62309
35394
37866
13251
57427
27553
3853
17849
26492
45832
64803
90084
89536
90840
69312
32309
55901
44000
23199
33975
7693
36526
37473
69623
69641
65480
19610
17660
30623
24655
97625
99632
84475
56967
47826
23781
26039
40505
80266
53016
10873
94862
97365
42172
47614
14712
61146
3295
57519
40556
18051
7079
88834
87655
68791
17225
79157
98521
84985
63306
23422
78958
38640
35246
73443
54005
9575
45981
74490
40305
72371
29066
63199
35220
20974
53337
97191
75417
98169
67384
57824
89509
34596
22353
66184
88240
68641
55856
46775
51285
91529
84424
65491
64305
43646
68875
30477
14993
16187
32154
51489
77146
72463
58711
55038
22335
12224
47996
47007
16373
69008
60579
50975
61977
27929
67353
72466
88208
50021
98581
80006
87642
62501
18410
14428
65769
46836
44307
74890
50829
30487
94990
84454
57472
10632
64558
64211
6140
79887
28376
71745
80710
4449
73936
36421
83803
68441
15753
9029
17200
40535
3212
97778
64563
87175
79208
840
98299
14152
10915
76583
27315
37745
15635
23057
25638
18870
58893
92119
31083
52357
85357
65321
6936
27584
33016
26030
5779
80058
39501
11483
50686
29612
28631
46081
71913
20907
50948
10651
78773
7425
30466
28962
94018
6986
31143
15490
87696
30851
3947
57765
76119
40336
94588
34156
15467
62186
58134
59432
18101
45021
92979
35420
61108
82852
19106
37311
55274
44651
67701
54634
58538
25622
37089
94137
12195
81566
37061
99493
759
44812
65581
32939
75050
26538
33111
28988
63681
90489
58415
3969
33962
49277
81954
78830
45103
10859
11687
93464
38947
28410
2669
93531
57258
53053
48426
68285
20532
11004
49844
59096
34874
33192
90039
27262
97107
88078
29552
79047
81931
9739
88927
24530
27491
63285
1241
14455
56045
26882
81110
38748
4021
5745
68245
6805
72500
61814
21482
31170
89994
62783
30513
30238
7688
52844
30540
12337
93709
25412
32920
51550
19118
29128
7775
67575
46489
37752
82541
57130
53585
4692
24488
47934
15590
5865
5658
10397
39872
51904
38343
65398
65708
45468
27124
64343
82506
82675
584
43113
16051
77237
18616
59938
46294
59820
70906
27801
94925
84624
10480
53556
97655
99624
62500
25226
24389
31723
54458
92171
13338
30078
41473
12984
89878
69902
75275
77100
47988
1841
54199
52158
70634
32453
47797
96339
87431
68608
76929
99905
74662
75484
12651
57001
39453
26652
47947
88284
29182
42350
27464
77590
56282
49110
19795
50725
68161
68007
74606
4423
46572
14862
47570
88803
26445
2389
82247
20830
82303
21485
28656
72669
34850
71716
80752
94756
43899
76138
29663
35163
46391
73703
53950
63405
78988
53266
64926
27232
27758
75956
8016
76437
59199
65353
28030
54458
47696
90557
76261
81081
61501
25136
35076
16613
27773
27020
21824
40589
72711
40897
50008
7395
14493
79797
20113
97555
93577
27122
46233
34534
91343
95685
57707
55907
77183
58849
71047
72933
81170
16434
89087
54703
66389
77965
84670
10045
70546
71771
12102
33675
86467
12719
21489
9474
86331
59267
99098
29067
38390
30682
74438
57800
13714
68221
19345
96990
28807
89060
34915
93233
22583
3756
27358
13824
23772
64190
26837
24237
531
28785
12908
78637
19445
72320
67232
19760
43367
56490
46590
12324
25055
65615
36167
60616
11822
44294
94155
33632
28629
48317
88919
29903
61953
22414
55487
88577
8769
77423
36368
91910
87627
9699
97488
90949
40706
52284
27897
19096
6112
67997
70218
95020
68550
423
69444
66923
31934
78357
39265
36543
68335
9022
18077
35597
10725
64265
41506
1387
53526
96553
29177
86243
63679
65950
60643
84908
93161
6620
44952
77657
70157
59016
98224
70634
28353
15914
58377
84373
7767
22902
90069
80655
87858
18009
87275
53337
97203
68707
93767
9516
45076
19322
66599
94286
79482
94008
12812
66458
21025
74516
83616
50293
89654
10988
71253
87374
94316
81441
4930
8332
10391
34239
89273
50693
81447
15363
89567
69581
96700
70467
12558
71392
10992
71823
15968
50554
17575
18257
16374
92225
5412
3263
33683
85634
49769
76750
26998
46813
68034
56990
30875
88145
45287
84338
45798
37345
43699
648
51759
38927
63278
17854
35906
38336
38864
91752
68823
55831
95810
45773
70988
27564
29615
10738
45828
11909
16981
24166
39313
3909
1550
73433
55427
98955
17176
58613
9645
36152
79714
8189
97002
15977
59564
94241
9327
21088
92872
85700
71739
56619
30280
73816
28427
44673
10142
68199
58800
32351
81685
68448
86639
86545
26422
55088
6345
42965
84430
96616
6409
8412
67240
43674
15464
23277
58821
77623
64045
77263
8358
49919
544
66946
38713
13149
76516
52235
8617
14521
99513
59359
87543
96532
66562
3405
60346
36383
55788
96397
54909
2158
72727
79342
60166
30076
57254
82740
84490
71045
88007
1081
53637
13513
61862
49294
47950
68730
7024
86646
90019
25620
65354
89594
53413
84271
92841
77626
13022
67941
94055
99392
4924
41524
51372
79038
86711
57627
34529
34406
97280
80516
37426
92694
58498
71464
42345
86009
10630
75512
48638
55764
34187
51064
34279
42539
26947
49075
3908
52813
99277
82587
27882
70239
52693
82574
25934
11839
33707
23960
53773
78844
58725
19037
4182
40153
8462
62360
22907
72535
60665
42243
95179
21309
71200
83368
76300
1532
37885
95983
30515
17170
58953
41612
36022
26862
69204
61957
96900
54512
14712
92353
76758
46471
63756
68961
88763
61169
54689
19751
8327
74643
60080
33569
78610
37362
10190
24586
81671
15519
45271
11624
90476
51770
66551
41979
98304
17728
6759
23892
36667
74272
85570
7142
88898
61908
77438
7301
64268
67664
82852
84037
90930
44776
50391
77114
65974
93074
77642
55025
46580
44347
58126
53229
97275
93890
98946
27655
7759
88882
10490
86453
8563
53479
45420
26044
27731
36133
29608
50499
56094
68481
97650
64612
80695
95071
83425
24630
15155
81006
44751
20432
17866
81770
29126
5699
56330
68673
18589
65971
73837
68349
96033
37035
12675
86510
46442
84689
52569
4399
81057
53240
30179
39555
41939
87521
78458
36760
74952
40996
27440
38305
47904
35332
60042
3538
46104
35384
50524
63630
5833
90238
83979
23569
21960
35697
54181
1349
47313
46373
31412
1005
32240
69405
25051
66593
51988
73566
78633
70647
29097
40988
34008
66464
20309
93528
41035
81961
76674
40183
26347
28234
66982
86897
66663
76683
36876
50429
28189
75178
81706
95632
64313
14044
4271
48751
47347
43229
66251
20773
41272
96588
29971
2969
64125
4977
74262
36650
90995
31622
59275
73278
91763
76435
19518
54304
61084
40760
47692
89846
86820
64013
64114
35325
37761
31643
44886
80415
37950
74413
47600
74968
65818
37713
33176
24195
57691
31556
73190
50414
28726
80363
18815
39572
85170
85366
56843
83103
15432
84376
74699
25309
11632
81250
16884
18161
23589
48455
22062
70298
58711
56386
16840
43973
52873
19363
64228
80965
40246
41102
74013
35361
82859
33434
58601
45040
71610
31694
79892
10131
97602
96207
93487
12214
6902
47724
28576
16784
62133
9121
91220
69385
25001
17125
15008
93639
37439
78003
3642
89316
1915
56631
50941
27175
76565
53929
19454
33372
67890
10622
59759
35994
3440
53538
71929
59125
67840
99700
90262
87704
20330
52854
66545
67547
90522
59826
29009
11173
85277
51753
48413
10237
41699
1410
22154
17811
96301
77325
98452
31978
62024
76720
30490
90198
93685
6035
5735
71281
76829
82704
43504
72551
94018
91333
9429
48331
25633
19385
48052
93691
58247
36521
52825
98407
24444
4888
69334
29377
38852
92699
71623
60055
55502
40085
87600
2063
22411
61912
28194
3424
66042
227
2222
58314
81582
10031
31149
50573
3192
84931
29563
19108
71617
80401
60147
75201
66484
97551
8946
7636
57059
22060
10578
34233
73032
8921
45811
59399
50380
55347
47515
23261
80651
81372
38419
77966
57035
61874
81507
39774
57521
19054
96128
69380
73991
65774
90721
79139
89325
82480
21547
79991
85787
3695
63286
45694
32790
40152
80975
77598
1798
85394
80184
24972
49733
66882
99854
83240
2711
38369
73217
86226
35707
71371
38724
98184
93845
58868
67666
87990
64070
87206
1989
79941
33998
16513
76090
35835
61
63009
36517
3015
72875
79816
91803
99105
37279
11694
96517
64577
69909
90593
26930
7709
20518
58416
34551
91501
83163
58197
92005
63120
47660
16916
86172
36045
91070
1242
21818
91679
20855
90360
96450
50626
72410
83300
18710
43436
68467
71582
8454
55127
52534
44487
52599
68047
96946
44616
3501
94724
70912
76129
2192
68785
63150
13697
68624
6698
61114
35461
88526
62093
87103
53248
13528
99588
59897
29279
31101
3993
15643
67679
77043
49581
19520
58974
18500
440
91820
91039
37472
60775
83760
49418
5588
56621
36226
43557
17666
95468
55605
20602
13301
55608
42690
78799
10491
57077
37390
92132
99606
38093
69718
63554
22425
75194
40970
44983
730
74553
18213
29522
59169
59052
8666
50190
53199
63524
1813
97675
24424
61569
95484
57646
83807
15745
23079
19736
56727
38668
46057
25237
6139
49941
46195
36856
84518
71414
43557
56133
41435
93955
20697
10212
90550
86304
38388
53594
37235
68083
93910
69763
37310
53988
99296
76508
27540
69963
75970
19789
69405
5002
89074
31046
98019
65990
26145
61482
55724
77756
69039
19029
25599
16074
63949
15612
67013
50310
12388
71830
40638
80003
34791
18788
85583
54843
99
23988
10172
16077
82938
72355
29793
65953
84276
77748
97253
31182
59708
3988
28542
26962
33401
1025
22010
90617
37129
17846
90982
36901
29279
61614
68159
53932
62691
94448
5528
2785
91050
55061
49503
64219
71738
2248
1489
48637
93160
27551
62324
73449
40951
44523
12887
49170
24782
41600
97939
20675
89290
60411
11565
86895
27430
612
73032
48747
96336
62476
62689
33133
86193
91689
73280
56927
46279
16585
63330
78966
33911
17458
10118
67260
32321
94204
98556
11242
11718
56552
61904
14911
28184
55990
80479
40887
68164
18445
94159
27016
74021
38973
90457
21037
94785
24486
91755
81029
59740
12485
27317
49411
65236
81726
70052
2925
73232
94052
5960
94253
45973
74888
33659
94670
55681
36923
47076
81156
14475
53546
54026
48412
73159
31823
94462
30906
23201
48614
74901
72508
25390
36342
53753
52116
98826
8677
7635
78902
58916
88372
54141
83095
86939
26319
89454
28241
67741
45495
63951
53767
86585
17719
3278
95438
33670
16385
23047
83150
41020
25450
71704
61044
99133
39825
50181
46907
67097
22534
86775
34936
63948
19170
35329
31644
76146
94579
74960
49389
87718
49826
916
48229
29559
4251
80770
4574
81280
44303
38978
75934
66424
42312
76752
22310
12431
26013
88114
2897
22006
34714
53643
72352
27071
67646
26989
68335
42995
1109
36860
93849
80690
31590
34205
10197
86216
71643
76738
49138
94741
86849
89178
99480
94432
3423
38778
15593
75495
61812
98481
28332
20073
39192
83955
23690
36419
64760
54315
35857
12206
48653
40942
88974
41618
66251
85970
39494
23088
54103
82819
78170
10636
35613
95578
90025
45467
68925
19328
41822
90982
70190
43427
84613
19054
3967
78003
30049
37273
96547
90748
51165
44129
97461
99437
58263
54825
52400
92253
5126
16977
40246
46238
1868
86960
88212
97419
79784
52101
37783
94686
65003
59104
15743
62055
14654
84176
77316
57785
60483
11761
94052
34684
91012
98701
75866
92352
57977
61280
38329
92421
96233
50264
87248
11853
39453
25718
77810
83708
25432
1775
9573
47990
40412
25476
72839
44652
35750
45363
60957
32936
11263
19731
48527
54182
26696
76692
38814
50515
54614
45568
7013
60469
97959
31505
14364
90630
94184
66707
32547
23050
98203
25047
9469
46796
11979
88649
52336
48355
44057
96949
77640
2373
25874
80420
72386
45426
50580
70177
27458
69810
42899
58304
21649
74927
62250
33839
67758
44228
91825
67392
85775
1983
17983
89065
68499
4833
69601
82966
99200
76789
21231
34450
58452
66684
41685
33781
27658
14207
2970
73187
65247
87552
63434
92354
46613
22399
10480
24316
36532
86006
26108
93815
63061
57003
39400
66169
90014
91720
72733
96951
22209
4777
93097
65669
33719
20295
60498
19515
6743
85990
36715
98119
19867
8162
36999
61168
81252
92847
14929
57743
52634
20185
97490
35829
62592
66620
8283
1844
28104
12829
28584
41623
85578
29175
76151
22284
55430
74046
20392
91681
22638
67685
54597
39614
50370
63718
89214
30423
78802
44331
39007
57697
41514
69180
26655
83591
58816
93706
5584
21629
57158
85074
80913
17955
35386
48915
64285
6960
74780
50640
28752
71999
21619
48200
76343
93373
89688
29564
39624
50272
3031
63864
15893
86613
26967
22711
49008
24767
49953
40171
85068
36111
84868
94494
59083
52199
36161
64768
9641
35640
42600
31676
93578
35555
64765
84649
97888
29268
85570
56489
26257
43131
11658
8550
53664
3445
62536
78883
18407
89940
11706
57515
89060
13721
85965
34939
71946
7104
37633
91263
28910
5880
65906
86977
57644
88814
91365
44079
36228
50530
15526
84342
29815
86646
6462
30754
85777
8335
50792
98898
76861
87489
83377
25556
99254
62588
91022
6400
56998
61918
58361
89238
14196
14704
72773
9496
29490
39755
2609
52483
96586
48795
54712
64425
49310
35697
28170
65747
39400
12329
79406
31576
25652
71745
67757
15012
78285
28136
8442
97107
22793
3538
41208
55710
75782
15033
60537
12445
82407
46183
32221
26982
83263
89980
34251
14777
6097
53951
52094
74685
51366
51231
4208
91755
33005
25426
18845
39569
45768
92956
90735
46670
97543
27764
27688
83804
27578
63705
47435
91434
57857
8085
44714
4505
34959
41711
66877
92674
14334
8279
56357
37853
79811
15660
43818
50070
88515
64849
97603
24563
26425
17787
82837
52563
70521
18086
82211
23899
82550
79124
85917
67764
18280
77003
16131
32338
96546
7173
99163
89123
49062
75911
84399
51276
44897
67533
7071
40120
81231
51804
72158
74023
52381
79748
73891
15426
75863
54165
79250
69590
65136
37793
34901
37164
60530
7604
78849
88628
81117
67483
15933
26048
26416
74644
51162
42040
28417
69920
49236
36524
97843
59840
16617
84899
41230
10021
12332
72328
66619
79425
3038
44558
73433
88951
50826
25032
48378
47233
99961
86745
56571
53497
21803
26604
55873
20943
43686
66403
9703
16915
22616
63361
21554
92467
79720
52912
46182
32675
27097
90292
38412
48583
34864
48614
73954
9775
73472
64203
4091
16185
99751
93665
56826
13455
30209
71573
74959
63402
93436
14195
27597
52955
79831
10660
79322
86805
77912
90237
44091
95300
7886
63904
26688
51138
37746
4105
32873
48856
34658
17877
3444
2801
21564
49336
8187
77457
18677
223
64109
61753
68239
58915
14265
712
46316
72265
62143
59230
66770
84748
54244
299
92009
72451
83000
46226
89821
80516
82401
9427
80188
86850
50131
27764
7424
74041
21545
87528
89561
22139
28197
99448
9092
82840
61289
10420
53937
28896
66205
57416
98502
44393
88509
45590
73482
66738
94701
18897
16615
62140
2446
69611
19713
92688
42600
40396
61930
85205
67201
55708
76882
51438
1530
94484
7004
22112
13242
10412
93021
60791
39365
36729
50436
36524
18054
28151
72914
10575
99388
5259
49295
89398
98674
19562
76120
35416
19245
95900
42513
98893
58920
31385
46735
32109
88530
3754
63480
92619
82282
63392
38056
26288
97080
99272
96056
25663
36639
96614
65869
51037
86419
57906
18424
33854
381
4654
15868
97034
23766
44520
55486
16287
96213
69593
24412
12175
89473
11775
5113
99836
88863
68408
45792
24166
20299
81894
46006
14434
70666
16212
55819
60926
96367
21201
37919
64012
38234
44892
58732
28446
23301
37794
89679
31046
37932
86249
11929
46699
80576
70565
8020
51585
7267
5431
59361
89771
11903
4094
73753
74075
14612
18374
16509
5513
62173
84281
57893
67985
26292
72131
55083
99981
7726
3806
25593
70448
83049
43443
25890
81695
24686
51259
65750
91552
65925
59800
62318
29789
35906
47514
53281
75191
89449
1017
14800
75165
36944
18654
36366
98037
83473
80105
67850
60826
76455
57993
97076
78531
35025
54792
38077
741
38630
89130
88394
31929
53094
12429
56868
6580
9173
89377
85213
41059
62715
96788
41308
27979
58130
91999
6542
99240
97875
54952
89416
9573
58075
16153
70109
39498
70117
57627
26599
4088
59041
9624
86838
23933
39135
42540
38055
69399
76411
35899
27090
59700
11416
84585
94963
65213
5201
45777
91762
44854
31274
92289
4405
9814
70242
94153
48532
37981
62224
27550
58683
97053
12508
85912
8831
1949
93978
21939
65965
39898
74702
24556
14179
8446
20601
83311
79254
46068
88797
50886
97485
89399
1385
33294
96176
63905
97851
59329
75810
10800
83612
24874
59140
594
51382
52400
34808
34015
15554
66903
23420
45983
46989
80701
32511
52834
2617
97469
12746
25874
61010
21242
87362
37416
17915
51970
4874
80122
82995
45805
21804
78373
50101
35896
43813
58270
19589
48722
54504
57293
38128
75070
27786
4718
89600
67425
10824
2094
1895
64957
97931
60951
52061
55837
92581
78657
73149
28548
42366
87852
47051
97160
58941
60519
36995
86287
18080
18
19585
23856
3031
96686
95935
65562
73580
56334
31766
77289
20277
93229
92689
13235
98678
84840
49432
18272
80803
82934
99074
8347
73399
52553
87396
8838
93649
49475
48474
86782
16093
88316
63
3075
9347
7581
28516
386
26399
65811
84265
95130
12628
26375
85645
24145
26812
70002
74117
16606
3755
58349
50453
99892
16502
80362
77362
70395
3674
11961
5024
71380
88311
94119
78488
25858
2717
67827
38123
59997
67419
95537
41067
36232
95360
82729
40632
80485
32150
37961
47682
99113
43263
92016
47178
39094
53461
790
59942
77392
48311
28626
87820
15474
47467
12013
50792
62665
3808
49796
2497
35050
73963
73568
99424
6441
24619
69764
5111
38535
90340
82718
42187
40904
5133
49
85239
73821
32725
30829
48163
16066
11334
14458
60101
5769
99127
59308
62714
18799
43792
83338
3234
50191
15584
52691
86918
93157
70731
80172
45111
19001
27791
88512
90010
27092
26223
90683
29119
47263
17254
56933
87384
79208
13523
46302
37577
93377
59317
89923
97378
65388
27842
16848
44634
34678
18671
50923
52085
81946
12255
99724
8448
61712
14027
85662
75859
29566
84796
1627
92988
88955
99211
20443
84894
3176
57912
43998
18194
7640
92962
8332
91928
38426
96557
70515
40235
84409
87667
46901
813
13926
2002
10354
19849
62899
68196
71435
3262
29727
73942
27647
3818
7747
62800
61927
27325
3174
11829
59841
22214
11427
94206
75671
39344
12668
38595
4719
53231
7912
5447
21075
44902
82246
30388
31415
25370
62733
33669
93570
54512
83782
95832
89820
59835
48432
65687
1122
68964
13042
98102
75833
14707
44812
45781
54513
35394
37420
70594
73077
47785
35407
41704
70191
6770
30150
7863
16619
11930
80985
55300
61274
59599
83390
99891
64125
73839
31603
72190
30006
4290
84982
35057
36456
52564
45587
13440
61261
38452
81376
13941
29271
76477
44516
43829
33711
85254
14555
96283
79057
86324
91199
13001
18334
26302
27880
66136
30041
39841
93364
96443
77048
62769
29300
22859
98866
72491
58996
87174
55071
2144
97305
14783
77842
62714
63442
32241
29423
739
64570
14927
32689
40216
3694
68226
93183
99530
9187
81754
67973
42545
10565
97886
15837
43589
25405
35365
50970
96446
24004
34446
38485
51675
699
42464
97361
44049
67955
1013
3407
99840
50911
61559
98191
22250
61859
41113
97216
6489
26346
17808
1788
68503
30558
42590
78346
53746
21397
89117
37790
73020
19966
77769
63089
74637
79149
67773
36164
18874
44632
71908
77006
34654
54641
87925
52330
57817
67349
7416
77136
2715
70756
72893
38609
98346
21269
36681
80853
79671
81671
27995
8176
55272
17515
24529
44991
63978
64586
60861
86618
80131
32388
64084
95896
86176
47299
30518
56163
28127
56533
13021
68205
22813
71413
23228
48251
11707
49713
91933
42695
7644
57798
78407
97923
81456
92172
29370
23483
17930
78746
11607
22485
54699
40640
68245
14988
17967
17202
27980
18467
54684
49713
44911
25987
16201
84614
54839
10265
38502
15751
17940
96568
72191
88114
83790
92583
71770
48453
73135
68691
29367
3376
71593
50877
18232
6686
39935
42672
9341
65045
15251
51514
45557
31286
24578
36944
83949
14957
14069
88484
88745
5750
59455
4717
40636
97562
10243
51654
12089
90700
99541
78967
3291
68382
1720
22211
7241
22068
38522
13421
81649
29999
99959
21436
83188
39487
20255
65411
3084
1854
89381
56681
46706
70204
35343
11673
52611
8972
48449
64521
51387
86575
89161
14628
24486
22040
7755
86627
68294
29325
81042
90233
22741
35589
80312
63911
91132
63168
69172
14156
23800
13642
38087
6702
85114
70498
50250
78321
79775
95291
20941
81352
63281
56912
74151
26755
16194
67812
11853
92248
843
85328
5908
61344
62590
5895
23972
82494
40901
43581
39834
9717
78608
46493
70364
15360
45897
95027
67266
63600
3909
86204
82247
52809
38725
78055
68551
23089
39420
37362
5712
33641
54703
39456
85464
99082
89033
11206
84516
40944
4832
98548
37409
28877
53566
68559
78610
48882
16981
56719
30149
99466
97146
95878
3855
69844
820
79552
34219
30029
87498
36408
4237
41015
39589
16613
26994
14503
39910
97749
74979
29406
32528
56591
24442
10314
72811
42875
56367
1373
55423
55413
15152
79501
15566
61223
71056
65098
26271
50704
14220
22708
10193
33974
79480
29834
8979
28314
99736
55486
37819
78911
80483
49647
51709
69136
7092
29816
45597
73287
51360
95303
20233
15065
68523
38270
43368
74919
34735
28061
606
68103
1494
33440
6754
25828
52133
96239
14610
73721
28602
85630
98680
91708
38778
26699
67021
27453
47749
66550
68733
17106
40531
35538
40440
10779
9200
18031
73920
3388
67879
27446
7386
55997
2745
34676
39985
44075
36662
98808
12282
45918
87456
27477
6213
62042
74382
79764
64218
88053
72881
32131
95680
64600
57928
57926
7160
36301
55500
92490
51573
70636
36086
53242
65306
40241
35913
22737
26905
51287
5518
62757
21546
54544
92653
37475
56597
79543
21465
80579
4827
35002
2799
3303
87036
23125
40928
8680
86336
11054
82863
36389
78881
68583
41984
39149
56555
28907
31591
26588
54793
60293
6426
89805
26823
55335
54481
94785
62996
77684
71269
51746
74474
84024
96595
63739
73943
87890
7548
11151
78570
69666
28378
46375
96005
94465
16154
54621
42611
24672
28948
7246
53444
10413
75470
73860
7451
33344
18726
33936
74528
25253
83920
4724
79692
47954
59532
3506
7881
58456
97122
8226
91422
60646
13785
68273
85632
1230
53075
38678
48864
23822
7188
61621
81201
65622
78820
53975
23184
21208
30619
30978
18207
8747
99782
55521
12791
1226
50692
87797
78709
37490
53285
6580
81405
15794
29806
12046
31920
89016
10515
90413
3241
44497
55460
68028
14252
80923
66801
9663
90265
28030
35205
5743
72482
43653
90189
55406
70429
90893
99582
22251
78600
13793
39993
44207
77969
26771
49384
2083
28681
58244
32654
49082
73987
25032
65495
14061
78773
47658
49039
97343
92002
91824
64444
12107
58517
78196
39482
4468
846
50325
10298
81016
21446
33834
93375
15540
38678
82777
85326
2903
25550
20639
61236
65535
49458
40442
5175
77938
11735
43886
83473
40673
94078
71257
81247
86041
77186
89307
94986
89867
21177
1468
58294
61376
63682
71620
40725
58756
3170
80191
84209
56031
71962
75062
73299
72411
79957
71193
14104
8067
724
5805
11186
8503
30467
40211
56144
1803
12387
37914
16664
45539
47411
90347
85440
88083
24627
36140
91771
64539
88418
20691
63138
28635
63712
73846
91656
49445
55468
52477
53480
29938
90451
10103
14095
65916
72674
30328
88655
26087
22612
92553
42143
23482
50023
48006
8931
31772
43564
49149
41838
83491
97728
38987
51888
43228
96538
66519
13727
3081
57087
74758
28024
3025
58051
50742
2757
93911
38109
5469
70670
3741
11711
46596
44286
34272
15851
5253
25551
78653
33629
80532
54031
7594
56944
8076
46296
38089
58245
38984
12484
23148
54570
2919
48474
87273
37648
96516
69931
53995
88451
90781
51129
21688
34063
31354
2394
65433
49874
89540
94603
64527
9350
2479
59397
84749
51953
86054
40369
2346
88552
14748
15411
50141
71263
71258
43731
85358
10044
31591
62829
14208
44329
23685
17526
87667
88085
88097
50991
85628
24464
84898
47623
8762
65366
82672
56759
7107
45574
91268
20406
50123
97424
83697
94706
46467
86777
35226
28362
503
27012
45994
8869
59656
21959
49682
26399
21610
27101
15395
62492
28908
34114
7
62310
61170
22388
2839
95373
2346
75507
26017
91064
24779
95135
52992
61206
41389
29658
13629
86137
81288
28318
1508
79405
81699
10509
55998
65675
79624
44643
69571
17596
41704
97954
72915
57886
52991
12872
51531
31563
40623
30290
19538
79352
17928
75334
77630
68582
20206
6238
55753
20125
88968
44880
50764
41611
92894
17401
12822
72868
1652
41553
75751
10140
14569
79874
49851
65085
9362
44533
76499
17224
95883
25975
37046
43109
90390
41978
60921
79585
94083
47224
55357
91944
39249
95196
26998
26340
12409
66381
1647
48871
88055
76787
77170
71667
72246
49018
1488
4966
69308
22464
4385
99687
90866
66155
11214
26657
50931
52818
60511
72141
84511
68334
29040
64012
56319
36630
519
27681
51896
76253
96287
93303
61433
79841
20604
42091
52591
7023
56497
8097
72514
61141
43406
15012
14850
12438
54907
80231
29440
23208
73363
35729
79132
98501
38016
63603
64054
95705
90741
88124
95474
20335
40633
67413
67916
44483
58747
54162
86418
99071
25650
86252
22095
94939
44085
75175
88147
44910
98173
80132
58424
17666
40540
5207
783
90618
81424
60449
41237
61825
97588
50425
88085
76415
16790
43496
56026
84535
91350
41257
24886
26842
38135
37839
14552
73191
41581
42982
77854
52550
76514
64835
53568
47904
26796
31958
89852
83893
82128
49636
65180
29804
19078
87222
44575
5726
90822
48252
98020
27515
83447
44755
72747
96149
75233
80316
80664
12907
7540
41732
35602
73451
14893
94439
5162
41686
47219
79193
47724
92416
19991
78161
45907
29138
90427
95167
55693
47106
61910
71489
66075
5454
2956
88152
87510
95471
98146
2062
69753
93463
97178
24038
50464
58136
24915
82529
14713
95231
28958
81486
49253
21441
61928
50236
75496
75801
98388
47814
59344
84780
50331
15124
11788
66963
71498
34065
35743
95131
7394
96139
67930
4009
25534
64974
49025
17364
94150
19691
57347
72031
94467
95203
93090
77046
82483
16605
90962
14531
79323
42651
79770
14273
46124
27045
12517
67597
3781
56445
60638
15869
30119
16024
56390
17117
87912
12032
86504
5260
79129
79074
23409
61876
81349
91338
64097
86765
39910
21448
40301
5065
31059
57526
92807
54475
71316
49955
35485
3995
66089
58938
44779
71803
18606
96689
43168
60324
62880
11572
24851
31647
26073
86357
54805
52270
3481
83792
91909
54520
46952
74221
55800
88203
33188
32519
33929
88158
96505
85632
86892
64300
22693
96429
35474
18898
42360
10920
27998
69376
47416
14651
23537
37689
8300
26172
66329
24479
97321
35974
19703
90985
30244
35374
32310
80901
83036
81881
90035
58706
25474
75201
73146
43943
21429
97809
73661
55861
20515
12961
15504
21973
29129
43319
71539
68733
86114
17447
5658
2996
94498
19823
25701
37290
42951
61271
38547
64260
12061
88591
43569
11863
87800
46668
69491
18390
86090
33717
56108
90237
40249
86304
95883
79352
74187
18565
61941
28520
30035
46453
23004
8212
80912
27000
5375
82426
57426
72647
42410
90830
52570
90231
17837
37517
93023
17572
20224
18711
98544
50870
80171
41757
2994
54172
55842
96982
22976
26740
54517
2459
50588
55082
29566
35867
43688
93706
5741
95321
83867
61012
97308
68187
97177
88928
8255
75777
81635
9465
97438
93889
51015
94803
2580
97760
36456
85155
71188
89009
19806
9456
99264
99281
47521
11124
68163
5199
94717
28560
97906
69020
37004
77306
66478
14740
25602
57159
35195
79109
8137
34068
50916
89778
53189
80016
84061
56152
69778
56631
80365
92164
81815
80328
16058
74132
11700
93312
79667
51135
74506
59128
73630
37072
33959
69697
21674
77466
29660
60728
3031
17135
97858
8491
55379
45661
24832
66018
24638
47972
23103
50890
46145
62738
93682
72536
81103
40335
34352
33428
38897
20632
34050
87033
8052
55584
62325
67215
99448
73598
93986
24271
8076
32432
25934
51541
74219
53643
71005
76496
54421
57894
44953
80033
22446
24577
8424
94194
66338
26990
46813
83747
23622
77779
16024
10164
13632
6230
99231
29586
48663
8268
21026
98449
85977
9385
28235
85592
25066
46677
25443
80858
7710
82238
87034
77125
98527
11510
87043
8286
64951
87384
20591
2256
42214
91044
22238
63751
87845
81995
36801
30759
28947
61956
27027
36380
13421
48159
88387
65872
93499
75594
36182
34416
39798
2057
29946
82721
20867
23006
91514
54380
85136
56539
26603
82747
65945
31533
43382
75583
41905
74321
55241
94608
96911
45717
34581
34697
45396
76649
20064
15752
78389
33927
46437
29699
68711
19323
22757
3281
75917
62644
74450
53441
70500
50480
85941
97198
69355
189
9940
97576
33151
63258
24477
18010
40177
32243
35002
60133
76226
76522
21622
68013
94795
17857
97272
24320
34919
78869
86448
58172
22781
61491
11111
1004
13588
42732
38388
93827
17029
91571
72737
68627
84360
49850
56396
74588
57343
80272
95671
73838
15429
85264
32104
28459
14550
75617
85836
13939
76407
95434
87424
51338
36258
2107
25610
19794
34878
75158
5678
99774
78195
36320
43014
9524
93718
5395
53053
60099
66376
8890
55862
6310
91125
26283
54153
92061
96444
383
81940
10179
48054
59850
17545
73466
26501
82589
52473
9798
11974
17049
36446
22148
91277
18751
90627
8817
27641
30480
30049
33966
87900
14960
15071
66531
96746
82170
58389
30931
99834
33471
68921
37568
95067
74933
35878
49107
19975
23949
19063
16478
27985
74818
89758
40762
3728
42536
75071
11163
49186
17994
73028
81291
44966
69221
6328
50447
27123
84090
16121
30541
75590
13462
35743
61178
98284
66376
95435
69105
29265
23084
7778
51404
67659
70323
51563
10938
80827
18436
10182
66526
26945
15872
1409
79497
37909
89658
27226
11578
73327
31678
67591
17815
95590
31979
27363
75267
2013
51637
85762
93612
2958
52212
73301
55848
16461
79439
25764
53899
97632
88532
46864
79196
24034
28733
32571
89137
64094
81515
70111
49317
81938
95816
12958
29534
1650
95310
47720
62295
50034
78334
74456
46137
62899
49401
41815
78917
45511
57455
17130
33357
15
35650
13931
613
3501
32807
27043
50688
42228
96431
94248
50929
3818
83488
74215
51980
8819
51898
43746
80182
29462
46860
83464
48035
9390
81323
69474
67322
42729
11028
53465
61542
79147
91573
98580
408
18322
78073
55112
61580
81272
49892
82830
88675
38959
14208
96573
85506
88956
93379
37209
99111
89547
15154
78798
475
65765
93864
6302
37396
84272
33451
22848
47127
91259
58199
75303
75411
65450
43576
441
96243
68620
32084
53553
21470
14716
82747
33879
83830
30342
33733
71004
29871
54522
22734
5801
62437
27040
7183
31085
42809
36342
54158
63458
98792
28786
76958
51772
9085
32974
58954
36140
1424
90221
50858
34444
53298
12959
13648
20180
84882
62125
27145
84130
3580
37085
72293
13896
86159
54543
57938
26458
33339
27644
96783
77601
60935
40318
49326
16524
23862
83366
95968
22121
62482
78849
19688
17598
66991
26324
57371
18939
71763
72694
79249
22015
62714
20806
26318
10055
51344
49124
17122
61638
52292
74523
13551
92551
97724
37127
264
65328
7471
82011
41731
41567
31682
8502
99604
93001
67911
95649
28800
97988
16568
6581
34595
68837
73604
3347
39459
78376
20720
58964
55445
28422
54202
57184
76043
93012
5092
23929
84896
48456
80277
77126
70768
30746
10264
498
47393
19108
93698
2917
41988
7603
45544
77472
46410
56076
76502
60193
95772
10427
1040
89857
60063
90902
92843
34304
80729
35993
95928
62990
86312
31012
92281
69292
71910
32210
96601
45966
14517
87088
92472
44598
76324
69971
24323
72550
17039
28096
69442
95622
55245
86291
70562
52157
74133
13154
14399
94749
5844
71645
85425
18363
98649
74718
92924
7683
76076
88431
52976
71934
22893
66477
41561
47965
2159
9917
44848
42454
60728
21295
97208
84603
38935
90074
93071
85755
40055
34423
76682
62274
27168
34343
14976
37036
34031
33549
54529
77812
78393
523
83995
70752
66168
75526
6713
90074
55840
79099
70544
89714
12258
20547
85745
82870
67563
97628
65024
85050
91759
22544
39408
69435
71693
10678
87838
42264
86528
19572
54149
92906
87182
8231
22511
89234
24593
28598
41667
54130
45473
19196
96309
43875
5410
18301
31228
75101
87912
90030
56501
42892
54840
77291
91484
5433
376
3749
43724
29048
4065
44720
28817
15254
11710
90710
91145
73731
73535
15198
54049
22620
15600
34980
93295
86985
6105
55163
24046
82370
669
20376
63621
68580
12762
38250
65136
2512
77075
91238
7777
93738
70289
17491
6779
10194
55651
13111
51444
98934
14811
51882
87709
27608
26753
77245
77774
42329
41139
39029
16561
32197
20085
66129
95831
95427
67333
58765
61988
19093
81697
9170
68187
98264
87395
59120
16596
55618
31503
53320
11039
80589
40686
42423
93189
99343
99804
31369
52706
6833
46313
20803
96244
21536
35184
46055
96529
28434
22322
93220
62890
15777
67777
71087
55896
59881
76257
70635
99480
8595
11462
12087
56057
21566
87783
94656
71897
76521
53187
68177
70096
40802
39079
70614
74661
23763
95682
5854
17571
21506
6497
11846
50718
61452
57308
54144
33372
97756
50421
57699
7565
76033
8839
5928
96215
59698
54056
49190
22619
65322
19642
50953
20898
96508
18651
51493
53364
6556
69658
95848
70697
6778
62549
22812
66121
63067
49231
56680
99745
76677
47381
83003
59346
91194
76749
97344
9528
48002
12159
40113
78459
78180
23963
67543
36625
80154
99012
46651
10070
11232
52443
28986
36369
5739
43394
22660
24284
78872
11513
54398
42796
59724
27328
66805
86956
13261
32610
84446
38826
25695
69912
57945
81394
15530
27353
88455
41685
60711
1133
52034
85758
25405
92140
32622
40637
20633
82119
58171
66806
11798
12985
87925
10703
56427
75383
6073
84047
22714
56565
22447
66615
78475
64674
8726
82212
72451
91591
38657
20380
37589
95215
64661
86098
17912
37388
29794
43741
60943
17460
91615
12460
76675
12638
81973
34712
55992
27915
62487
3861
23819
50784
59833
40034
40379
13319
76608
25991
58655
87485
95630
25518
61801
19878
63470
19864
5518
73625
3691
61560
33882
39385
4794
7310
29294
56356
58450
2968
80648
34554
74495
31767
82613
51608
87578
58032
82654
58249
41013
50228
2582
20045
20192
98781
11523
70221
38456
28318
82050
72626
2984
50703
69551
21165
16394
94141
65928
85176
84059
52298
14608
60306
16480
31797
39570
66328
48981
18161
54738
92203
38902
31496
87027
3273
6885
6512
23978
40499
93012
64033
82521
64169
55312
38479
90262
30368
38126
87861
80269
14455
80186
78182
67774
4010
1872
2607
88724
53509
72469
96491
99665
67988
78540
48243
2772
45061
30971
55522
888
19659
10737
15549
57759
81820
74579
58771
55720
12042
55526
5717
67604
38000
78639
50881
11762
99179
44848
41421
6729
59195
4553
97054
52715
13261
64590
32704
54785
61826
58456
99909
27539
23787
11925
91919
29210
27535
83436
45466
1064
42772
25224
16061
70370
74060
68914
20209
14620
4944
93027
9835
26273
9515
57399
10571
85592
21712
13696
10327
48914
56653
28012
30039
33442
3951
54183
36744
83268
42025
80624
13175
89411
72488
98164
59062
1896
86547
56078
68633
14343
30627
91193
87742
53009
39028
86469
83601
56360
12026
58126
89488
67606
56007
3567
51782
81582
50362
51150
74695
89312
63188
46199
70654
36780
27767
45562
44335
61319
78605
64111
96122
24365
94476
66347
38462
72964
81449
62463
15594
90372
82363
81653
74934
41394
62716
3121
13667
31388
37561
98124
62096
92405
20155
21425
45088
58886
19056
38191
39845
43907
71554
66043
87080
88706
46675
65626
68337
4769
81805
97568
93647
53316
68459
50272
42
14037
15448
79137
67190
68599
16209
35562
63406
16657
93643
22358
84685
97572
81884
42066
54848
1273
60095
84466
32322
23260
76278
17017
86301
98698
21982
33430
96087
70949
40281
53620
89659
67126
69463
99420
14755
19036
42465
59856
23724
84305
60519
64119
53857
90046
46553
21556
27101
81788
74670
46654
61694
11546
2184
11708
29459
2796
67439
80414
72453
85027
85085
85826
35294
88410
64342
67294
87224
8831
38643
33431
65322
35696
59433
16871
18801
47870
57491
126
78580
46450
46525
34383
2806
84493
96830
74595
52644
49261
1716
10739
54764
78110
58582
19232
89774
52382
72635
14043
71821
55040
33741
42747
19070
71070
68947
82586
67420
31533
14035
79621
78917
8917
5265
62949
34418
4071
27516
97957
67876
71234
23097
40364
41034
37939
30277
29155
19080
7484
26194
61012
18905
9861
52725
24853
32628
20866
46468
64524
83280
49154
91088
89614
94218
84353
36448
55904
51837
86965
69500
38256
67322
19344
20441
35299
25349
9394
1623
60058
80528
11310
45935
74014
15156
10464
25360
80108
54384
10577
48882
35603
63334
18225
28871
6300
67294
59822
81759
82575
69707
55703
1231
67846
96344
68487
24799
14791
32973
68539
1368
89783
40236
67936
87565
14124
25062
43937
70426
25603
72870
65908
44456
69051
58101
30299
15041
41894
82196
4602
19133
28767
22596
77658
68221
48151
11121
65904
12993
56092
36096
72946
18087
34035
89500
61812
94240
21954
46749
48397
33943
5659
65446
28824
74769
10468
32175
38390
24505
38876
75650
36250
6696
62039
35896
25372
8043
55360
90964
95321
13503
16969
274
74430
42760
90497
13340
13169
6003
42397
42597
62864
98758
35526
82590
94221
82164
79977
42761
42147
16104
62769
35648
75171
58825
98810
70280
37530
13069
37481
95953
8454
12509
43017
41438
56015
48318
99323
88171
15463
93267
43185
29514
53316
91374
26102
95874
93655
89422
74485
10389
73967
71757
14909
26373
36129
32583
32895
98055
61720
40330
29584
76019
49511
62746
44456
29119
22521
81364
14516
58061
95513
34203
87646
20602
24890
1974
79050
87209
78770
9184
33947
44253
20206
2655
46917
76695
61256
52897
66799
45258
74358
89900
14493
70685
63150
21174
69395
92815
91259
49027
12014
99374
9290
74617
42198
81816
51219
17229
51062
39225
3610
45563
10567
8726
1231
49620
33428
53114
33914
30371
37611
97291
43930
41374
22971
90235
617
47360
18146
18346
36014
65107
97538
70805
85231
96213
46065
19107
12232
5512
17658
74266
30034
51327
76795
4230
24660
70702
41580
26801
