1425
4055
3012
1294
810
4415
67
3699
4868
1002
4944
2538
1024
1053
4996
1008
2508
4179
4232
1696
3539
349
3825
3480
2732
1881
2854
4291
2291
3009
34
2804
1227
1841
450
2123
1147
493
4244
401
1498
3623
4513
667
577
3529
2666
307
4254
1936
3075
3835
3723
4078
4359
1280
186
2157
1658
4763
1830
3428
1071
3552
1179
4301
913
165
888
1188
3483
4333
4155
2453
2598
1735
3350
4528
3871
1549
4279
2382
346
3138
2219
844
3188
3046
228
4589
121
2478
3636
2597
4825
2884
3415
1699
1778
1052
1292
3969
3348
2024
729
4806
464
1389
392
4628
4563
1199
3499
776
2817
3875
4592
3667
1953
462
4736
9
2443
30
2591
2146
514
4875
4891
1603
4900
804
4852
4190
3100
923
3819
5025
1579
4583
530
2285
3170
3132
1939
391
3555
2566
2555
1635
378
2212
4887
4058
2135
5111
42
1173
2032
1373
2891
2199
4794
4409
2848
1778
1167
2502
2737
2344
4405
706
496
2691
3543
3924
89
1900
4825
1437
5042
372
920
2767
4506
3008
2536
4462
2549
3573
4450
2917
3883
852
669
921
4855
2836
2615
2037
4425
925
3631
1120
1736
55
564
4499
4653
1857
2413
480
904
36
1938
448
2830
1455
457
3194
1681
3565
4315
2552
1620
4564
84
3299
4625
3624
336
5114
2860
1514
412
215
938
1999
4810
2123
96
1196
1606
1041
1530
3068
4290
796
2775
4785
2203
1668
4518
5073
1560
2295
4898
5101
2684
4123
2368
856
1380
4619
4059
3635
2387
4557
3547
1249
750
2168
1303
1847
3796
2698
327
3946
4921
647
3919
749
882
4004
2263
4307
1868
4704
2613
4588
3493
4570
4338
1334
1506
4361
3099
3701
1289
5002
2274
3228
4526
2920
883
2038
2060
833
860
3688
381
1359
4926
10
2270
1406
934
3168
2537
4182
3519
3845
43
3919
2364
118
473
4567
2564
258
3500
3426
1875
4157
3217
142
4065
3877
172
2477
1282
3493
3157
2174
4708
2879
27
3194
2603
9
3677
2296
5010
4116
183
2430
3398
379
4703
1024
557
3413
3861
525
3713
2010
4709
1984
3334
735
1353
2358
3434
3043
4489
4472
744
20
1741
1761
34
1010
814
2072
3912
3116
37
268
5075
1424
2973
3703
4952
380
353
3674
5117
2472
3324
1545
2746
2587
675
2955
1891
2288
2903
1280
76
1737
784
98
46
3012
4271
421
4493
2470
3440
1693
178
1412
3832
2581
1967
1406
682
2258
3175
805
3935
3504
4890
4155
429
3410
3934
4922
5019
3611
4376
611
39
2043
2910
3716
4264
1191
261
4672
2639
1139
4785
3829
1572
4864
2789
1085
413
2013
4763
172
4625
206
3895
4813
5116
940
4746
624
4957
4134
2263
407
2968
2199
3305
3249
1460
2823
3371
1381
1685
3431
2683
571
1619
2278
1841
2833
4854
2382
3865
4822
1568
1938
3578
3295
4840
2078
4537
2313
4563
2229
1635
3172
1723
1464
1604
3592
4466
3896
1557
3813
1482
3860
2557
3693
4528
86
1476
2760
1907
3365
2068
887
4321
3291
1508
1225
1403
5105
179
1665
4510
3661
4670
705
2124
559
4742
141
555
761
1860
632
2313
3617
1843
3919
4734
4124
1693
1043
3109
3576
4981
5050
1930
4411
1759
756
2341
1363
3168
1635
3091
1409
166
1746
426
2746
1196
1346
4567
4431
4277
1085
12
1049
2704
3000
1723
94
4243
3101
4877
4477
2477
170
1058
2810
3409
880
3610
3022
1257
4281
1899
181
413
3473
2145
1503
2686
2569
5121
4871
892
3655
3443
3257
4989
3319
1192
2923
2625
3251
1689
1960
267
1279
3125
3489
4211
2799
1374
2385
1062
4548
1779
2857
606
1753
2739
3933
2208
4461
3103
3608
4279
3751
22
5007
3878
3668
1192
3142
4191
1475
4249
1732
134
4429
4449
96
2607
3301
3245
4217
398
1253
1058
1515
4452
2581
2911
3587
595
1896
1499
4860
3407
451
4975
389
4104
1088
1217
1967
4642
209
2780
3729
743
4571
2823
4652
2174
1696
1349
896
3060
876
5023
3853
291
5026
4198
2731
97
700
953
2560
1053
1983
343
1187
666
2748
36
2073
58
4006
3217
4090
1993
2804
2858
4274
4939
3755
2945
4465
4810
4850
4414
2145
3696
1674
4904
1750
3370
4668
1087
1289
843
435
2946
726
1488
458
3238
852
497
1293
4441
2824
2775
225
872
3851
266
3667
4011
2994
1150
4602
1233
1192
3183
3726
2935
3731
2767
598
3997
4659
1076
581
360
1505
2743
4144
3084
3049
3232
406
2568
3553
4707
4556
4785
3206
3730
1122
2615
486
422
1761
1200
3802
1512
3610
1969
4584
4854
1904
4539
1437
4998
1076
3980
4057
187
3736
1867
830
2902
1254
2426
3223
4313
1696
2495
3109
1397
893
2360
3580
3824
1642
1698
3690
2071
2144
1320
4402
3843
4452
5004
965
2479
1029
2900
1075
495
3953
4190
3115
3686
607
4518
1445
897
5002
1156
479
3832
2103
703
4552
1697
3085
4043
4553
3892
3447
3709
1462
6
4447
1139
527
3682
1353
3696
1634
1221
3136
325
4045
4078
2489
2698
2193
1450
1160
632
3788
855
2843
3153
2032
3979
4606
4213
1965
4773
3452
812
2301
978
4402
3353
3191
4651
3735
336
2322
628
894
2064
2445
4329
437
3870
4462
854
4995
1510
2008
1769
176
3027
324
4718
1516
1311
4449
11
4269
1705
1108
392
2891
2371
5022
3327
3696
1136
4184
3262
2005
2123
4093
644
4157
4147
1140
2108
3844
1383
1042
4099
988
1275
3951
4092
2329
2579
61
4675
1649
1879
677
1000
986
32
538
1192
4485
906
876
222
253
4244
3676
58
4968
2639
4276
1786
1008
4584
616
3891
2367
3595
1305
2250
4984
3722
4551
4151
777
4451
4690
5016
4354
4202
898
3433
1572
751
3985
3298
4392
1852
4486
1227
3846
3079
5027
4901
155
1150
3831
1693
1148
4627
409
3671
1530
18
154
11
3665
263
4076
573
2835
433
813
4676
2217
1669
2066
44
759
3058
4655
1533
2802
170
4355
461
4398
851
3225
3795
3584
2123
3419
3338
576
235
1699
1408
36
1809
4780
4161
1261
3171
2243
2496
2542
2612
3229
3003
1065
2948
2432
3632
5016
1930
639
131
1616
4166
1668
3049
163
1577
3416
53
4739
584
1008
1514
4699
1659
2402
113
3213
513
596
3440
2789
4604
1913
865
2633
1478
3103
1195
3008
5108
768
3123
2675
2334
4352
4684
1808
2865
1171
826
4346
2403
4383
3308
777
87
2338
2125
4743
4936
1017
1189
2533
2203
3790
1416
1064
971
2593
1752
917
4428
2408
4384
3857
25
2646
3984
4369
2992
1093
1204
5046
4613
3372
4735
535
3604
1444
3370
2355
1388
1069
1729
2527
1026
800
2278
1406
1418
4987
3357
3313
38
4077
4123
1423
3587
500
497
1985
336
1804
3738
4981
2284
3445
2691
4907
4284
2158
4683
2637
3467
3977
2884
140
187
3245
4454
4855
4388
267
3519
784
3642
3760
2785
606
674
320
3170
3337
4317
3811
498
493
1894
1500
523
5022
2194
543
1421
3380
134
426
946
1319
1383
2429
3350
1471
3065
3605
4148
233
5121
1843
2660
792
1815
176
4254
2226
769
4198
842
1088
2821
905
4569
2691
607
93
3271
2872
4175
2387
599
3685
1302
1507
1963
1391
820
3092
3854
1900
3138
1466
1688
1425
2037
4337
2439
1674
1607
2647
3219
2413
2520
207
1630
3291
284
3087
4542
726
3877
3985
686
2873
1572
3598
4336
2111
1407
3883
1069
141
456
2481
4736
411
2239
3848
1738
1013
2452
1883
933
2348
104
1086
2586
4697
2573
3471
1692
3942
3375
565
1038
4617
104
2467
2497
1180
1015
3906
1244
4369
295
3025
1168
1394
822
1638
2746
1458
1925
340
2665
1638
2112
4142
4846
3010
4580
396
3328
5090
5113
4545
2268
702
180
1862
3586
3761
3280
1853
1983
1789
3519
1267
3296
2074
3050
1855
2771
919
3182
2004
2589
540
4657
3308
1846
795
2828
113
3693
1004
3020
1796
2240
5097
1070
3254
2971
3112
1264
1804
2648
745
2859
4227
4621
2275
4250
1441
1920
4581
277
2051
4665
4957
4548
3434
4136
1449
1435
243
928
2572
3032
3668
2102
1837
2207
1754
2893
1564
3929
4726
1136
4042
3723
2891
1821
2115
2959
67
2940
2364
