10121
18862
32115
7516
17963
18639
8714
33755
3068
34343
40839
35652
5157
4763
11953
24439
38144
2711
32940
29169
14978
7140
38541
13475
19418
524
15914
12944
39693
19366
27601
37517
5212
14638
9968
35941
10448
29881
3823
1638
17510
33729
12027
24145
38907
34485
8093
7457
6768
35849
11855
24007
39867
39341
36586
29875
174
25184
11234
1613
7188
36129
17283
9888
33122
23529
2387
10133
4650
9452
18234
2082
19943
15268
22942
4288
37915
36706
38102
8242
40479
32057
13011
6895
1487
17552
14961
22386
15839
2719
15436
39989
24606
23409
17544
15122
35060
23590
1443
33370
38105
27660
21488
17964
39839
14715
38988
675
14490
41070
32117
25688
8874
19160
21765
17656
4335
5253
1087
34626
21560
5313
27791
10494
14103
24307
18655
33679
22925
40735
13255
20277
11364
2512
35843
25473
10034
6729
16673
25932
39727
14492
4700
4758
12150
19050
4436
3578
11901
25888
9244
23986
15019
40148
26683
29620
15488
30962
10316
7435
4735
30049
31458
2787
20744
26139
23721
15659
14921
9464
20440
1569
36288
24735
34455
20300
36543
19750
550
12206
31603
24520
10066
38977
27919
37021
13558
32778
21392
13664
3780
29435
17718
17972
17053
4604
9100
36172
27997
28689
19250
6083
40134
27805
1350
1675
16738
25178
26111
26476
12596
29442
11850
3606
35933
28912
10114
268
33296
16167
34912
35326
39047
33113
15675
1086
2236
14805
34086
30378
6062
22508
35032
15625
17220
40020
20004
40576
9665
27897
13290
22547
11006
4523
23560
11837
35647
32804
19567
12152
22914
3097
38761
3672
17048
7621
20943
37258
27568
34410
36083
36477
4689
7250
5750
15395
23591
34012
10330
18348
16169
28915
26958
7722
31000
334
15132
2804
20124
18107
7719
68
14429
34395
40573
21387
7352
25002
10003
40020
15824
41043
31519
22157
19865
9168
37860
38293
9137
15477
36608
12957
7011
30881
11940
31791
29780
16884
38331
11783
28558
33075
37461
34393
40388
34451
30790
30826
10300
34333
20240
1529
646
30908
28857
4063
26278
13188
39765
18634
14924
20983
13508
39869
18501
22523
40784
25121
21649
145
17540
37004
15355
15428
29838
5145
29213
37925
9823
22754
13834
40231
7789
8610
37862
38126
22252
29916
7224
6016
19615
16918
37100
33243
37329
6914
4404
22712
39588
33704
14238
10940
23547
25367
13398
14855
29107
9108
10478
10936
13614
33774
22781
25764
11880
15590
37348
6992
28478
3369
18723
24328
11323
24972
2707
21883
41001
16950
23470
2287
22206
32132
23963
18292
4297
39513
5351
28689
35458
18950
11391
6820
2750
1196
8093
20387
30782
20657
34005
6319
2414
23655
17251
13455
14739
2116
10425
39384
33889
13210
25396
9103
8904
40436
11234
22667
9936
11125
16185
37037
36653
19854
1261
30331
21413
9906
24944
8367
39076
30753
38066
3062
10302
27648
40212
18475
28689
37923
24971
30413
11695
39264
41180
19551
39845
22482
4372
31425
13776
5597
4195
8486
205
35916
21086
29894
30005
36571
27093
13347
10789
25593
41035
35621
14441
15157
7980
6310
21833
23584
12100
3012
16367
54
3682
11363
21961
27750
36900
25621
36359
36446
22122
17051
24234
34885
39116
2120
21428
39104
36178
25861
8850
24274
38835
36490
20520
5154
3618
9300
20923
20369
28695
33633
34120
34615
22971
25019
37909
3242
2526
32617
34867
18869
6674
39695
25254
17004
10455
34393
33877
10385
31674
6892
9435
39865
28318
36188
2436
15185
40457
21036
38108
19073
4297
23485
12883
9057
16235
3947
40960
33837
25171
36393
24342
39434
9230
33029
29638
28914
20034
36406
17494
22896
3003
38388
28845
6565
18301
19859
25133
18667
18024
2708
2459
23627
39411
5898
22387
6069
16021
41011
26425
30506
34349
25543
6952
2591
4425
26655
36681
11668
39535
24103
1900
15510
12424
31623
22885
38837
17222
24060
34831
27749
8213
721
28765
33438
11679
10124
5652
31766
38579
22989
18906
23324
11969
24175
17482
33122
20286
4205
10590
17029
11413
29978
15324
15626
14737
39476
37258
24870
16239
9165
17408
26761
26170
9170
12196
37447
29713
8962
29152
8930
27125
24354
32744
2417
29264
4165
29174
15547
27292
890
36081
14994
26380
19760
7896
22603
7138
24209
27301
28385
36273
9783
31823
34214
33197
19151
25967
31047
14467
31538
32806
9931
19144
36453
16062
19071
12063
15310
37896
25784
11565
33161
1043
4978
5202
27723
28604
22888
22788
40139
3552
670
9915
6472
25194
13664
34566
17234
22257
13514
5840
10908
29195
16814
13169
33528
7597
13684
1808
9317
32808
1135
12227
19448
17288
35096
1734
12447
6184
36613
38316
17708
8626
27337
2307
9522
24286
32266
2166
24733
40162
5294
4929
23143
28852
37693
26246
787
36486
37654
29344
38753
22509
35764
37086
24168
21409
27253
27992
17076
30840
23895
6047
34152
1729
40482
6247
40022
30647
12566
7907
33183
18069
9828
34172
30371
11232
12253
25809
23204
1560
21835
5699
33616
16315
5536
36737
34462
9660
31676
14926
32574
15193
33519
7577
15281
7876
12279
28076
16230
30886
30912
39040
35821
35126
21259
26491
27567
16241
21639
11094
29909
33947
27506
37396
20104
39592
9956
26354
3303
26593
19634
13349
33976
13157
18763
5514
36087
32237
3557
32644
17394
39338
31359
14750
20053
11705
6068
5322
14367
2138
12221
17
9941
14656
33568
5985
17235
18730
832
6936
15527
7568
18228
34705
16080
30637
27986
12273
32333
14876
4012
6529
701
30808
13136
6858
37422
12734
36071
15697
18695
12586
20696
34360
30445
36903
30592
27285
37629
32239
38883
38386
27148
29699
19915
1802
30780
1273
31549
9019
38636
207
27192
15297
27405
34762
36335
25753
39164
40805
9658
4388
673
18255
18815
35668
19905
20687
26576
38851
21583
20992
21505
18595
11765
18337
25353
31274
40476
4441
27926
17060
24557
40600
40936
16388
37677
1189
21114
13366
3511
23528
28903
36946
17174
19207
5245
110
1463
40781
31822
2268
34705
29721
39823
26199
19958
23920
11826
21648
10515
5890
12852
5125
28684
28099
6466
36060
23150
15788
27098
33047
29476
36064
11053
34891
5867
10358
1887
15674
11214
28874
35130
593
39488
8568
7762
19296
24692
27463
15643
30343
13858
17422
37119
2543
30040
8359
13328
36378
22976
16070
14500
14765
29832
3631
17555
20527
8466
39447
8252
10908
12133
14910
18726
34888
26018
18325
13109
2466
38828
14203
13188
36430
12302
27010
11161
16868
35095
14916
34124
9840
16929
25157
31184
306
11931
12784
33787
13592
34837
11052
28012
36054
32948
6957
8506
8941
10533
12075
4096
4281
38861
1390
12570
15443
33247
5298
18346
16021
16239
38908
27069
18892
8214
6429
39689
33968
19876
19238
25508
19405
29333
22126
13646
14889
25800
17479
8658
33610
34382
11458
4663
31103
21752
9476
13642
3248
31128
24948
1452
1565
18825
34989
37880
7289
32980
28370
3964
25652
14478
36934
9654
25634
9340
27949
34680
39375
603
28683
8253
40531
8094
25811
15990
18887
38324
12499
28352
26855
9328
25408
14298
22407
38445
15185
9050
16766
10548
17518
4765
12843
32515
24486
4004
38398
7085
15800
24977
7901
32171
20110
40759
33657
37746
36540
40666
19439
23445
7996
16139
36869
24990
33968
37007
17141
10002
9763
16858
7697
28478
17599
28901
15570
17987
5989
29370
15738
9772
21279
34138
4429
6626
39367
24190
29431
21427
28628
21280
36595
11025
33562
32364
28364
24583
25660
18267
5502
20451
14075
35837
5704
10346
27455
6687
35947
6057
35706
37322
7949
17603
22897
16376
16771
37174
10467
3669
2265
36268
33801
9583
2159
20848
2819
11942
22407
2413
31672
17483
37116
9603
18810
15173
15771
39680
40881
16580
29178
2885
23769
30476
39196
31998
39023
22587
26835
17967
4925
1944
36163
35017
12778
641
16035
1051
4371
8591
31628
39931
4541
33676
6293
40274
27350
36939
9996
3020
17912
20566
2640
8853
21329
15057
26173
34189
1488
25571
19155
35970
7398
9522
8471
36876
27821
27238
33110
28603
14280
2584
39148
30070
28295
18346
901
33828
29996
2683
21182
22190
35673
3087
38983
6598
18302
11425
10808
37260
1656
40815
30092
5766
22361
38436
30530
4803
16613
20930
11862
26982
38229
15497
695
29763
17014
4116
11521
16376
25984
27117
33816
38257
24413
10758
16475
25005
16699
5011
34957
25385
771
361
14540
10052
5456
24614
2958
3598
40562
20407
12160
1968
35730
7507
9903
6135
17354
15691
9317
36114
15895
18825
38855
15341
22374
14341
33653
23330
39856
10699
36707
17984
32013
20148
24422
6444
22572
34624
34505
20656
39131
15121
8303
7883
12786
11499
18757
36450
21868
23517
31136
15067
40704
30357
3546
16
24267
34939
26334
15659
24580
14232
15579
37770
36080
22972
29598
4815
22502
29602
22458
10057
9067
30537
2332
39498
31667
11475
33962
37859
25469
32679
32127
21242
33620
102
19624
37269
14892
35378
35860
26908
36694
6128
35493
19559
19188
10322
17569
11174
35582
30082
15302
12734
13677
33029
3307
24394
32218
26895
11867
44
2520
31418
32869
29086
23114
4049
8841
29042
7794
36064
920
19049
20028
19182
5412
8560
18359
14931
31639
35621
12893
27106
38179
9206
15479
16688
5969
12557
3220
25013
13245
37625
18191
24697
34508
14187
15126
2569
4424
25173
2948
8833
37043
31158
2350
36531
16766
24839
856
16797
14925
16333
36898
4448
37498
36512
10889
36909
20462
17954
29652
31778
13313
19716
24102
12254
25582
7608
9807
37431
23855
9685
2082
11749
3154
35885
37087
37572
38862
21914
13960
27404
28582
33759
2723
39047
15763
33068
41191
4019
13160
26613
11560
26383
37225
11735
4597
35746
9334
13458
19518
36125
18515
12316
5104
1225
2306
37798
5251
37834
41216
37808
15759
39520
19843
9333
11474
29096
1714
4853
37029
19534
32006
22097
16307
23130
18535
13135
22018
18372
36340
26676
34196
29038
5044
30674
40437
34279
4924
32265
33210
33934
34517
5284
16674
26576
4664
13501
11178
41161
15836
28180
35827
22008
9282
22881
40611
17078
29518
20277
16478
36029
9295
37865
9632
23842
26975
21005
18692
36647
38991
16388
13580
39899
40743
26593
22008
31087
21541
22064
37278
23941
20602
30377
19430
16058
33126
10863
37517
29384
15636
29677
18836
2952
20134
24274
11428
5059
29346
7998
2456
18813
16399
24476
4632
18631
11097
33605
39011
31390
18296
23876
32027
9389
20667
21790
26486
18168
1085
14149
3230
5649
7846
15235
17470
15744
34510
9552
28846
40062
21981
28971
1651
22741
3809
7534
8397
4138
15492
18357
32457
14794
28717
18672
38331
33736
7641
5736
40450
23052
22705
25317
32107
8533
9237
4981
36158
33432
21568
36033
16470
1599
32846
40428
959
17450
671
17274
34269
4967
39738
22795
39734
31292
38303
34761
36226
24974
1531
35570
29907
26209
40487
23944
28503
407
8148
12882
31345
17150
20571
2909
27836
4848
40321
27121
30638
31240
16103
183
12242
16073
27574
36438
37190
24605
1816
29083
17488
5680
38770
33163
29516
19635
31382
14209
23334
3054
7301
11419
30648
21737
15376
16081
17576
25709
15332
11052
39307
10165
1446
7162
20658
24436
11634
28910
8292
23161
18165
7114
36273
1115
39341
22040
7212
28063
27147
3542
1861
2944
12840
22766
21766
35334
14512
37952
6186
14751
28234
36421
19403
35821
9302
20803
40665
548
16681
12420
18270
14619
11465
19528
34748
11775
38918
37181
7362
3418
11399
20466
2595
29616
23599
23964
21487
21318
38821
755
281
18195
23223
27858
32236
7438
31277
15513
17037
909
33389
39368
15829
1954
2140
14054
2532
27267
25744
30626
17519
34848
32000
21732
30353
15830
35784
21989
32334
6982
9633
3140
174
26923
7624
32968
22269
28058
36108
32030
22241
10110
25453
36821
22767
30498
19634
18760
37245
4743
28682
35102
19317
12058
700
8015
17067
30234
20843
35955
15253
29731
9504
32329
7735
6753
27319
22917
23877
14726
1676
26149
4388
41033
39342
38355
13215
26577
28522
25635
13893
280
9277
29013
32419
3302
24490
6964
28378
17779
1212
33368
25075
30379
40952
12274
12400
9213
8904
24298
1759
24997
24491
8643
3683
5908
21489
15703
7099
5067
21535
27937
13748
535
30627
26313
23192
28770
24746
15275
29317
11315
23435
1410
29777
16396
12319
31402
27494
9315
15565
27503
34724
9773
22334
39846
38660
1492
15148
16007
14510
7896
36640
20915
39271
27047
4788
25969
33356
10879
9777
14163
13331
11275
9064
21411
34765
15857
21842
7402
18333
1113
27113
21135
24275
13598
17577
20321
766
11663
38642
12679
33737
11448
28511
33352
5319
36805
28711
7193
24272
25427
28060
24469
35364
24254
1683
19807
20499
5819
17162
6230
31846
2474
24757
15231
803
25465
25092
1718
21135
39524
9633
40675
17798
3100
7700
535
10599
10829
8394
28377
3341
34575
3267
38594
2327
20443
15895
36030
28705
7082
15796
38933
19052
8201
35319
26485
24354
507
5965
39135
5598
11745
14590
28703
3052
37868
29865
31674
19558
4155
15042
13604
16733
21318
20952
573
4896
25856
8345
22600
35863
31933
33783
16918
22532
40231
30645
8837
34205
8447
7803
36272
13130
38435
18790
27986
3193
19432
29502
30181
15812
103
25334
39929
33213
17677
62
2964
40262
3896
1509
21392
17445
34946
15390
17393
14649
10609
12728
34521
21350
37390
12302
5810
11841
34457
23962
17267
32702
36283
9726
18733
7127
38285
15477
28879
35224
18115
9288
4288
17217
10801
34223
34614
9151
25463
40953
10169
22553
959
15790
22014
8852
20291
12910
32419
34672
11359
37946
215
39307
10051
39106
15169
6938
36948
12111
29114
8274
16963
39658
9668
40177
13846
34594
9980
2887
20482
38257
19292
33148
995
17031
35627
20666
17932
6135
39200
354
11984
14532
36604
24208
2916
716
8201
24608
8260
2934
33311
21221
33774
10469
23372
665
13683
35996
35528
25634
33194
37700
27674
19337
10705
28064
29216
34505
36341
31933
29239
1970
27228
5418
3117
37229
2212
5734
28805
15790
33729
10342
15348
22827
30106
22281
11288
35209
26364
21793
30752
15635
34572
10030
39040
35779
4118
9979
12709
33443
30871
36068
24775
22948
473
26283
23511
14845
38033
17891
29944
18102
14653
32501
967
27733
36069
37399
35721
33452
7845
20123
33465
28163
40934
6510
34354
27282
15425
27521
2228
33396
31281
6607
37154
31943
4822
30102
20826
12951
11201
29054
15273
30427
30786
11786
14664
3319
19974
35996
21669
27780
16494
6690
37201
10221
25533
27411
7162
17523
29687
18858
21006
6395
12575
21540
22609
24717
8655
28379
40136
32761
35528
36897
29131
29727
38720
22748
32304
11192
22651
18525
41033
34710
35025
9757
15397
9313
4880
22110
16630
16500
36089
18946
38298
14096
24534
16104
38203
3316
14498
24764
20617
31147
35767
26215
39779
35218
22541
19526
12540
35771
7869
11217
22361
18807
26756
1579
16795
15926
15793
26276
2664
7130
5004
26104
36869
23977
34931
28844
1036
24995
14841
10627
9772
32292
29457
33668
31946
15049
24688
33383
5081
14898
33986
19193
33225
20051
41128
38626
29546
19942
29119
15067
5651
40707
10733
30744
12156
4076
31428
31939
36705
33194
36661
245
22938
4710
9770
38630
35404
10740
12077
1135
36478
190
3053
31657
8526
24456
24022
1480
10298
18890
5016
12042
13989
20838
28715
7141
2636
36418
16921
23588
9739
13775
31008
4874
18841
13867
29811
11322
22001
12834
14684
25073
29476
4570
26741
2628
5633
24918
24247
17529
35988
2673
5148
36907
24574
15885
32801
9311
38004
37122
15286
22111
7417
6106
35485
14650
21367
40015
37027
1737
15818
38253
39152
2366
27054
4582
4206
128
33929
26547
11252
28536
19770
17061
40670
11964
13604
26926
23679
15201
38820
38063
19558
28174
15304
37582
16
12760
27838
23886
6502
25314
1639
29288
709
6763
2938
20853
21913
27828
21777
37680
18810
6313
34093
29497
10630
34223
15879
18764
24414
12850
4111
25568
10016
1017
39244
3625
34865
31656
5653
19590
28555
5675
19388
23255
15033
25452
34586
25055
17463
19215
24125
1336
20093
40194
21218
38828
8905
26799
40289
662
28378
35602
35658
23859
35819
29968
1268
33282
19824
2109
19793
11532
7700
2577
22593
19564
13398
20782
3829
14606
32868
27517
18197
709
32699
16647
39397
4795
10331
16280
17471
17825
1324
25531
29161
2968
30071
9355
9228
1285
10997
12849
24926
561
2426
10959
9660
35008
29097
15522
18679
12835
8586
38827
6275
3991
3926
28991
6207
5483
31255
12730
24366
2945
40293
41240
13289
30128
14840
12828
24582
10934
22487
14855
40520
7821
1166
32568
9752
38595
28688
29735
38938
7758
16014
11505
3413
7680
10290
14619
39332
22745
2359
4706
17872
8665
15551
797
20411
1592
33285
9727
5060
680
28783
40783
16419
27583
17737
37543
17365
11251
17701
40848
7581
24015
9109
4623
13453
290
6242
36468
1377
40205
26975
12004
14172
32090
28502
2064
4322
21937
20691
14151
36178
17219
16053
20843
22733
8468
24945
15296
22958
32653
1923
33289
9469
16976
2397
33822
31833
33279
23802
35031
30654
37750
9109
7810
19821
4827
37651
34345
28065
14501
19517
15046
37790
11905
35578
31592
7230
38966
13329
22992
16622
15488
34044
23846
28666
36882
37564
35021
39240
29603
2148
41057
3981
18745
3662
8785
33389
17562
28407
19086
37478
19617
15688
38561
1923
36564
33698
5054
9707
15254
4964
39161
26968
34865
22379
22312
14802
22232
11474
18366
35608
369
6473
24086
16036
29894
27465
2632
32472
23119
1256
25626
7912
4582
40571
31729
5238
30911
26444
14449
2873
37891
17097
10488
2404
17889
32869
437
18930
22241
8958
30537
17312
1577
7325
1088
17090
34250
24837
31770
17914
32964
17332
18954
27678
37889
32459
27324
39105
18092
3361
12336
37108
25333
35213
35677
14346
4639
15307
24012
1087
4342
2840
39878
16219
39693
10299
28954
14750
21327
21858
33900
37624
4111
18903
7722
32914
7959
24826
17002
32349
577
6298
12966
13470
6128
19895
22617
19178
12707
15713
33395
35004
26939
19425
1531
16866
11128
38419
31567
12502
26265
28836
7732
37200
36127
8228
15378
11445
7706
27772
35524
5353
26723
19336
11673
15912
16562
3439
33230
38584
34523
23735
12855
5785
25763
35770
27150
29176
11781
38848
34915
23808
24421
19383
22040
5171
13408
25019
29367
9997
12678
5504
36700
22838
25589
2176
19346
39781
21546
32071
16613
22453
25149
16614
29996
38692
2687
31021
31443
18949
6216
13549
1977
32094
28301
11325
15807
14050
1540
35277
12040
33929
31896
1419
29811
25067
5290
30510
31802
36316
9978
25463
15642
1595
31057
14613
12603
14895
38804
3546
1460
11239
33498
14211
23134
16269
32066
20796
1005
20308
39592
30934
38488
11401
23190
31731
14208
39847
19785
10181
5966
20191
7797
3671
5476
22205
29459
7607
9594
34129
16721
23198
7892
19616
37925
31524
4988
6877
2598
24628
25198
748
29945
18242
9116
2541
5694
8717
17481
16162
37075
17284
11581
12495
1930
25245
40285
30988
20295
3664
22037
9965
25732
12714
7632
13136
27588
6859
25585
24485
38920
30405
29166
38819
4440
2783
25898
16864
35859
28252
5874
37891
6542
28044
5538
27383
10555
1352
36881
41209
28737
3175
8044
1770
26456
21542
3192
6592
7417
20953
15248
36320
754
18740
550
13980
32480
12614
30058
16289
39208
23651
11784
30228
36141
24765
29033
23168
20514
38485
6153
18527
36377
5993
23601
8305
25978
26438
26838
20465
8110
3643
18740
19874
32507
10882
10710
18058
8786
40830
2306
26224
13729
38042
17931
24729
26309
8146
18377
13494
32485
22881
30017
22423
27087
3241
18492
23004
31252
15291
21744
33444
31987
32040
18920
9779
14867
34964
23898
32969
25441
95
7653
36528
34168
21416
5086
2420
21601
27797
33815
31326
27887
37072
30500
25814
14809
7704
4055
26004
498
29212
39545
35105
12383
21928
1081
24719
8117
8197
14020
39941
40124
30986
20812
594
37766
18152
37122
29023
26895
6283
26939
722
38104
16639
13529
4488
39128
21976
38948
25924
28971
33448
40563
2083
32528
25855
20957
36636
21814
21452
9951
31694
3822
33548
4229
39815
16341
7255
3808
8796
35526
7881
32911
25661
3180
5520
17532
21867
13379
33614
4662
34695
25890
33543
16645
27147
1621
34072
17342
29853
30173
2653
21519
7051
39902
16093
36372
29892
10068
25874
8723
9992
5206
18240
10680
14114
30270
9290
17911
25078
26683
9629
22728
34673
20124
21606
13944
3537
6555
10951
5058
27591
10498
30872
37091
30629
17145
13949
5542
7168
15
20943
36905
20259
32775
39868
654
38790
12141
31384
13751
26430
23341
40015
820
6841
22912
7997
34151
34622
4300
26976
32171
12993
27436
10202
32545
16246
2731
13089
11198
30273
38460
10368
22849
33584
605
32044
27671
24693
23274
32771
25999
27236
1063
30705
31939
26964
7075
12838
24721
17329
7
36845
165
33177
18806
25101
41236
39409
10964
17034
8040
12204
28286
21600
39641
40824
7854
22532
39336
4015
34154
29983
18094
31618
20301
36428
40935
39921
39552
29402
1202
10204
7534
3194
31892
27401
36615
40418
35082
2739
14506
12907
8379
28925
30477
10665
23721
28825
18105
1872
24868
25644
1631
3690
9795
5986
28932
28984
21130
4375
30820
34499
9263
5119
24911
8922
39511
20492
38984
34404
15967
24791
38016
28082
23963
27146
27031
6418
34084
3224
20172
8986
37034
26327
28445
4795
5599
25178
37144
30819
6582
28876
16480
21364
5337
4253
957
40091
5602
15376
612
2789
5771
12600
16011
30142
21941
4322
3188
8757
17854
4079
34228
7132
32645
4837
16973
39149
28764
2859
12121
26272
8868
35976
31638
4355
35027
34569
9624
28831
21907
37597
9357
19741
7081
17047
2683
1226
21834
40816
27680
30499
23463
8190
32353
29773
36213
22557
40587
16742
35696
4170
1137
27548
39609
36322
18629
13108
4955
7026
33489
26413
19907
20202
16795
30315
16445
30717
18783
36047
25975
34773
18420
24008
35939
30240
34465
34207
24149
22747
28031
36911
7055
24364
23561
20757
26049
12992
10242
20021
32162
23976
39720
12490
33762
1891
5572
37804
16563
25130
24014
24753
30728
39481
5926
912
35895
30937
3077
2649
31358
16523
35875
20054
19556
29212
16367
2220
24835
2330
8858
24333
22249
32021
38321
35036
3987
37906
23105
269
15038
24311
232
11340
11649
40386
11143
11724
21284
23586
33145
4388
40365
18317
21356
7404
19114
13807
37111
19883
1124
33856
8973
40317
15371
5757
13745
10807
18915
14318
31861
34332
6356
12606
39723
33279
13835
39943
33993
17676
4045
9793
40583
37167
6717
37816
7093
26271
15810
37675
23687
13450
8412
35060
18036
6951
12036
21038
12982
20022
38536
24175
24663
24638
40771
21036
18310
26029
40267
17475
31720
12977
14502
28447
33338
10327
24551
34590
39438
39676
6507
19559
21579
81
2631
9234
17226
6883
36474
14129
15755
40865
10770
40082
16027
12949
38323
12757
17724
23369
2473
35770
28825
22939
14990
20682
2919
20588
21133
11222
14645
9457
16569
14596
18712
23528
19011
14015
313
29886
1062
34634
18641
30384
31272
34791
19218
8223
22755
32880
28924
14724
15327
10425
13981
6729
15178
19134
18675
4984
23422
26849
2012
27081
24898
39174
24166
14323
29448
27385
14483
31994
7544
18585
20743
33767
21979
11915
5995
31362
39524
7803
31665
8819
16683
35469
28075
32900
16183
4026
10322
23440
7594
38200
25745
31898
13961
22218
14422
19820
29290
2329
33818
25029
16634
25558
30566
40949
4569
2362
34390
14485
7224
38506
24111
22338
32809
29542
31888
16931
31417
13216
34100
35682
17373
33155
20145
3578
40970
7775
23800
41093
15812
5835
39654
13082
23715
38141
27562
4610
29793
10653
16123
5567
1589
39625
10190
21525
23309
779
35841
7247
19830
24059
37051
40295
24306
8250
9911
20508
7224
39297
21113
281
38516
11156
20386
10138
41233
6462
15177
23087
18892
13421
39545
18503
12977
808
6865
11266
21613
10850
30155
8186
23499
10399
19368
25845
16286
36319
31829
7479
145
17960
10911
25309
20040
17054
40477
4505
24725
24387
9878
14477
22964
13776
17711
6803
9457
30472
38822
29542
24604
23063
36137
35145
33814
33499
932
28708
35090
33189
3575
29008
20663
2982
9152
7346
32167
17504
9223
2312
11286
12899
10252
1801
3863
26243
7669
8515
15037
40796
11164
11765
23238
24001
6230
33278
15153
29884
505
8716
31744
24857
25477
35972
39251
7852
24751
21406
37160
7178
27475
2457
27585
17748
24684
28607
7422
36852
37831
33274
29988
39918
15437
18516
10349
11880
1551
18375
17376
8408
26004
33425
2633
15363
38666
34463
35859
38713
27556
5180
25681
14831
8475
10669
19464
5990
24544
18583
25968
9699
32832
15197
14636
27894
12468
37903
39467
10044
34622
6770
22730
32126
8576
7088
27099
16409
28890
32101
1539
32243
21901
17869
29308
40216
4542
26801
28456
15102
27861
38675
22315
19855
6605
9870
30247
16877
5117
26209
35907
40036
33043
6123
26212
30749
2696
4662
8728
16930
26113
18047
25377
4176
26106
4596
13476
36751
11163
20339
38011
16204
18710
15128
24625
14863
10592
37131
24682
13226
37485
20069
38405
15341
23901
8244
30994
25091
19940
16182
38268
26174
37382
34895
18742
9957
6383
15402
1036
29263
1480
21589
21457
15992
20668
37682
19706
30733
32278
38405
32450
3637
18563
15294
16210
3975
37815
35517
26414
29904
9120
36510
17753
10509
17537
179
35575
18094
17595
40564
40303
5243
6030
17825
34177
36564
24572
31188
24880
32429
33296
13428
34850
10063
2372
18884
35028
31598
35889
19465
14611
17769
33681
149
6316
18705
30290
15453
18925
15011
35249
12314
10591
8849
25771
37009
3195
37035
33764
9421
4681
18242
7248
7148
830
26894
33334
12906
18107
30312
8856
15938
37024
25333
32253
23651
29985
17778
11183
4322
27513
36839
21123
20855
21132
4006
682
21329
25575
18554
32640
39560
9495
13890
22091
6666
31992
15403
40001
19270
23177
35937
37163
7606
40038
24095
25421
10848
10352
30897
39910
25327
8014
27800
36481
7634
8165
11417
19207
24892
38264
18507
3840
11333
10081
5423
22482
4408
32933
38911
26098
33362
2035
32657
1283
32280
11555
6938
4740
22457
2333
12748
18260
7699
11097
23592
10810
14750
33880
15484
10240
10600
17064
38709
36859
34435
29167
12461
18926
1002
21415
7381
1159
5007
23626
36829
9815
35538
19607
22489
19041
21097
24329
19718
18524
3973
31036
7494
5554
16997
18321
21027
25292
12236
11835
20318
7730
36863
38656
22002
31653
24485
9474
31444
7582
31663
1686
1431
34628
38963
40399
24760
6987
4860
20236
8335
32403
12235
21169
24196
29527
14299
16571
20429
28722
16113
31822
37120
11475
14447
30551
35477
1105
8658
34041
15554
1398
32183
1568
31954
13629
26278
15767
34369
20142
34536
20990
1683
18326
31066
23802
5061
11737
112
21965
26756
30143
23489
8828
4771
26839
25333
8807
6621
25232
24402
20711
8889
29729
18290
1086
39305
24773
23810
4303
11893
8580
31687
35974
17508
28246
4816
40957
32389
28369
25534
5940
20425
29902
28224
32156
3675
30961
35358
16736
6303
18491
10546
2114
8765
6902
27442
26540
19596
28202
17933
2824
20071
19629
19539
10676
1049
40000
15329
30152
15164
21530
1436
13014
38187
27813
16641
19953
5729
501
31788
29660
37209
39323
3910
30242
24916
6613
27017
29154
17680
32095
19012
5659
19397
38240
21422
27963
26252
28589
8079
20980
32282
28722
33241
40764
8772
38162
25274
11474
1350
11999
15366
19600
11310
34883
2502
33492
20595
8773
8519
19463
20291
10322
36722
16448
8389
21937
33409
34944
20898
39654
25532
8874
32272
39807
31835
14716
23322
366
28993
38560
4275
20169
26916
9469
32226
23640
40790
40320
15354
788
8065
34504
9050
21646
20417
4781
3597
28129
19344
33307
14758
40558
31837
9527
7220
17327
4277
34607
27652
13776
19551
6357
17299
8211
3740
19373
15181
29961
3489
10134
24046
40849
36710
322
6132
15906
28755
39744
12728
10966
18428
14794
13463
39493
3479
30810
40117
25181
34160
22029
1194
24043
16492
232
41044
9630
17541
10522
33685
34953
16845
38351
24922
33915
25960
35627
24925
21791
14868
40469
27962
2955
10143
19958
8229
8476
13497
32514
17450
6174
2768
39611
27938
3227
17390
124
32586
3475
2932
27421
23442
15518
813
1720
38053
9936
18514
38757
22608
39250
6860
24156
17549
28080
8987
40180
34640
18298
40857
5991
33212
16878
33372
8199
33907
36278
3544
16584
7838
10029
36320
16762
8073
25714
6946
25323
26648
40736
20955
8428
22135
15766
23294
31179
29672
2831
34944
23560
33305
32645
29868
30975
6741
28133
33100
37292
11931
2005
14600
6544
29318
8538
14581
7230
1144
11957
13802
29537
13650
9802
9007
36226
16886
15401
7489
40063
13301
21742
283
4041
16287
4654
35223
11337
22944
33882
10533
3220
18695
18512
25157
23475
11059
36669
24823
28368
36645
7777
15676
20322
30074
38569
32488
34197
16212
37712
25244
9866
7686
12657
6779
37484
38281
40156
1101
23637
25569
22415
25447
34836
26803
28045
23138
2606
7615
32252
18910
11871
19469
8495
37656
6797
19909
31321
25327
35704
40073
38050
20250
16263
21864
29606
6323
38229
3007
34128
1982
25608
24012
34657
11791
32513
3090
15373
34852
3450
18987
25314
18046
37057
13781
35403
16504
1840
38972
25840
31210
23078
19509
17977
4223
4750
21699
11653
19156
29881
31029
38821
23552
1964
6684
22402
36841
33125
37946
25910
28933
3603
36243
39509
15687
39557
320
32640
18
8777
11276
39497
37067
23672
17536
13730
20413
4840
31803
7726
35889
31777
11279
3151
6505
2758
26896
30308
5785
36686
35853
4179
40321
31793
15311
8130
1712
8876
3538
35867
13305
4236
38902
6271
27447
12265
33298
27528
39365
39751
18131
11043
24030
38491
39401
4993
15107
8375
1555
9093
3765
18259
38486
5687
18486
16236
1713
1390
25500
14888
9243
3551
40728
19522
17390
3658
271
4086
21139
20468
12238
2987
11454
32588
6328
25698
20996
10980
25945
15066
33981
18455
35820
34964
34328
22137
39188
34289
8188
12212
10138
9167
7574
6361
28095
16485
8631
530
39195
857
9083
11375
35216
8551
16734
29157
9087
3413
17269
20142
33799
26726
10575
36163
16901
5191
15692
2015
22848
30103
12330
2569
21220
32887
24080
8896
14624
28339
39372
2370
36742
33682
28694
24424
29606
1033
34958
13349
10480
38185
35214
8764
7217
259
1168
16831
35462
38723
25067
9835
30165
22289
26884
13473
27338
19200
7798
11489
13448
27240
30189
4567
35183
21679
13764
32585
38959
36777
16151
9505
38244
3628
23794
36360
37905
32020
38435
4268
15772
27962
6707
3383
4159
18486
32798
15051
33347
37970
32126
17732
7954
27802
32483
24998
23235
22496
19513
24044
12079
4879
4922
22489
19041
40783
3535
35100
1310
7043
39757
14021
30369
32118
22370
37223
37628
22440
37859
10880
13747
23797
7928
12733
26368
6804
37176
29839
13647
15384
1986
40537
800
39692
17067
1380
1896
18080
10044
6794
18385
31567
8533
13290
37973
6928
25544
22304
41115
32099
7165
29755
20725
11572
35583
5898
39669
11150
10778
37770
16613
25869
34147
35176
33557
11908
15074
34672
10458
1047
18693
2471
24422
7091
37319
9275
22172
24231
5288
20497
37248
23071
21747
31132
11011
6639
735
15850
25819
31605
10640
14379
24724
19313
31913
6559
18798
19406
4118
18967
21448
34470
8246
19135
2747
19436
10527
36414
22508
39499
24394
20884
27907
37433
3260
9324
11338
7180
4868
38291
30315
3274
49
36482
37852
3101
2127
16576
18319
15589
1901
21470
16828
29695
24262
14958
32928
15110
22937
31425
33788
323
36208
107
32489
21812
15670
38957
37564
9554
16030
18311
15980
129
25422
18981
14062
11841
9806
22986
6719
10872
17923
13490
29713
205
32454
31799
7314
30771
1735
12896
28298
23884
11532
13969
3554
19920
38429
33781
36877
20211
24120
11446
4394
10023
20755
39288
30385
19811
7172
11297
40540
27767
9351
16193
13454
21828
28008
32564
21675
33881
39634
30858
8815
17234
414
12251
8523
31840
3898
25218
38780
34706
29822
12792
9374
30604
10706
22108
834
21116
1583
22516
13997
30548
29515
13208
27611
27220
436
31158
38022
6974
19063
2679
37174
18526
31004
13547
2602
35379
11610
22253
22928
26862
4530
3765
6135
12947
18861
1648
1130
14033
31535
16562
4057
1178
16678
39883
25663
4852
32686
24849
39763
12710
39306
15395
22694
39107
10852
38127
14965
14258
38347
19176
16472
38877
24001
27132
11305
39069
8704
14443
19298
4835
4556
34590
34363
9946
10434
6252
30941
36307
12289
8123
37282
3029
5677
17121
29789
37303
24879
34473
40767
28653
2785
5522
34169
16141
11088
29850
5373
10076
20348
16184
14515
4211
17533
34093
37869
3955
36951
4749
31370
41059
19906
34929
4118
22522
20568
36245
11117
33797
2181
1962
34531
40370
7274
9182
32178
33614
28230
3910
29901
38023
29939
36390
23671
33902
17515
1923
29651
31298
8238
489
21613
20430
22005
21192
30597
26298
29576
30010
13634
13341
31253
1096
33653
17696
20003
3003
36064
23959
18210
11499
27691
6736
6208
17476
17653
12469
38041
5280
11854
24502
29500
39874
26572
12290
21329
17222
3677
39798
37181
21309
38017
636
12352
22551
40283
13799
24523
17931
10993
9911
15387
27366
9068
20621
6536
18420
36390
14942
40890
33279
34261
32650
39518
1483
41206
38884
23334
6928
5122
6084
7928
17484
16697
4807
4237
28417
11376
32679
11331
18276
41206
2506
19242
1151
32007
16677
29383
36688
31397
24338
19022
28583
11446
26494
14434
21751
10439
11128
21155
12056
38335
24147
2458
19322
30966
34362
28862
26999
29898
22141
12508
1426
17653
17852
2183
2971
3147
36158
37892
12660
4741
31644
19887
12052
23578
31693
17895
5447
27462
29498
16584
9870
18179
22012
2128
11304
11747
9995
10381
23661
12155
40210
12797
33279
25297
37401
35854
39572
14766
13680
40736
12023
15384
7763
12669
9036
33576
7050
20106
23917
1613
32842
3900
6633
15827
14598
4877
37701
21723
36574
32972
24892
27664
15087
25517
339
30461
1281
1050
4740
8596
19399
2386
26705
9209
5591
25299
22176
37348
34071
38089
2818
39276
24333
40898
14421
38517
21614
4257
36579
5512
33937
14110
8463
40546
36548
3522
29925
30125
25350
3642
10012
18534
30922
22126
15742
20378
2467
15805
11634
36871
5502
25991
9392
3370
35396
3853
34229
1585
38066
2194
25056
34363
19794
3801
313
17243
33439
8457
9314
15155
2855
41209
983
12440
120
28788
31028
18817
34990
29697
5214
5797
10710
37239
14388
4856
6779
14855
13555
10813
10838
13618
26302
10079
28724
15829
9489
2246
12906
1615
8362
8537
23861
20855
2337
40059
1050
1427
34401
6397
24475
30915
8456
2484
31167
33479
19732
1777
27691
14052
12772
20686
16699
17578
3869
34256
30031
34050
237
38699
22547
30561
1242
36248
20357
25448
39654
6677
11684
7898
9383
13263
23258
15740
39716
37141
17113
22104
18728
26461
33239
15701
40449
18797
1291
39083
13222
32993
40057
26432
39757
34258
16270
33452
40202
3901
29904
16413
21715
9197
17928
40601
17812
7632
37148
21982
20216
24673
1309
35813
23081
39170
33645
16257
32137
22330
9028
32344
12351
9353
26301
35862
29056
23266
32073
21781
35506
25647
3099
33476
26268
2765
13756
24350
9113
24838
12889
1662
7278
19904
5790
22438
12608
29135
40433
17164
30402
33489
30507
386
41145
38911
6647
3520
7651
8379
8567
36738
36283
12381
2290
31898
17771
18936
8039
26536
19306
11178
14464
1847
11958
1613
20816
10639
14498
22387
11661
21837
15442
30929
19504
36867
38958
14702
23791
16946
35172
9020
598
11970
7503
24120
5001
19983
6156
31532
3394
4476
33117
5216
28978
40935
14648
24649
20800
24578
29885
39078
5578
28773
34407
32577
37464
2003
20026
29297
26980
15375
8584
4935
28133
22694
29270
10800
498
38168
39118
6429
889
31085
26988
4702
13760
36757
17833
40553
3346
37197
20701
9630
21568
4525
5189
32504
14575
12774
20124
34370
36400
3166
35241
32850
28544
8662
13978
32683
33859
17064
7070
5106
28155
38396
36794
26783
2399
39276
35452
30774
30547
17697
38013
14504
3857
17368
39055
3370
39213
15961
12796
35147
13942
13004
14908
16451
20682
26337
1759
17625
29736
7976
30415
36184
2250
10716
19178
907
35850
34200
37745
38292
30001
11961
22649
34240
23764
10431
13041
29937
32829
36371
31393
17895
30779
6553
4868
7023
2884
30670
7246
33534
10531
33196
14345
24994
40699
37499
20945
25816
38893
36292
9815
22728
20151
16689
5490
22527
20451
27090
36467
11169
32611
3111
38573
3247
28196
9216
3677
20536
2232
40648
27335
27013
22047
34253
2363
17406
7736
2120
22
6289
36739
18916
34923
8240
30337
3563
12558
958
10318
17169
11499
38316
520
12535
18085
16559
8910
39011
31241
27747
8844
14015
23727
30867
3331
31303
36132
29503
12711
1520
33174
10947
24922
1142
31897
14949
11465
20109
16012
27443
17300
36483
19724
24942
27783
29983
32195
6429
16126
36866
14360
32660
37481
9244
22456
13928
26276
23277
22888
20944
27871
32906
12231
26074
37475
21162
17923
6338
34474
40256
488
29664
35699
8939
15017
148
35962
22195
10335
23335
19913
30617
37938
6824
10629
27797
23763
7147
10704
21148
26698
21994
28584
17069
32688
36247
19508
19038
5208
23710
10811
33120
8241
3210
7502
23966
780
35816
10554
3779
23137
18818
19601
33796
30957
22623
1431
13680
7274
33857
4804
31555
20502
17099
6969
8858
33985
29631
37092
27965
12279
16435
27902
39623
33367
5131
5224
3723
15557
16157
10665
17453
37141
27160
29945
15571
17469
38305
8394
21004
37766
29815
12839
17389
15262
37431
5461
31177
36358
22259
20266
34626
5779
20401
29942
16736
25022
19258
26584
20391
7933
2738
15095
28756
2196
8865
31204
18877
37861
41012
7991
41244
2529
16910
11488
32437
26410
22066
37427
35747
33013
33684
40256
5828
31328
28635
1389
38966
29360
6391
22250
15709
17646
29269
27313
11164
37337
6160
9199
14591
7705
12636
11381
7562
3987
6839
26579
37650
7329
7678
31900
25446
37954
37994
15754
28341
37101
28634
12731
7558
18341
15080
36903
21400
16981
38561
12231
4608
38888
18598
15463
3691
24660
39827
17635
11102
2234
16809
18696
7177
340
17520
4558
26972
33311
20347
17681
34660
5217
776
24377
2434
14738
10358
12233
7216
5994
8490
15488
1079
12030
4910
2234
17347
2276
20825
40089
38591
38708
23130
3797
40539
25049
29604
1379
28711
7530
3257
24494
35060
26151
38908
28130
3428
38575
19626
34953
27445
5442
37518
11725
39016
12606
18169
21676
25441
33213
39614
7553
6553
31430
31653
25926
13647
22572
27440
25415
5263
15701
6528
22213
6061
14011
17695
31160
15041
22513
11483
30852
21415
11042
16697
23281
15291
4898
9312
19335
765
11017
26540
37199
19976
10360
21915
12931
4606
16065
40250
22171
14465
24974
5551
13419
26931
3952
20764
597
30533
13296
31013
622
15238
28062
15677
37754
18809
36819
32876
26768
36105
15408
1516
2273
31283
29928
33566
1448
36512
18449
17875
33523
27500
31817
6225
37760
17081
13817
6549
11866
5435
28488
4687
30235
25915
1908
40465
26548
28689
26306
1399
31346
22871
30674
4073
27382
6920
16888
16067
8102
12792
5548
26779
17404
7458
13774
1383
4815
19872
32201
6908
27569
21911
26342
37051
9152
31411
8077
30831
37634
27411
33811
29441
3356
11392
29108
40518
18399
33886
39121
13623
3865
20724
17066
11169
32981
38827
873
35875
4537
6283
19118
931
28762
21375
32469
26967
10355
29391
29741
14214
26707
28184
7178
25574
39632
25447
36565
35543
22284
9512
28271
40396
37305
34433
36084
21295
14331
33733
13572
9376
12131
38529
14343
40654
3993
35462
11601
1705
28066
22044
26976
34241
11769
35343
6867
18561
41019
22327
32168
21813
33907
16155
25548
17341
9436
4092
7549
30366
14479
7762
9177
40507
34935
6440
23768
40394
3165
8670
14228
3535
11875
9627
9213
20862
16541
32572
24149
40877
21029
18043
6727
18560
30421
550
24389
23257
13023
4089
24775
39499
17118
12330
34446
10626
4485
5771
23886
27644
10355
38061
19361
20721
5797
10807
26508
4777
38343
40214
28782
37323
37084
20611
12262
13608
34981
6102
15373
23947
557
16131
19782
10472
26301
16402
250
6588
27895
12334
5951
4302
28270
32398
18908
11636
25091
9640
26569
7237
8023
2495
6539
3840
4190
5070
1314
11441
22182
29373
22174
10679
1154
38929
28520
760
19621
10650
4279
37116
29084
35522
27766
16683
23476
19003
2347
29975
23950
26583
5568
31002
27291
34947
2713
5673
11526
18472
20704
20946
34110
32018
11541
32516
25997
13574
9512
5819
21280
40284
11521
12645
11678
37971
894
9543
15868
22311
6233
30938
10961
18700
39143
30207
25603
39657
30358
34165
8482
9380
2845
14113
7419
2884
40646
27134
31369
5749
1640
4317
7694
34966
30791
2089
29140
13542
25058
11176
32284
19559
1750
38512
7961
36970
5543
40701
19548
18240
26853
15785
7225
5010
10524
22417
10147
16269
28549
19098
10203
35034
3766
9482
14116
18502
31018
40812
16490
349
19691
28077
4017
30917
2885
16325
36504
22633
3739
9682
6595
25469
36870
38054
708
26574
32000
22724
36442
2095
30156
16743
23354
3483
27342
32228
23034
6103
7942
8058
4572
27491
9347
31890
20717
23925
8534
12433
2564
36880
26425
24195
40582
3717
22455
27280
34344
27598
36344
36744
10111
1810
32773
20073
27804
8368
35277
26424
6254
17752
8537
5829
10988
4321
17520
35771
18128
9671
31919
8136
28591
15908
17463
37938
9504
22147
37521
18086
25368
25424
13470
38628
3502
7648
17322
34624
39502
22577
28945
32164
19890
22748
35904
36780
18871
5730
30022
27104
12128
10873
17764
8023
20061
17866
28185
29138
36118
19445
4737
2137
17968
24924
8803
4383
26912
39250
21090
30000
34534
17316
25364
32324
14023
14813
15728
655
8605
15479
4011
1932
5433
29830
11271
29229
39064
9694
40508
10150
29260
37447
18464
12340
28435
25565
26774
30478
30368
8407
21779
10129
38376
14774
26465
25956
14692
2817
15770
37740
23621
38018
1795
37189
28027
29482
19242
20006
35698
31960
33302
31694
26721
10460
14727
35957
18056
35766
2100
15505
28188
15607
39819
11208
4429
20666
20295
31698
23218
31108
40096
30488
13876
23344
35214
10910
33962
5337
17317
21214
36476
16131
39829
13973
15695
16053
15814
15795
12821
4831
29028
2656
16477
19493
14379
39644
28893
9103
31803
6526
11770
31589
21248
5072
24397
36345
15304
26664
13662
7503
38776
2456
18574
25835
41194
17801
8835
33650
629
20608
3478
22216
8308
6401
7880
18272
26772
39289
4001
34116
2894
11432
15898
30274
30930
11251
30786
37605
15186
3107
25925
10391
19453
34661
8132
36290
21834
14984
32311
13069
36702
25521
28217
21449
620
3111
12903
23367
29231
34087
27301
23855
36461
10987
17593
31502
4795
39729
8856
20186
18253
19899
477
10949
34248
8734
14416
2346
863
25971
32391
38749
39512
39020
33898
8512
7720
28679
17289
9556
3264
13472
237
34951
25951
25089
28659
24975
1885
12580
12093
7769
16365
13943
1524
16406
1289
5383
16393
30544
23008
38061
26585
36690
40197
39382
37663
7370
24525
9692
29647
6943
28349
29937
6459
14428
27467
37347
21365
24187
28845
6913
37847
36961
16376
737
26077
39301
26453
38650
8952
36048
34362
33596
15237
18448
668
31742
31983
40458
6688
36075
40106
11326
15542
36538
8320
20319
36391
18523
29868
19339
33998
9518
19476
1830
22442
12828
7098
29016
27177
21204
21636
36064
8819
25407
40410
27240
31609
26440
163
6995
6132
11468
21704
36234
20632
16198
38496
32326
5272
38017
34736
5524
32691
38202
3668
40834
27082
14086
39711
13697
38427
23970
8850
40403
37792
38700
2046
36596
4960
21345
20038
2071
6627
24359
33659
6662
35534
32884
14177
10637
14212
36492
13905
8009
15735
5513
39633
7620
27218
4490
3078
24748
5560
2953
21663
5763
26224
10788
4347
8070
24126
36019
39931
8745
29495
8063
16877
11159
10931
8115
36184
25966
3135
6123
36258
4616
423
36198
2239
17986
6938
4754
37771
28703
29375
18030
32506
37159
14472
9220
14075
8932
28750
9192
35215
22840
28133
11217
34694
36119
39319
16235
506
25478
7697
25925
8909
21538
23429
37338
37306
17953
31866
5113
17533
18279
34138
39133
27427
25580
12579
14770
36714
20517
27796
33425
2462
190
17571
14521
41069
33164
15435
29472
28934
24519
38633
11396
13918
35835
20170
27995
29875
36109
429
33001
37463
17126
3911
36630
36446
4200
10187
2122
28585
18061
23680
24680
39945
7428
27053
23018
35145
30068
21696
12059
32617
32875
19500
37569
30066
41126
40293
33222
10035
15500
20844
20578
28916
38582
39970
12518
10356
14930
24421
22638
38500
9112
24921
40285
4278
2120
23457
8389
22548
27465
501
3514
25523
28228
37415
31566
7460
157
33964
26029
15503
13913
15930
13295
30659
29941
1221
13672
38354
40504
5484
19874
36524
38156
19780
20487
28914
9880
7441
5775
12745
15396
3902
18412
40646
7191
27769
18178
15752
32190
27748
19090
24351
11458
16651
37159
2635
5095
2805
5172
30431
28933
15111
29481
21130
6589
24320
40300
14515
35284
19309
25286
25231
1858
31005
25236
22199
300
19135
30428
33982
18682
24013
7418
4394
33046
1584
25239
14395
1562
34031
11650
32128
1587
14189
22609
3422
24798
11356
6245
61
3886
7598
8104
37344
30581
24365
31392
17650
23797
19055
12914
23280
32200
7284
5345
18387
33317
762
27765
38170
32588
11286
34773
7860
25163
31174
26987
16589
8727
24405
7961
24045
14943
20039
117
30429
3542
12309
5784
9925
18517
20121
6375
11328
33871
40624
33891
13886
13716
1711
29867
22238
24702
26690
23570
33550
17166
29676
18726
25955
18948
35902
19317
7450
9365
9111
17563
11215
5461
23960
9272
20304
26603
13608
23090
15357
18720
4203
177
23246
7590
11207
28461
25364
23363
34949
25627
15222
40671
2823
38651
31789
3880
36534
30349
10195
4769
32565
4507
18163
148
21697
27454
31214
27782
18571
35493
8439
30303
39225
19722
35875
31389
36390
31042
7222
35064
16046
38221
4948
13814
9797
7
28991
6226
17129
18968
24965
19482
37787
7842
8782
34711
37303
40854
16481
31547
20876
25769
29495
11136
20053
3201
22763
24911
17520
40954
41233
21377
14909
24541
17306
2918
8805
31459
37305
35004
15448
9570
36284
13874
6092
38271
18590
4842
38576
7501
39598
1139
21466
4087
23513
1272
40469
20717
9548
38167
16967
33710
1591
23145
30650
26195
29696
24015
4197
29032
34184
10807
18081
1613
38902
18449
5728
30063
35626
31064
6040
31257
33451
29668
19686
32103
13761
35548
4829
18325
36288
21821
13687
6860
38807
33242
15418
12642
35798
32149
7987
19248
16229
11443
18620
36466
22027
2259
32119
3285
40273
12001
6855
37791
29738
7355
20296
18325
5405
16391
6952
13769
24016
37869
25170
17978
16452
12145
5989
20072
12666
30740
34063
30969
25018
1233
16359
26833
19641
8517
5246
26290
17675
19507
35208
36127
39683
29201
22199
30817
18896
7306
7610
34892
24815
33759
40129
27871
33187
22974
34385
1389
16884
7974
23144
24526
18727
40304
38454
28315
33001
32577
5461
9989
20607
11384
18597
31102
29173
33906
38800
21840
35252
25811
36734
35265
9514
40802
5179
21672
22998
31023
18805
8283
24698
36757
11201
27562
14080
16411
19403
22223
27623
21803
8959
23462
39570
33008
34805
7879
34735
11136
28234
22815
39234
22413
36772
12206
5464
18112
17135
7257
16244
24333
12909
38424
3670
7870
10890
25078
28912
1590
38126
2045
21505
15469
27257
36443
15099
36165
222
2487
13649
28153
22316
32207
6957
2552
11293
8847
29674
23182
23521
26348
11584
31730
32175
29530
25322
18305
32424
38504
15551
36530
11480
19880
26891
18125
39256
35748
11395
17482
9105
21256
1665
22669
9187
40887
18271
11289
3607
18899
6810
25867
9206
22278
11269
20899
29894
12825
31874
7557
17690
12051
12615
29557
28343
33779
31852
11609
25743
27747
39095
2781
22826
23218
31189
33028
18159
9204
1812
7738
38330
26048
21773
23483
23535
30890
19152
37647
12390
30029
6919
22054
11774
14268
26509
33144
15797
14723
4748
1378
5584
14052
9464
25202
2295
35871
15689
28471
30497
23129
29116
12348
5782
18865
40586
5074
32246
18522
8906
36354
29832
8053
18673
1974
40222
39606
9509
2308
20227
21207
6562
3345
1632
1849
29472
28571
13821
24942
27964
16006
27491
29753
21326
33440
30086
40432
17898
31050
39052
8271
31198
40338
10239
21932
31285
32910
12753
17926
29800
35685
31708
39623
31225
25165
19322
36221
9007
21953
30627
17347
27464
5983
7696
37414
34375
5233
33336
6837
25827
17211
4455
10009
7059
14507
33037
31695
16235
16096
4937
27782
27442
8649
16149
7100
39880
30868
843
24363
14550
15177
23851
33414
31491
27775
9306
26460
35847
40307
13985
24146
27796
1327
32709
39446
5376
8317
17926
26666
5692
40915
11244
19553
8170
14747
16957
8282
36158
3776
36019
16801
34377
37424
11969
5492
8130
14728
20517
21270
2649
25800
27132
5180
11010
10078
40512
7027
8339
4606
11765
8833
32058
36287
788
14901
9048
36476
7553
17668
23313
26994
2932
40187
11583
7483
38125
4335
21906
36011
23323
890
36926
7770
5084
32810
19536
12857
20984
32864
28497
5529
23953
3083
34502
4968
20099
4035
14246
23771
30978
30255
39989
31516
19259
17128
37423
33047
30447
16805
16578
19358
39113
38356
3480
33217
5593
15323
34975
5801
10719
5816
33031
5214
6404
14281
7407
18062
10935
2410
31471
30656
31917
18789
25829
16112
2932
4376
37915
24173
36665
40356
11572
40688
147
403
6827
23582
3523
4826
30481
6788
13665
7081
24688
10112
38902
33836
35365
15316
30517
3885
33827
29924
21289
19600
26659
16523
39589
30635
2458
34816
26824
29726
30444
27977
264
29244
8089
33785
20596
34078
18352
35946
7006
38792
40729
31377
30261
25140
17818
32795
5764
7783
27891
30203
41062
14069
17562
6122
10518
12395
7548
18130
12036
20720
11655
30242
33958
37780
2365
28828
36951
2169
19857
22464
36136
8490
39869
25600
37896
9283
28219
18326
24759
36582
22874
32128
40797
38032
25639
23413
16912
25387
14685
19463
1272
30359
1513
20552
26184
5653
29672
40836
39073
21
27323
2432
40327
7424
30932
26087
10357
18718
13031
18349
22174
36334
20657
296
39494
9420
13310
7839
31949
27561
2850
27134
4044
31370
16301
3330
3044
22809
13494
31724
26959
19498
14800
39132
23384
8145
37810
37737
30742
10777
5804
35270
40649
21566
39006
37564
23660
30075
16729
22682
52
8025
39233
14084
988
17601
30401
3488
24016
4538
32194
39339
11464
3167
12651
14552
3569
34578
15382
2355
4069
10092
13364
41060
24912
15313
2156
32738
38635
30964
12832
15057
26628
6442
19713
36870
6228
16408
21100
30190
23353
4536
15590
38504
21137
1047
19066
7361
3355
2459
32352
18684
16828
33161
292
38021
32577
16984
10503
39365
28355
37215
23735
29544
29808
36250
35395
1112
18012
16938
37794
6766
8650
6293
2213
7691
27471
35838
37368
24243
19185
29316
25291
6307
39569
34964
1946
8998
19634
24551
21407
15941
3614
13902
28632
12972
2820
24307
34469
21572
29955
9421
11277
348
24426
28732
32602
5157
8680
27441
34378
7703
23003
26945
15337
33251
11373
31376
2322
8434
35022
36875
37191
11099
40331
9663
34645
20201
36470
33406
7648
25170
115
23596
3898
14851
3106
23668
18336
2893
24723
30353
11816
23669
14101
39211
28533
6693
28912
31321
1639
22699
20058
7553
3282
29146
14203
11117
39018
24331
15687
30846
12065
3045
22088
29373
39787
6591
34300
2141
35623
30358
22539
3795
16625
20949
27076
38990
39440
37867
31550
9857
2775
17637
40922
15748
33803
21414
38324
2889
6573
10773
33081
11521
12365
4965
5770
14296
27438
34146
8552
29988
23041
3123
16590
35904
11728
4207
17754
24192
14191
4335
34151
18005
39782
18729
19264
6100
5317
24030
36170
6715
29894
10164
11408
8246
6010
32698
12398
26345
25717
8648
37477
37763
40850
31504
40160
23243
33390
19115
22401
39269
20865
28626
36354
31896
5214
9908
37403
34444
39635
10236
19014
335
13230
39539
4282
35597
20563
15964
722
26452
14672
38102
29029
22529
27765
41017
40325
7870
11354
9391
4026
38800
9871
16429
30630
10879
34134
32860
2710
19885
26851
26080
37748
23098
29388
33334
10490
37936
36378
35989
30420
14280
21402
27887
32808
4870
17796
5416
34324
22423
38891
18708
9575
30119
26024
33838
1376
36582
37788
9750
3243
18978
8824
38577
27641
25117
2606
8198
6933
62
593
40369
39693
14711
20002
37804
4973
34070
7896
28586
29400
18103
14840
25087
28202
20922
27909
20013
19439
27837
33655
36445
7881
1365
38268
29659
8937
38721
28358
35770
14949
35652
15522
19076
16523
18358
14704
35878
11707
4439
29362
29291
4313
2458
13611
28889
28
10423
11732
8998
27248
9586
8861
26975
22753
25510
3549
32305
22883
22988
33072
38883
5028
32729
24045
30271
41090
25154
3631
14195
37969
2793
20465
3192
9602
15330
5160
34591
37084
4255
5899
19890
38463
10945
16853
29388
29363
23431
12139
2639
1790
36717
19001
17145
14549
11498
9698
18034
22641
39360
12283
34769
30162
7444
13185
26078
2772
21133
17423
14928
22768
19160
17586
255
27697
12820
12659
39698
24359
5380
35780
10886
28738
979
28559
30793
2678
25714
5339
38655
38064
21571
33064
701
34438
36592
519
20607
5821
7940
28054
36529
13952
10044
29642
446
37353
23775
18605
14073
33956
23998
31954
27810
6438
24923
2321
31848
8105
37261
10861
25632
16243
25261
2035
15915
10436
24731
25807
19432
36771
18658
21278
20772
36624
12457
28140
22238
15871
2395
25105
11481
35511
24029
8307
13839
15184
39801
31509
1642
23785
13680
22608
38450
25896
41116
10632
38979
35214
20830
5893
10742
11038
29757
39794
26956
36957
22353
20252
39320
39513
6300
4562
18369
23020
31987
20956
40755
27083
9472
27208
13796
14412
22494
17349
10217
3936
755
32410
2688
13917
38989
37
20263
13046
29027
16589
9944
40493
7598
3104
26863
10078
31963
29738
33692
27974
33472
17920
21713
36427
21357
3126
12099
2909
10519
37156
32756
38343
31351
8121
29367
20447
28735
8831
18193
40603
25318
15003
26291
17403
7152
20472
23676
5581
23248
19800
41103
12304
21629
9944
10584
32354
21781
5351
38540
38953
1037
897
729
29791
28733
13453
12539
6710
26036
39694
10820
37160
26915
40193
20150
4108
34725
19429
29279
35810
26822
8620
31191
1455
37226
33493
41181
22795
18439
39998
27406
29652
16802
13248
28609
3711
2046
17344
31581
26906
24316
31986
7498
1578
13531
25969
37672
17359
14410
35907
19666
17652
14635
39467
17140
35090
31371
34609
28819
9634
1614
741
34105
24345
12971
40764
17911
23917
23009
30484
9023
35647
8284
17273
18167
25724
17059
34610
30435
31365
15616
11817
21995
39209
17951
35450
3926
40029
29130
38234
35829
21860
14458
34646
16532
41096
26407
32245
27161
38394
35203
30201
24793
28147
38199
984
37925
32241
20976
20816
8350
17666
20219
34134
21519
29498
19932
38066
41082
21865
3474
14823
38723
16545
19226
32675
30728
29031
25373
5876
6794
17908
38632
1001
7695
11279
41031
13650
28450
28704
16539
4819
26548
38193
7284
23523
9445
4556
10766
12791
33683
32842
37556
20519
16648
31758
3364
29537
3026
23826
10921
26229
35498
3409
35463
12860
28886
269
3427
25790
21851
6255
899
37215
22792
29597
15220
225
28819
17864
32666
24053
39882
34334
39430
23023
18884
30492
8345
4829
39624
35920
34948
20068
19623
5950
24231
12578
4662
18315
28586
26383
3699
36197
38647
14562
34654
3717
37918
38555
1225
29777
11198
32918
33481
29799
5942
23645
17184
38227
18848
175
34433
20440
6728
4830
35218
1387
20457
7303
5039
34087
4899
10369
39374
5782
38223
20907
16634
9912
40146
19135
40618
17737
24870
3017
41038
20775
7946
13801
26625
20329
36204
1089
40391
34974
9360
26813
26203
31058
10930
6881
18840
35283
13852
6343
7556
4443
18972
25289
25546
3755
21887
12130
27997
144
18750
38622
32372
31804
32842
9603
25154
1753
17894
4655
6297
10405
28151
33985
2489
40246
19552
32024
25503
18036
32126
19360
10134
3765
21605
37174
36979
1438
30515
6130
12353
2529
5826
40637
16802
35698
6094
37580
3634
11089
15454
24159
20032
15883
35804
22545
647
30812
37373
8734
1914
15837
3817
28672
2703
39985
1137
29559
30522
12221
23457
11099
6912
14556
35839
23061
26532
5670
94
29004
22926
20510
33437
39082
10255
15631
4742
40580
41165
24737
38932
34402
13141
3705
38514
33490
20516
247
38828
3770
7309
12725
26865
35136
22480
6556
10426
5532
8018
18285
36294
10261
35404
5721
40923
38851
37332
28499
10292
2393
7586
32048
31642
3855
6331
18347
19203
23147
12256
8620
24538
21080
36573
1418
20899
6172
34827
29158
29539
33242
6908
34872
18113
36895
14509
9465
7497
13109
5709
22033
24186
11295
39528
34935
38756
32410
4755
14183
39184
22882
39523
28130
35524
13015
24279
15544
21200
6627
41110
40254
32390
38541
23296
27544
21312
15582
15640
36377
24747
3670
4781
10822
20004
7556
27110
13747
27135
37992
29294
28649
38412
19088
20828
4897
35408
28529
15303
24573
14053
13918
31202
5680
15657
39766
13655
9873
26150
7834
33878
34801
38003
28442
31394
24093
15419
35730
5446
35426
8448
18951
18589
12876
16002
33722
36641
15822
4539
8232
36429
36936
39118
12385
21132
18953
30989
14597
28383
15818
5169
9363
8217
37612
38947
20889
36467
35839
40910
14852
14381
36054
10544
1844
23925
5396
15290
39700
2887
1450
38313
16920
707
28490
17414
2465
25392
11590
28463
11558
23972
20139
10711
15025
10201
933
34007
6787
3615
12252
538
14822
25064
25837
35933
14869
26842
23247
25202
25082
28504
13793
33507
36993
26887
15764
32988
34740
30518
23583
4913
36931
40121
22059
15393
21601
11751
171
39611
20448
38499
13878
6080
27166
4286
9543
5559
2583
24966
39110
31012
15896
34239
2734
33890
1364
23620
2661
19407
36302
40455
32726
13292
11138
33628
21136
12112
16417
30305
30691
5369
8083
31112
11005
32686
13377
20659
18381
11398
28151
31486
35097
33503
39921
24523
2852
10811
21619
20307
7506
40105
21273
26272
25165
27527
26801
9900
35360
26056
6864
249
36908
30253
89
21581
31595
35537
20888
15718
3409
32916
26684
29131
26653
12779
19926
32205
18227
2517
29797
36378
26705
31172
27576
32780
38007
4713
33555
34755
31511
26276
37944
8932
23291
1538
38505
31521
29720
23169
22910
25517
35770
17857
18200
26407
31159
14769
10829
29970
29405
15385
40676
26927
34618
8536
29576
15228
35882
40164
9674
20045
2703
13343
9180
35154
30621
5865
29012
31380
15220
24681
33054
11604
24160
8907
35970
24163
697
35821
24894
17584
9126
5617
752
20284
34241
6814
18949
3113
37637
39609
8757
24590
10443
5486
36671
15095
84
12486
29216
16710
24607
36250
2017
33951
15437
13281
28119
16670
14571
415
25236
1152
33926
1423
22129
41220
1687
3109
18772
29555
29307
15932
32999
27152
24456
9753
39621
32896
38355
13637
644
4246
6564
32445
7418
10882
5948
16888
1033
33061
865
13389
9964
26751
30544
8587
7225
30206
36235
2102
26133
29753
34386
27786
22574
26496
10832
33552
3987
8019
25169
10290
4547
27537
2960
32417
10938
5516
37861
11692
37605
25176
30434
39349
2298
12977
21826
19250
26187
5065
35642
34455
26878
23347
21877
26757
25616
19950
14793
32685
18981
30085
21684
20785
25922
19496
20564
6086
37484
16049
5291
23183
24622
11453
37375
24568
28115
34593
38921
599
14594
9256
20879
30874
28626
22854
14766
820
10328
22324
9189
30746
19056
26818
35599
7872
36480
16928
38510
33484
5770
14113
21095
9881
26961
21296
5580
26208
22305
5784
1018
17762
7025
27171
34818
1532
33861
10233
26207
5095
40464
32022
24376
38122
40073
872
12119
29372
18136
14188
1169
41207
34844
10731
17122
1024
10268
23017
36571
4393
26393
2012
369
32151
16086
15067
40788
52
41157
8385
14553
27989
32188
12449
19262
27444
24229
15693
34658
4579
39886
19352
27273
16734
29462
34313
20529
9837
10322
14687
36371
26605
39692
5440
6447
35332
35126
23222
30129
32440
14317
22929
39260
17869
12771
31201
19312
35061
22299
38343
37636
14192
15086
38863
29474
39152
5748
28122
9850
20545
14968
34253
18468
20663
26265
35687
11095
1418
10022
5998
17840
31362
21924
34845
31601
12253
19323
955
5129
18559
37011
15464
22936
21297
3377
30749
29981
24739
11960
4331
23475
23593
27586
15629
3939
3071
38954
24091
2737
3346
38918
31659
26665
27398
31240
27498
8131
24975
41008
15483
4044
36894
32651
9886
28181
19765
4946
3582
14890
245
27747
32598
14303
30111
39958
30532
32665
14970
8802
13311
26704
18322
23531
2818
41116
30645
17090
33925
25796
3468
7538
30445
7820
31002
32826
39644
13817
38066
1812
28378
11701
19989
8885
15391
25307
3839
7589
30735
4813
11461
20658
28872
22764
29269
26752
4450
41161
36701
23820
39127
39973
15358
40077
39538
4452
26870
6185
35134
27880
16648
11740
37133
1830
8896
36246
31500
39499
35908
22531
29214
194
8574
40224
15947
15548
22862
14596
22442
28144
38408
20474
1595
19451
13181
10989
18482
24847
30219
37072
541
10198
21934
2847
25591
5353
25963
23049
32773
4990
27465
13690
15857
31817
9358
22286
14779
14743
6208
26198
15789
37807
10718
21880
24810
27429
38650
24092
11379
7573
11779
35112
6206
8932
7602
14159
15317
5607
2546
13674
30884
41026
19690
2335
23626
25502
4355
17297
34105
32932
30972
30976
35941
31251
2181
25929
16700
11252
15393
31255
16025
14839
272
8830
7398
11005
13205
22410
25662
1180
37262
3935
163
2738
27190
21809
29297
358
9892
18423
15761
19558
30531
25
8793
39723
27000
27499
34544
9064
16445
7827
27347
30625
23214
11860
30626
37987
33420
16585
2025
654
39627
37274
16865
2723
20584
2892
22594
1311
19334
32517
19186
34784
16580
26352
27783
7144
6915
35049
4115
18565
18432
220
5108
10617
25523
13330
27191
20990
7572
25323
1321
28785
15456
2355
25010
11790
36196
34172
33396
3632
21383
36377
5138
21786
15262
39607
26504
1073
27517
15763
3587
37507
19087
36808
1264
2490
34324
7244
39044
18893
269
5199
1126
25777
4828
14783
24009
1557
25148
36317
17622
13659
33053
33512
6608
25487
40210
33440
3714
29328
5373
19403
20284
12955
29399
13155
30020
3097
906
29299
486
23983
26957
37624
4646
7432
23223
28301
165
38317
38410
22408
22425
17315
262
2073
2997
16732
37377
16484
16804
11868
19035
38754
16615
29382
40539
14533
20873
27828
3720
26261
28100
39897
21249
9975
19220
37221
26275
13249
29962
7768
3463
30578
33641
33507
19632
29835
32914
30869
15727
28877
5620
11709
31392
31065
18487
20809
8331
32136
25581
13902
28624
27679
36199
12557
26521
24201
7595
10228
21383
3070
6679
38604
3038
734
10562
24048
29485
40839
5134
26284
1824
39845
33927
36277
5885
36806
15341
571
4938
24753
25529
5271
12286
7098
32454
34199
34053
26159
37793
17041
22683
4207
36745
10959
13105
30181
3185
10665
40855
217
20216
1355
16490
20172
998
29116
15965
24147
28589
6564
11410
