500
19 26
82 81
39 67
23 72
13 86
88 95
79 14
99 52
68 84
77 55
9 97
61 96
87 10
40 17
97 6
74 23
60 60
86 29
56 50
83 88
50 76
14 20
54 61
69 25
82 79
38 59
3 59
9 19
4 41
100 70
57 8
79 51
100 9
100 25
66 28
79 62
9 69
3 62
46 87
57 50
66 67
25 64
76 49
47 73
99 81
86 25
98 30
70 80
94 52
93 24
53 50
95 2
94 2
37 96
5 76
4 71
57 58
40 44
97 64
66 45
6 31
94 32
77 40
20 98
46 25
74 49
20 86
90 2
37 40
39 65
6 17
43 50
41 41
25 15
50 94
61 77
34 69
57 23
82 70
27 29
33 26
44 6
90 28
90 57
36 81
69 41
33 97
31 77
93 90
97 93
64 86
10 19
24 85
54 23
4 35
21 51
60 66
1 44
8 87
97 70
93 42
16 26
42 36
30 39
19 12
81 42
18 28
54 7
81 61
35 93
97 92
89 51
89 52
58 61
61 40
75 84
61 69
57 20
34 44
83 96
36 99
12 56
58 63
33 17
65 54
70 64
100 37
6 46
82 27
14 30
88 10
3 60
57 22
53 27
80 90
95 14
38 95
19 10
21 65
32 67
11 100
61 90
58 48
39 72
29 21
69 37
22 79
71 65
77 3
53 84
61 81
51 8
99 22
2 18
39 49
62 17
27 91
95 84
40 70
19 99
33 83
47 8
47 6
54 97
40 24
1 15
29 89
92 19
52 18
45 84
88 85
3 44
70 76
34 20
64 64
36 14
11 67
67 37
79 55
67 43
19 41
21 47
32 31
31 19
17 27
54 58
57 6
100 45
37 28
59 67
10 83
67 81
42 39
100 44
100 38
10 53
97 57
74 70
31 3
45 70
93 33
35 32
32 94
55 9
56 68
52 25
26 15
68 91
83 10
30 10
4 77
46 84
86 35
7 74
10 41
96 12
63 76
26 7
21 11
87 82
78 61
91 63
77 59
1 23
71 20
97 1
35 30
48 19
79 53
65 25
100 35
58 83
56 19
93 72
96 24
70 83
55 97
70 99
51 99
70 12
17 9
70 8
72 79
35 90
19 67
98 54
92 58
100 74
57 36
54 12
43 91
79 23
91 10
53 1
54 74
87 100
26 73
4 68
66 47
19 30
65 6
51 78
25 57
36 31
25 93
89 94
28 39
60 37
2 28
99 31
10 29
54 89
31 23
41 35
43 50
4 77
15 95
94 87
96 17
35 44
74 41
90 18
95 47
53 54
78 16
81 13
26 43
86 45
8 12
29 66
8 67
37 82
64 19
50 73
75 21
55 77
71 85
47 3
16 82
99 65
31 88
7 74
71 94
43 65
5 78
5 35
64 89
98 37
37 84
49 66
28 83
31 59
36 44
19 48
36 38
27 69
58 42
71 93
58 5
61 28
2 51
20 84
40 36
83 92
41 54
73 12
24 13
100 77
99 8
42 42
62 11
36 49
5 54
63 57
88 24
91 69
27 73
3 63
84 77
18 19
72 93
86 100
36 83
33 3
93 8
13 35
55 15
81 65
46 33
43 95
81 79
1 96
46 50
76 18
91 24
28 80
71 78
84 94
7 83
44 30
94 65
65 5
40 55
22 27
67 9
92 59
19 77
79 51
34 80
78 92
34 19
91 58
5 13
62 62
72 92
41 12
90 65
44 85
2 54
43 7
52 83
84 3
2 95
27 33
68 9
78 30
83 30
93 23
2 66
78 49
74 50
18 20
96 62
6 70
48 51
34 22
10 9
62 4
71 42
46 58
62 58
47 72
9 52
50 49
73 18
57 78
25 22
73 76
72 100
40 53
94 2
24 44
33 18
37 82
61 61
76 29
38 74
35 35
29 100
77 6
73 64
14 72
13 96
54 66
60 2
8 83
33 59
37 36
63 64
79 9
74 4
85 28
21 44
90 87
96 14
98 94
2 98
24 33
72 54
4 37
64 88
73 89
90 89
26 32
85 52
40 48
55 60
49 56
93 66
79 30
100 60
70 90
85 6
3 54
17 19
48 87
78 15
7 87
23 24
100 11
28 13
79 33
62 5
80 72
32 36
43 60
47 60
94 41
45 26
58 89
19 73
96 49
85 76
57 47
97 8
56 86
98 13
20 56
55 83
71 90
31 81
30 63
37 48
97 89
20 33
26 80
32 59
17 94
1 43
99 73
9 67
53 52
9 42
83 75
16 92
81 32
25 76
9 42
53 24
3 6
