5000
6 480
184 87
342 115
123 56
460 31
155 321
221 59
425 460
106 341
34 172
422 432
149 117
349 309
28 307
110 140
142 429
370 135
54 470
400 257
324 320
463 433
323 191
148 290
179 361
44 72
233 151
271 59
173 190
287 1
298 285
249 150
407 123
342 388
246 451
440 488
243 237
420 277
171 231
492 196
417 249
60 76
75 369
408 206
133 10
32 355
200 315
496 290
16 178
433 384
223 414
61 24
299 310
428 239
415 278
199 394
387 104
132 400
342 365
50 488
481 366
56 253
97 45
380 378
82 128
352 201
389 208
238 241
492 331
159 298
260 455
75 476
474 145
346 237
444 430
413 264
148 252
482 268
142 114
429 385
231 206
156 328
27 338
328 178
287 115
118 329
26 6
292 102
131 231
415 451
245 162
491 328
344 425
26 429
445 373
159 119
89 148
84 245
243 358
434 238
266 56
404 56
123 459
357 299
465 349
35 109
68 19
264 202
484 426
419 351
120 109
274 157
25 371
220 13
100 443
349 331
174 41
223 35
189 269
135 215
465 441
371 129
270 26
388 296
130 248
421 175
126 393
250 361
347 240
202 493
365 268
227 234
468 55
292 123
330 290
389 447
327 416
131 392
204 460
123 354
464 153
443 114
96 307
447 173
11 294
67 292
309 377
224 13
102 416
49 164
84 47
280 419
41 274
143 290
178 95
462 402
210 62
95 458
29 277
385 473
168 146
6 164
171 161
282 209
121 20
410 31
481 104
309 435
169 136
26 46
287 447
354 460
247 114
239 485
485 350
76 187
480 336
270 424
57 482
289 375
42 305
206 283
491 16
336 272
325 12
427 364
288 361
138 164
406 49
95 393
74 144
357 233
51 6
399 254
98 310
500 51
392 243
56 312
319 144
128 392
200 240
259 130
423 423
477 44
424 366
464 161
273 347
490 455
456 489
398 266
22 316
132 449
367 30
51 197
170 175
26 75
469 6
460 288
323 478
241 170
431 246
314 108
484 183
124 403
54 166
293 345
95 308
126 483
89 15
93 31
392 208
200 221
487 457
397 162
365 313
286 145
268 334
204 353
10 28
98 396
59 310
170 200
335 107
271 404
119 352
449 73
405 394
339 423
180 126
113 434
198 146
116 220
200 134
459 208
211 247
214 18
486 58
394 128
240 404
223 269
266 202
285 385
69 164
172 173
315 461
413 411
410 407
129 481
152 266
408 432
488 398
149 183
231 31
488 31
452 207
436 443
380 111
375 217
125 351
72 84
460 240
275 131
327 284
243 307
254 69
310 157
472 450
324 149
437 26
266 249
300 446
339 256
198 388
279 399
377 69
494 15
6 189
238 261
442 456
168 404
429 459
251 372
152 49
69 464
136 351
66 21
272 205
328 108
11 401
160 436
330 488
101 406
101 265
246 159
73 89
168 461
244 54
309 269
488 391
455 65
332 387
249 137
21 25
92 109
63 283
107 423
311 117
246 404
430 193
110 64
371 217
444 142
167 326
403 295
209 342
283 159
194 429
419 193
245 272
467 142
36 87
427 397
219 101
165 443
414 201
76 263
371 183
81 277
465 118
210 161
3 374
392 337
396 347
496 317
154 221
421 438
324 248
6 153
141 233
319 64
148 154
421 171
91 371
205 203
409 26
264 236
111 70
384 486
301 204
14 432
433 370
189 358
136 417
87 42
212 333
392 171
484 228
77 473
455 170
271 301
50 236
242 250
337 53
441 121
68 41
486 418
154 338
302 101
229 53
210 21
30 144
236 136
206 453
341 453
46 410
131 425
173 99
170 307
319 403
155 85
90 120
440 372
411 200
247 226
357 324
52 54
330 328
58 374
11 315
425 497
351 382
265 292
54 193
422 51
358 430
192 240
45 338
255 467
291 110
202 342
1 425
491 23
42 184
1 184
34 360
397 460
202 419
127 102
157 166
357 381
28 176
253 134
152 65
312 42
22 315
251 101
480 57
486 336
87 377
383 203
186 460
55 262
188 481
352 267
246 121
431 424
65 418
267 270
110 473
478 432
274 335
127 190
114 208
444 60
184 497
221 114
318 441
409 214
96 257
421 255
34 428
468 447
82 254
99 352
294 361
451 479
20 320
187 431
426 477
334 357
49 82
308 489
34 442
210 289
231 321
423 371
222 205
211 369
343 121
19 149
363 125
120 202
120 111
62 278
137 394
304 277
301 124
413 337
278 499
85 7
430 399
184 365
208 247
449 154
321 86
328 134
224 435
59 465
278 421
31 108
330 388
68 221
412 288
294 487
138 424
9 25
378 113
385 131
388 313
408 469
249 168
337 8
91 380
490 97
315 291
305 288
122 2
145 65
32 28
73 196
56 140
369 330
300 149
218 193
306 334
388 128
436 185
489 471
54 309
5 234
461 245
334 213
429 82
369 82
353 255
213 14
175 172
191 370
174 4
81 356
354 283
168 57
303 23
435 7
263 189
250 338
263 138
350 274
133 428
45 375
269 363
343 257
427 404
272 128
375 46
246 335
481 31
66 106
187 145
84 469
119 118
495 132
60 158
96 426
109 378
141 253
456 303
151 395
195 289
311 462
87 167
426 332
263 497
253 159
304 36
217 321
294 460
370 118
37 55
8 231
87 307
475 331
348 177
247 103
192 83
203 94
124 161
181 325
491 464
44 169
403 424
321 228
122 123
421 398
298 186
289 224
151 472
31 81
68 245
412 67
237 430
359 10
16 460
167 321
157 456
14 86
129 389
479 379
414 431
148 465
255 294
221 49
313 346
350 292
105 445
303 64
28 27
403 302
310 359
52 420
188 436
107 361
7 418
4 141
292 55
445 334
403 278
311 268
106 128
264 280
452 174
233 446
163 207
159 338
347 339
204 162
369 402
341 237
116 283
289 106
439 228
457 65
163 488
339 479
457 50
487 93
6 371
99 412
112 393
84 496
204 428
20 164
294 430
494 3
206 362
321 152
480 229
409 383
451 340
323 314
95 421
315 303
57 162
259 392
205 287
302 425
330 252
76 343
438 438
183 251
7 272
430 251
490 224
147 420
237 239
87 315
83 223
295 274
20 217
373 353
116 272
112 384
416 365
321 253
173 414
394 116
230 490
124 279
29 124
130 296
229 108
215 99
364 71
309 298
304 460
4 494
264 231
382 297
87 69
302 122
416 116
131 205
166 276
467 308
93 423
102 394
359 113
358 198
172 405
106 356
381 476
221 481
496 264
181 406
11 482
192 388
21 462
36 474
91 166
53 458
236 122
214 475
143 151
414 183
172 6
239 107
293 449
467 155
473 436
287 154
252 232
421 221
245 63
400 152
216 466
50 367
181 448
40 96
324 232
371 219
187 392
394 354
356 62
120 429
150 227
17 481
423 290
361 248
280 66
230 360
351 303
171 192
237 294
391 132
428 335
385 316
140 291
449 474
132 1
202 109
136 330
81 312
155 147
77 154
70 132
5 381
245 108
459 356
327 74
404 122
120 283
343 289
9 485
197 209
373 341
103 370
399 467
149 244
405 422
264 5
366 264
395 381
287 413
467 457
344 11
144 111
317 218
115 431
491 469
201 175
340 470
369 282
312 497
210 76
248 373
192 368
412 443
416 48
317 371
130 311
285 115
384 347
283 375
260 90
439 426
305 272
267 25
213 175
476 122
180 199
375 463
97 111
339 144
218 438
104 174
148 145
69 156
212 81
143 360
456 345
221 479
274 123
102 253
319 102
380 278
394 373
410 322
340 150
312 104
154 289
370 492
429 119
40 218
476 368
339 315
401 259
270 73
318 209
201 237
490 271
283 157
182 375
459 246
269 316
86 324
374 389
417 398
152 347
225 259
494 143
139 274
429 254
474 201
293 262
34 199
93 148
250 65
104 500
103 208
93 56
17 122
455 365
423 167
313 7
197 479
349 338
298 343
105 279
257 139
437 309
139 303
149 12
290 196
437 225
250 233
32 168
445 194
368 258
188 399
309 346
322 30
8 38
143 451
262 426
456 293
160 157
219 322
220 101
383 91
95 449
494 397
417 41
323 85
208 152
17 264
404 409
353 107
37 57
84 311
445 11
224 186
22 424
451 455
93 184
312 5
139 116
363 87
104 186
257 99
287 274
151 5
318 388
205 312
224 171
487 154
442 101
447 182
372 277
250 57
375 41
119 49
191 121
297 13
333 127
298 330
351 77
360 110
149 111
482 58
211 464
362 305
9 182
352 19
401 80
121 465
40 140
404 413
431 14
178 56
459 401
469 97
111 171
15 456
192 500
25 179
76 169
378 411
85 414
495 319
495 239
264 106
268 324
491 116
304 277
374 427
101 158
18 326
419 168
271 381
495 499
434 482
247 73
72 211
406 173
216 409
500 82
374 290
180 119
320 430
286 486
316 111
28 166
110 184
457 267
99 433
488 133
461 31
273 207
49 176
52 216
65 493
272 78
400 228
175 110
66 379
484 25
414 349
19 21
156 153
215 316
225 83
330 100
76 366
40 307
250 139
304 36
365 171
41 61
362 30
490 330
355 79
353 437
155 101
346 217
355 120
192 466
365 267
151 321
280 79
430 481
375 170
30 395
93 36
219 65
356 131
125 31
39 194
199 132
11 251
445 425
29 349
398 18
387 271
282 92
486 222
183 324
94 230
407 41
327 434
348 228
45 425
385 333
260 488
41 351
469 339
363 478
333 250
63 389
261 300
218 90
226 483
157 289
243 207
51 380
389 418
335 498
29 123
182 399
232 278
449 205
441 313
375 150
203 233
185 342
381 66
45 272
498 315
168 451
116 437
60 479
385 279
420 432
167 347
317 309
233 10
18 53
41 432
441 57
263 127
226 429
14 477
451 218
451 7
277 94
452 490
487 92
108 112
409 412
318 453
131 55
292 421
101 197
473 488
27 358
355 167
403 170
76 310
324 242
236 285
179 496
140 208
256 132
446 460
54 68
292 105
492 239
61 352
397 45
391 128
158 99
330 205
79 362
281 373
277 29
291 277
181 442
471 51
38 195
18 47
175 292
485 26
410 396
455 126
432 33
100 153
185 31
460 451
326 359
427 223
258 286
458 388
28 25
155 238
490 330
389 172
356 47
226 344
27 302
102 496
113 369
249 496
450 224
166 125
491 439
494 228
489 280
417 382
396 471
488 426
439 122
165 420
125 341
402 158
209 386
125 278
210 460
48 236
66 28
133 392
324 394
362 227
146 99
43 296
126 433
18 52
420 447
46 339
349 232
444 323
86 35
257 67
294 330
386 287
480 99
390 213
133 121
375 380
316 8
231 285
134 211
312 28
321 273
217 121
451 352
448 124
139 337
401 234
404 473
459 196
352 23
73 117
308 50
143 48
203 64
78 127
391 384
352 132
248 267
397 211
126 353
265 362
318 137
450 200
470 450
491 310
394 467
469 98
125 320
146 375
465 242
279 479
379 303
385 37
44 347
173 240
131 246
168 174
81 206
427 373
409 417
351 453
491 229
449 381
77 227
142 18
443 28
215 347
165 360
196 141
324 285
39 366
496 410
160 49
50 26
481 488
480 258
481 343
104 479
168 492
409 442
424 9
15 246
327 79
482 384
177 250
273 450
349 375
371 160
361 114
92 368
136 353
462 60
91 3
3 104
149 446
123 347
43 455
360 453
239 487
316 166
452 255
199 262
423 403
191 363
460 462
249 293
330 80
441 352
488 97
136 269
1 143
433 482
304 183
160 116
7 273
324 10
251 238
480 447
453 475
174 308
289 423
151 215
477 213
105 189
74 391
479 446
13 15
377 374
184 484
422 91
250 312
321 411
449 151
398 341
143 482
238 218
222 413
493 107
54 399
238 124
203 134
312 220
103 321
217 24
21 149
113 318
3 273
321 268
270 443
406 365
110 330
329 363
287 334
444 109
249 450
254 65
410 467
125 61
190 246
41 373
10 19
254 477
96 61
338 249
286 418
285 155
199 417
205 239
40 45
209 12
306 378
436 31
260 187
333 146
361 323
154 191
136 179
388 211
105 81
277 300
263 109
157 275
147 212
460 164
321 78
461 309
321 166
454 281
254 290
383 135
453 362
463 252
445 350
359 448
369 232
38 350
276 22
375 54
252 373
68 289
442 133
223 158
353 265
66 445
13 314
48 378
269 85
255 214
85 280
37 413
210 365
189 283
231 446
457 230
307 322
156 237
126 30
15 398
453 413
384 104
240 340
471 383
179 468
317 421
188 279
327 6
332 144
391 434
472 276
19 398
349 382
300 44
497 189
238 334
482 177
17 304
466 33
108 483
380 396
428 100
258 178
394 101
282 189
77 50
68 468
272 169
125 487
14 224
108 403
376 500
395 9
247 204
146 362
203 457
231 55
31 382
455 288
314 228
399 215
351 182
166 31
54 476
437 358
170 147
267 490
322 76
416 121
159 95
216 106
348 432
4 2
468 454
388 169
98 35
107 498
289 132
313 327
131 372
328 355
180 154
296 304
265 297
58 134
40 205
225 372
289 169
337 276
164 123
20 1
135 416
204 57
363 479
378 324
233 484
459 299
182 399
216 282
278 437
346 464
71 327
470 26
435 37
88 29
159 218
50 477
498 62
212 395
480 410
196 492
204 87
388 59
162 382
351 56
498 6
145 34
357 65
237 263
238 220
116 488
343 445
472 390
306 31
489 185
156 146
68 391
266 191
123 3
420 147
355 148
33 171
36 256
263 426
245 193
327 460
101 18
229 203
19 388
280 32
152 467
35 447
318 149
268 308
346 302
147 422
275 172
101 90
129 87
207 138
324 257
372 388
451 226
392 155
345 24
402 379
397 400
311 407
93 373
311 131
319 431
441 63
361 55
305 328
314 199
482 277
28 268
4 490
498 64
290 139
110 500
166 455
174 40
157 317
431 56
254 96
363 337
406 280
462 136
489 250
171 410
438 261
31 123
447 339
452 135
396 320
221 181
356 280
135 259
195 52
39 306
4 283
399 325
257 483
319 451
402 407
366 489
138 446
451 254
279 103
487 390
257 321
162 309
108 426
150 240
348 497
267 407
97 419
398 466
427 58
410 474
465 234
84 388
106 53
494 477
255 274
221 178
318 330
230 19
405 151
135 54
65 318
248 491
404 266
323 367
54 171
190 151
171 131
50 410
26 13
153 221
369 314
177 318
107 393
208 324
398 380
268 220
109 81
284 16
424 16
102 139
348 317
199 272
417 245
483 319
73 338
179 445
177 198
46 31
100 97
245 27
491 410
126 398
178 416
191 399
346 311
249 94
30 6
447 196
428 430
384 93
417 404
98 115
310 242
326 366
432 376
269 129
82 246
370 282
156 371
42 58
69 377
283 141
475 282
191 303
68 413
52 382
239 212
455 177
458 437
242 183
117 130
401 205
141 354
316 489
140 394
116 98
321 173
320 179
481 141
75 148
135 29
195 108
313 118
181 253
28 368
471 490
17 401
28 259
416 131
155 15
146 58
347 58
405 392
400 27
77 382
479 304
284 282
394 178
146 282
355 478
319 285
337 11
274 302
336 240
337 499
154 412
483 185
266 447
409 341
435 155
493 159
474 482
421 296
27 130
483 349
368 142
364 277
186 426
109 61
179 208
495 426
376 424
462 367
223 55
88 323
171 33
137 57
145 131
165 96
366 118
314 238
196 394
72 423
190 410
16 342
454 173
326 315
458 382
19 455
60 280
153 329
299 314
104 160
394 369
102 115
493 264
14 359
51 405
195 246
363 440
43 217
343 179
200 328
16 21
431 24
167 200
363 170
488 340
32 39
292 182
32 175
207 22
173 110
487 184
131 154
77 487
56 408
20 309
15 458
335 179
245 419
428 196
476 280
206 136
362 265
74 483
253 131
439 285
208 228
109 91
138 82
229 227
190 286
224 222
216 148
160 117
355 149
113 272
68 193
220 81
424 425
224 447
302 52
240 197
251 377
491 271
426 24
130 405
132 307
95 175
172 234
390 10
343 290
291 306
14 98
299 375
65 394
370 223
477 424
351 89
321 25
3 323
178 382
408 330
116 52
363 441
71 84
112 224
197 201
239 402
203 211
357 310
353 476
408 317
65 336
2 87
232 206
231 100
469 383
86 277
18 164
459 54
311 181
389 329
226 22
431 64
29 255
197 193
334 275
330 207
250 430
334 434
256 396
359 81
442 195
215 195
263 201
412 221
383 448
220 470
345 94
227 479
488 211
205 117
241 329
270 413
19 416
42 266
199 49
466 122
2 211
476 408
419 76
80 72
457 215
1 52
233 247
71 308
86 18
309 423
60 284
327 233
133 138
126 248
27 474
256 434
159 438
429 136
200 402
328 406
433 116
456 103
76 127
42 206
271 139
378 181
182 367
348 390
84 340
385 245
288 252
29 357
366 326
231 354
449 473
215 59
332 107
345 387
399 372
17 162
368 370
161 55
486 145
474 341
405 330
148 51
399 170
108 406
86 316
386 475
60 162
151 381
420 139
244 54
132 59
437 342
225 433
398 464
285 432
262 289
220 401
243 312
406 77
496 136
47 427
354 88
77 316
9 493
69 71
211 180
279 243
294 208
199 165
27 343
311 117
387 319
51 4
365 437
147 457
163 393
343 395
99 195
338 439
248 22
421 195
183 97
320 497
295 57
62 273
141 367
469 496
478 239
418 111
44 141
112 299
172 314
10 452
156 226
469 122
396 73
213 266
114 62
429 119
92 115
247 193
117 381
89 134
391 363
219 61
487 167
83 256
282 110
381 159
96 156
317 278
248 269
84 167
241 395
422 102
53 386
43 308
480 107
243 40
416 129
470 72
337 264
150 130
363 457
81 419
222 173
122 110
458 170
193 273
384 282
119 398
61 412
362 66
466 372
21 232
489 68
84 71
340 329
493 49
438 96
467 326
74 193
377 237
158 90
214 255
370 55
114 480
488 45
408 261
9 126
159 190
459 337
48 447
348 361
171 279
246 341
139 348
61 332
257 274
46 232
199 480
339 328
469 158
447 144
46 249
81 285
433 212
245 51
298 210
18 234
107 128
373 280
494 276
15 262
15 291
306 192
256 473
170 222
342 432
465 425
251 249
129 377
41 478
187 35
193 470
260 359
62 498
499 147
448 368
66 19
413 89
115 437
405 481
345 210
76 436
17 413
255 93
286 110
10 288
238 432
62 74
248 105
293 59
18 345
126 391
102 463
264 379
180 403
397 10
110 48
238 418
245 360
204 322
33 339
74 298
155 125
376 363
129 156
350 468
4 310
473 152
21 42
33 93
21 176
3 444
109 21
476 306
10 95
77 75
326 63
257 332
239 90
435 24
304 29
222 333
202 335
442 156
400 407
161 52
488 384
197 485
105 125
239 14
220 184
443 323
84 193
43 246
74 90
109 5
482 441
312 197
130 194
48 235
476 221
69 47
414 124
230 246
38 328
137 458
344 377
427 166
211 430
461 299
98 398
252 365
165 434
427 415
11 286
491 444
313 26
229 355
373 244
141 6
73 417
390 44
192 313
484 388
242 204
393 141
460 78
264 61
276 216
285 202
229 128
54 194
477 170
189 303
428 459
80 127
490 271
448 415
240 33
244 220
100 495
404 75
29 451
59 303
263 300
159 455
24 72
47 317
435 254
370 272
458 95
352 379
40 212
291 435
336 141
345 73
476 36
498 250
70 172
319 15
38 414
169 228
336 16
327 448
373 126
371 251
313 431
16 488
210 440
414 178
149 472
494 183
53 469
5 356
472 379
426 333
316 195
20 167
291 343
454 241
294 380
430 78
485 123
100 153
135 105
355 483
395 65
37 469
171 49
337 308
378 369
104 47
228 208
77 396
414 240
425 324
174 360
41 366
59 295
494 237
77 319
259 30
358 355
355 174
75 71
447 9
79 478
191 462
416 86
458 279
70 228
370 262
116 20
71 133
179 359
250 198
294 444
54 305
220 340
407 288
416 3
266 53
375 184
108 297
216 379
376 405
452 144
336 307
204 262
231 83
106 148
195 158
345 100
141 90
88 259
141 106
48 337
182 105
126 92
245 100
72 71
75 385
226 163
221 315
183 306
384 483
128 37
295 108
291 52
19 47
378 112
91 9
480 25
121 164
173 269
244 331
29 225
82 97
60 485
387 140
434 317
490 18
340 143
46 73
282 479
182 187
482 238
29 176
115 93
55 445
149 331
405 217
80 350
302 129
154 124
451 335
198 475
61 249
426 140
489 77
430 46
58 457
24 10
129 324
339 489
252 451
313 290
249 179
39 93
235 382
356 78
347 294
461 307
451 399
463 382
48 190
137 203
317 1
298 312
451 29
195 362
275 376
288 403
107 467
407 461
478 342
106 376
336 497
151 310
117 174
472 131
126 354
432 249
109 215
210 473
428 342
85 256
118 343
103 491
304 26
281 252
228 226
330 226
215 184
11 23
213 367
430 251
42 95
270 339
216 337
301 391
225 62
345 327
483 128
133 357
148 83
273 238
217 180
308 335
338 440
430 130
184 175
314 134
343 351
210 457
240 18
89 109
430 242
152 327
146 147
320 221
99 148
196 108
41 256
53 68
470 493
269 459
400 339
311 192
122 133
162 49
349 305
264 318
181 379
367 466
229 126
145 498
262 359
56 332
41 215
383 151
62 470
491 72
97 414
217 411
52 364
54 461
72 13
322 363
491 70
174 35
247 33
324 115
62 208
365 38
67 347
317 465
26 141
346 150
227 78
92 380
143 163
431 429
415 415
371 146
489 470
58 340
31 389
275 100
282 478
164 10
241 40
477 197
162 326
38 33
71 330
142 232
77 372
203 465
184 37
454 301
441 460
246 416
242 456
272 80
389 409
371 333
49 411
171 104
373 232
448 117
106 230
45 176
463 271
232 392
350 392
162 322
288 197
59 484
93 368
220 375
287 64
85 324
165 379
494 461
440 201
96 469
298 220
346 182
418 142
206 292
444 91
128 45
64 89
329 298
24 39
367 441
52 65
345 135
461 110
425 277
238 362
227 128
216 394
189 69
197 441
249 220
424 156
103 173
357 268
456 153
463 294
129 199
380 145
176 309
198 331
277 269
250 359
470 485
400 20
91 84
275 380
345 103
261 330
165 255
66 229
441 7
388 406
416 315
469 194
185 493
479 211
312 367
407 37
128 184
138 483
354 446
346 457
117 182
285 482
421 60
267 298
213 403
15 224
136 155
282 35
44 436
455 448
461 489
382 447
497 213
19 350
359 178
44 147
249 10
54 164
390 398
463 290
219 299
444 143
274 168
207 258
285 388
109 364
351 68
445 56
262 325
177 434
372 187
416 312
51 14
477 60
135 288
230 187
411 160
489 392
141 348
327 177
192 417
438 314
162 388
447 483
102 294
296 140
152 166
40 110
455 409
495 460
73 341
159 8
484 193
314 35
171 75
321 226
401 119
235 73
280 182
47 5
299 112
236 450
388 73
183 408
264 138
74 157
274 123
156 280
458 144
160 443
341 134
230 387
134 420
187 150
33 233
439 160
303 370
344 349
408 167
268 349
99 15
246 12
126 156
383 214
451 306
62 187
386 474
306 216
16 430
394 219
254 315
476 113
28 408
302 14
409 160
466 368
168 425
47 173
319 164
120 279
65 368
270 243
114 2
37 465
240 55
166 344
112 302
459 449
451 23
358 129
224 120
264 460
216 277
91 426
255 8
9 21
394 220
316 189
63 331
464 340
275 405
249 233
202 388
464 250
444 407
295 93
59 15
268 248
200 54
315 105
35 22
23 67
60 6
36 195
95 331
427 193
72 30
174 306
430 62
273 121
230 378
500 313
395 14
8 392
33 94
189 181
368 86
117 184
405 300
288 382
207 43
430 94
224 185
68 309
96 271
133 45
460 368
272 381
307 426
343 228
419 12
463 335
232 447
79 217
39 494
294 169
5 266
412 458
315 93
312 450
329 25
253 75
190 363
27 496
350 262
345 354
465 435
277 421
192 206
403 364
219 305
472 253
150 26
264 250
86 248
217 448
248 207
149 391
258 40
52 410
2 439
133 479
406 352
459 431
390 350
62 320
415 337
245 306
405 234
240 427
315 258
73 306
84 413
446 77
31 440
101 137
276 189
238 199
279 185
165 464
452 392
328 148
134 112
56 245
191 317
382 399
96 284
94 118
293 265
165 43
481 181
321 207
460 235
408 423
121 192
176 284
294 169
52 355
156 386
366 51
498 308
185 223
159 405
137 139
374 136
183 73
183 341
47 190
365 207
476 438
215 235
246 369
100 152
288 293
268 139
228 437
179 389
118 47
129 472
386 244
302 201
96 222
429 241
81 387
253 169
344 402
488 332
175 340
421 301
56 493
245 190
197 38
174 357
475 58
200 500
419 408
367 162
30 406
73 324
87 395
444 259
286 366
438 294
125 483
260 342
94 102
114 410
409 347
138 241
62 41
127 184
50 52
17 449
473 246
89 33
267 1
298 312
483 102
285 180
112 13
124 388
155 466
494 142
225 242
329 381
162 141
268 372
378 67
201 326
431 138
358 245
237 373
406 431
353 63
378 11
458 466
302 301
91 193
410 159
420 366
155 163
52 108
355 232
470 321
286 220
353 177
482 498
494 378
359 127
341 163
122 340
83 228
309 488
180 53
55 236
239 84
494 154
123 225
65 263
96 288
164 241
288 125
397 17
453 182
451 152
167 335
388 459
324 83
207 1
64 47
47 344
171 289
34 481
5 472
432 131
438 491
449 67
70 219
195 353
120 351
62 395
108 119
188 90
247 51
230 473
228 365
268 468
326 200
453 318
334 198
339 324
426 457
52 172
296 336
118 439
81 419
248 284
40 371
169 228
421 206
86 299
371 417
243 92
119 455
420 112
51 173
243 171
395 341
115 183
16 376
453 454
360 255
173 491
30 477
358 117
385 471
7 115
82 154
2 471
440 348
188 483
176 359
208 101
492 444
279 95
196 124
101 361
175 79
71 298
151 239
335 16
11 297
360 55
281 136
454 10
207 486
180 70
440 74
92 172
87 178
8 495
238 22
248 270
125 365
219 64
336 171
81 464
229 446
19 341
462 156
430 348
481 56
325 92
108 344
15 349
119 89
390 299
380 253
276 130
428 362
165 402
239 252
407 179
59 116
217 408
274 292
62 79
306 320
67 400
487 51
483 278
323 141
90 476
381 181
140 478
357 401
334 368
410 294
31 158
392 192
495 176
390 183
98 375
58 449
22 362
477 348
262 223
440 326
86 436
362 98
411 336
36 16
218 328
392 437
443 328
219 89
139 490
337 47
500 371
284 132
380 98
460 393
284 60
142 131
227 304
252 198
199 76
375 167
47 292
102 327
101 365
127 354
18 411
257 24
23 150
127 141
78 444
331 450
179 411
295 222
360 472
369 249
264 234
467 488
231 448
216 58
51 483
456 16
261 236
495 118
75 102
217 467
137 415
463 285
174 110
357 68
107 48
152 358
496 495
224 80
413 75
247 8
74 110
327 8
234 436
469 79
256 477
59 471
337 63
399 84
271 464
457 254
91 121
106 206
201 393
240 254
29 99
291 144
316 137
186 424
285 188
271 221
145 375
373 362
484 404
180 155
314 251
476 250
97 491
85 379
235 395
280 170
193 414
110 399
360 118
469 331
31 456
486 24
73 461
491 464
99 392
109 157
292 248
482 342
135 177
286 30
365 364
151 35
22 136
300 485
381 7
147 190
217 223
408 258
108 406
431 138
407 417
132 459
69 299
381 94
23 97
434 178
9 455
200 61
150 126
36 378
106 401
100 262
294 286
216 288
276 131
369 94
310 418
370 382
190 424
10 83
288 440
52 225
130 271
420 414
27 410
455 362
137 23
227 217
65 333
79 390
34 414
102 282
336 186
379 259
278 12
437 368
292 380
220 143
377 323
452 155
69 261
436 491
365 333
196 65
398 285
29 366
163 30
86 74
395 176
190 157
325 94
31 259
364 300
339 46
14 76
435 58
162 426
24 74
362 363
155 19
471 136
92 53
318 282
10 134
164 44
90 162
35 324
491 106
206 86
250 264
420 243
422 466
166 408
439 420
223 457
57 310
115 173
431 113
96 254
209 4
447 29
21 347
286 159
306 227
354 422
349 151
302 473
291 152
352 334
389 96
123 344
411 10
153 64
465 500
406 203
297 366
171 498
350 372
495 318
36 271
258 65
124 351
222 57
302 326
136 27
375 453
369 328
209 84
264 125
305 345
187 274
201 234
130 65
482 459
297 283
10 189
236 171
212 283
298 98
79 426
474 341
353 135
63 102
167 295
312 328
337 244
185 356
358 90
482 32
412 234
122 277
164 479
75 151
315 158
39 495
104 446
489 161
418 274
94 81
241 258
283 337
274 423
474 405
293 312
403 468
135 380
471 294
246 274
356 261
260 306
481 334
372 30
192 482
187 310
305 157
348 357
487 125
361 413
391 18
491 81
488 359
292 102
36 47
420 7
103 194
48 236
223 382
411 309
436 452
112 185
97 124
415 253
64 18
78 166
106 300
363 426
459 211
218 159
467 348
289 374
421 42
55 441
27 309
367 116
341 44
140 130
29 242
71 394
334 155
414 207
271 448
56 318
158 57
291 150
161 337
157 76
433 347
324 40
262 232
419 492
26 461
106 146
471 480
359 370
7 146
369 362
194 69
334 132
9 327
185 321
309 475
309 70
46 276
431 461
322 236
282 6
434 11
357 499
392 155
473 446
277 345
215 453
83 372
229 426
444 11
31 110
297 14
357 472
483 314
281 88
273 410
236 480
121 477
197 397
492 259
148 166
441 377
232 208
108 455
141 167
396 156
477 399
112 129
279 277
17 106
191 273
197 257
366 141
457 291
265 305
314 380
153 243
70 32
234 111
136 81
471 31
98 287
352 260
79 52
429 52
497 281
126 24
191 192
246 158
477 405
417 173
169 481
77 56
120 259
383 89
55 8
204 442
461 191
53 67
98 26
211 155
384 475
248 489
138 468
82 183
325 108
277 370
177 250
477 498
219 57
99 279
161 229
472 142
104 276
332 167
98 252
272 87
105 267
271 267
347 317
145 484
134 323
388 121
392 475
39 439
157 23
318 39
392 135
368 324
211 173
4 164
398 40
333 155
225 278
99 405
174 224
408 163
472 133
47 247
126 380
225 415
83 13
233 106
324 361
100 76
109 51
403 444
207 479
234 285
209 42
370 12
388 452
375 127
304 316
267 145
436 376
383 51
459 27
402 205
394 200
121 307
258 79
5 192
81 33
50 24
1 341
384 73
229 44
490 123
430 320
330 396
313 168
279 281
333 460
89 54
109 182
443 365
80 322
377 267
209 21
395 113
41 8
172 339
203 139
290 427
219 220
129 362
336 426
188 465
305 377
372 425
329 207
408 107
206 191
108 336
479 92
384 249
204 140
391 276
143 311
92 204
339 411
290 211
367 225
308 293
422 164
157 142
294 97
52 409
195 214
352 404
312 354
145 100
268 164
166 54
253 218
109 334
272 286
149 180
136 394
206 293
475 157
346 205
179 461
416 261
439 349
336 62
465 88
231 445
152 432
302 87
379 111
424 49
140 173
187 105
243 486
382 239
409 5
65 74
156 8
85 264
109 400
291 225
258 493
109 98
226 479
124 66
117 56
314 43
86 414
261 295
305 496
130 267
20 486
465 488
351 227
119 52
19 356
128 17
145 184
431 301
76 149
473 326
61 453
320 208
272 213
152 258
297 2
493 156
137 389
116 429
423 331
364 486
75 433
162 369
403 60
33 159
207 339
493 33
287 21
204 494
107 384
214 418
241 172
82 241
137 161
202 165
313 41
412 312
164 288
37 377
33 353
41 81
227 272
132 21
75 91
216 125
443 482
326 209
195 227
450 388
19 207
379 71
355 67
319 188
470 232
347 471
259 186
251 352
45 149
463 489
57 476
207 80
134 221
479 222
240 343
451 52
307 233
108 182
348 214
308 300
137 151
476 232
193 315
213 114
254 231
481 400
39 473
393 217
494 218
10 255
345 383
97 378
428 249
65 365
50 62
142 472
282 478
275 334
23 233
331 105
50 220
215 324
79 393
420 362
447 142
14 223
102 175
332 296
326 121
33 473
307 78
444 494
431 457
419 327
272 222
15 457
164 209
458 111
412 215
314 154
325 242
484 164
438 212
373 443
434 20
246 373
10 210
10 186
153 406
407 59
478 78
242 423
260 367
13 287
284 20
6 110
401 486
169 207
116 387
447 388
118 394
400 261
434 274
39 162
52 21
94 68
263 173
268 222
66 201
132 356
414 384
415 428
154 195
278 327
105 228
197 256
337 269
101 129
482 7
28 294
404 212
227 344
485 18
241 125
318 143
163 210
299 374
301 337
396 428
251 172
499 59
372 65
483 496
268 366
498 307
328 237
116 143
358 348
113 169
249 203
281 297
31 141
399 459
479 235
492 299
402 154
375 410
94 366
344 314
52 145
392 499
403 99
438 334
483 306
300 473
199 222
168 309
446 228
207 499
229 96
75 19
25 169
232 356
326 97
151 102
443 470
485 184
278 388
207 391
286 175
454 61
470 194
160 18
93 246
54 302
317 397
215 228
168 392
191 435
392 395
231 177
162 33
68 387
150 66
148 278
220 245
451 448
482 172
333 24
445 27
41 363
89 330
111 152
311 183
394 354
322 133
159 336
91 179
389 90
334 236
4 492
466 72
117 78
424 443
416 159
269 9
52 379
366 52
70 112
367 451
387 244
100 288
39 12
181 100
489 300
388 58
431 328
476 403
291 376
74 381
467 1
319 218
349 437
157 484
351 161
461 49
451 393
393 162
270 92
43 97
334 366
329 317
391 475
260 9
124 193
319 192
429 326
272 50
26 258
487 436
331 299
482 336
130 422
333 302
110 424
443 430
208 33
285 206
246 338
119 356
201 130
325 261
153 424
236 374
486 11
136 224
248 284
126 423
196 88
303 404
397 319
456 493
456 343
500 285
320 392
266 123
195 167
116 14
244 193
444 167
28 42
144 9
335 96
486 193
214 103
278 240
397 250
387 262
292 311
83 84
173 370
225 65
480 130
452 314
144 491
454 168
396 385
112 485
459 464
25 476
292 67
388 128
144 235
29 55
202 326
220 161
117 32
450 296
308 225
14 255
213 440
237 95
340 377
483 413
192 141
46 110
46 39
51 356
99 194
41 259
102 85
277 254
109 82
473 385
417 431
284 255
353 457
178 182
85 426
472 9
321 358
352 477
59 188
124 457
369 299
381 71
410 425
30 154
91 33
293 479
164 157
487 444
380 1
185 319
391 202
387 315
367 212
32 391
452 6
217 434
350 307
151 203
28 21
476 88
274 471
321 473
340 172
201 184
394 233
88 223
70 484
94 54
356 35
249 66
458 144
305 317
313 218
22 169
393 57
306 184
48 224
469 177
481 114
413 475
388 223
239 191
318 11
337 207
435 465
110 307
224 432
418 69
323 47
208 236
388 83
241 101
209 112
269 86
180 313
446 140
3 329
254 48
367 224
377 498
45 305
134 463
114 53
439 114
450 329
453 227
34 309
480 223
46 127
456 381
481 183
483 21
476 164
19 364
500 302
333 124
455 429
394 93
14 212
287 296
496 497
400 240
419 469
401 318
156 158
439 344
413 119
50 441
310 343
320 106
343 439
411 447
391 120
487 326
26 308
227 475
112 386
434 184
188 475
436 60
65 435
427 129
79 122
380 414
442 455
57 443
175 367
138 297
152 67
181 426
230 209
141 278
31 22
479 86
32 292
257 360
234 471
301 168
186 304
115 85
330 75
434 429
91 316
328 301
366 332
368 199
60 478
130 170
89 195
480 121
128 194
278 208
151 279
476 438
350 128
149 196
143 162
36 452
147 485
217 439
125 249
431 160
185 20
397 375
313 253
245 59
49 495
466 200
118 154
424 327
381 120
399 365
359 346
404 11
23 21
310 232
188 298
428 477
244 451
320 101
183 433
13 71
358 191
290 157
107 148
148 91
213 151
395 5
442 76
128 441
234 484
176 142
383 307
123 5
89 398
173 323
497 236
485 361
281 487
316 24
191 426
268 389
365 258
120 471
485 347
121 397
187 441
308 96
364 49
43 256
260 139
486 99
97 97
219 267
126 76
187 68
42 48
397 445
401 341
412 418
170 217
359 139
493 147
471 30
419 418
222 46
445 220
415 237
124 492
490 221
10 478
187 217
5 494
312 136
93 80
16 483
456 71
349 106
238 2
367 179
269 202
47 72
324 27
380 313
28 237
457 115
345 275
169 200
476 257
274 461
5 425
372 78
168 416
275 108
185 143
246 181
252 139
493 499
46 395
331 22
19 260
236 62
423 418
84 433
408 462
253 484
71 114
203 278
88 22
403 194
360 139
171 478
344 345
318 261
19 279
16 1
21 308
288 181
491 472
382 499
81 288
71 430
145 2
228 215
36 188
389 74
271 101
148 313
435 488
375 24
312 47
26 314
374 460
149 319
385 119
115 372
471 136
42 69
208 478
123 423
390 188
55 460
231 206
238 347
177 329
403 16
405 301
231 106
3 30
12 98
484 106
424 281
308 445
209 435
295 290
253 331
58 9
1 241
151 116
499 240
246 101
180 494
433 289
391 391
166 249
128 226
292 246
90 83
478 214
136 204
389 457
8 216
454 344
100 428
274 91
253 167
384 386
118 13
172 262
285 14
181 58
57 34
60 479
136 388
237 193
17 200
260 95
292 181
25 468
74 251
330 464
183 93
180 20
108 230
183 210
102 374
400 128
58 32
143 140
164 218
477 414
392 332
49 442
207 116
37 124
281 321
138 220
121 271
454 160
73 265
103 460
358 406
415 329
265 290
182 426
288 385
255 392
466 263
216 459
168 424
285 66
66 352
218 497
152 414
276 240
242 399
104 8
118 280
438 290
221 208
420 196
132 131
205 391
15 200
469 107
81 173
328 160
491 24
11 157
102 458
290 135
443 280
486 447
50 219
119 153
306 94
55 497
209 496
260 94
81 458
279 443
131 301
213 214
418 482
21 482
455 68
395 491
384 271
439 267
388 79
97 326
374 285
209 468
241 81
81 352
430 414
414 327
130 395
277 413
74 351
9 119
91 169
477 155
204 231
182 370
315 181
387 285
409 16
323 266
6 390
127 250
166 401
203 190
155 393
166 320
470 9
251 347
385 267
388 477
256 368
241 263
271 381
333 325
261 378
478 56
243 3
381 261
90 151
272 18
350 38
131 138
331 73
268 245
56 25
499 12
279 83
299 246
436 323
168 380
105 336
81 15
261 397
79 451
63 44
115 312
194 19
244 315
469 204
475 228
368 236
289 155
353 301
29 394
308 378
303 348
414 344
445 271
392 68
2 433
165 146
43 61
308 296
300 388
382 48
82 215
249 28
37 459
259 72
3 123
54 187
425 400
96 400
362 94
41 262
336 317
485 52
77 364
202 485
22 481
193 213
478 262
127 410
377 237
65 462
77 102
98 222
400 302
33 377
265 190
99 207
9 468
162 126
170 310
190 407
398 457
494 33
29 205
235 284
65 387
274 374
103 204
303 485
189 144
226 356
160 365
166 394
381 137
495 9
24 235
357 379
323 481
203 185
132 172
198 422
147 135
434 232
43 178
305 488
178 138
404 47
137 279
190 210
427 172
348 493
182 216
153 477
116 437
346 407
65 495
49 181
118 450
212 109
436 142
7 289
356 305
327 102
154 51
308 186
477 15
170 217
296 482
344 209
198 364
496 298
186 483
176 1
52 375
324 326
74 73
495 153
488 416
26 2
19 454
325 28
322 320
1 55
223 154
492 363
160 230
470 451
58 118
68 236
392 392
13 266
144 10
494 291
305 262
132 157
147 499
48 489
438 325
316 455
95 127
93 47
365 88
156 369
237 16
8 474
216 473
121 446
190 235
314 7
32 109
218 401
141 448
167 291
50 260
330 73
378 340
175 496
275 165
400 349
61 354
38 414
462 276
335 135
33 55
471 326
99 310
123 140
408 306
282 198
68 197
217 457
65 474
147 42
329 348
319 26
272 461
316 138
390 272
166 311
499 193
471 120
215 184
78 222
183 134
192 471
322 162
105 27
443 82
346 274
408 111
98 469
228 283
445 63
491 473
145 312
81 490
8 254
15 228
205 94
383 166
243 370
376 140
70 12
299 185
210 67
418 286
219 193
362 285
254 328
140 128
38 298
150 258
164 7
71 482
85 328
278 236
469 243
407 379
456 23
44 239
325 84
279 366
433 170
203 97
450 142
456 402
6 177
61 42
388 10
267 330
235 264
446 424
76 294
415 58
355 261
54 368
233 230
458 117
82 66
65 56
432 61
206 297
339 445
245 48
340 109
276 455
293 391
380 406
237 414
167 440
29 1
158 186
201 303
241 154
280 249
199 447
22 69
70 394
207 413
9 248
425 381
278 425
51 381
42 218
393 331
76 49
400 237
206 53
286 434
437 232
139 136
452 86
248 181
214 168
150 254
210 8
153 164
101 434
176 159
414 27
226 28
445 256
106 264
428 380
23 118
140 175
480 5
205 211
132 380
425 477
493 175
79 429
386 444
262 22
227 70
380 148
316 369
371 400
257 38
252 211
186 108
158 110
238 482
385 216
182 234
452 445
320 352
187 282
447 132
175 5
424 381
124 96
181 242
320 415
81 40
322 460
401 33
83 162
29 443
330 290
12 286
193 399
66 85
116 290
372 119
162 203
472 12
100 315
494 152
37 195
240 169
178 240
367 326
116 471
302 42
211 364
247 188
297 415
423 481
375 474
227 103
398 226
276 307
186 496
84 185
294 51
124 343
196 110
207 129
169 364
65 192
67 234
367 287
86 61
116 204
243 474
434 409
72 99
113 198
494 67
282 273
235 441
51 87
146 224
300 65
208 415
171 206
451 71
77 329
307 53
247 173
227 246
216 401
467 352
104 13
395 380
371 422
209 134
328 138
39 84
329 110
374 80
430 271
397 13
412 202
284 64
192 366
28 494
130 372
8 52
324 231
166 99
246 264
127 89
418 488
457 242
264 294
499 226
301 132
258 336
65 452
193 449
80 372
322 207
180 108
113 11
53 250
138 2
422 323
294 352
466 23
148 434
253 314
222 68
257 488
415 100
317 119
409 497
99 394
273 141
312 87
10 428
276 91
190 210
304 157
183 279
452 97
54 313
308 453
142 224
439 51
368 69
67 148
333 305
401 480
49 92
312 125
246 2
37 343
337 126
68 39
439 173
374 487
469 124
152 454
318 256
24 453
440 14
126 58
458 9
259 194
373 96
411 264
408 278
23 170
48 477
40 238
71 82
163 244
225 5
474 320
289 390
270 15
409 450
108 89
81 418
429 131
229 200
478 329
126 100
348 270
100 24
423 317
172 109
475 336
104 168
40 34
490 456
372 455
499 329
286 448
242 482
372 498
322 5
377 79
177 154
133 494
463 127
331 68
266 439
433 417
234 368
204 348
206 332
157 330
225 211
369 5
491 200
423 327
45 492
154 494
90 385
308 206
342 73
417 147
401 86
35 21
269 176
449 477
452 353
424 307
289 18
291 447
153 266
344 103
430 398
343 167
206 314
44 73
243 40
112 154
313 311
154 118
468 129
348 454
34 435
81 242
359 222
180 395
430 372
303 305
184 337
362 107
255 305
132 2
198 274
156 354
192 36
485 202
390 209
90 375
32 325
399 35
187 489
421 466
238 271
70 234
455 483
264 58
84 119
258 126
79 412
104 212
446 347
112 136
475 395
192 439
157 85
158 79
96 185
42 458
219 241
397 336
277 54
314 466
21 287
286 393
209 60
455 61
86 162
174 9
226 271
96 62
131 207
455 29
42 329
477 390
250 2
441 83
214 298
64 39
143 131
235 383
434 140
365 295
5 396
154 36
468 196
322 200
117 242
2 194
298 19
354 288
82 435
297 192
110 187
440 188
21 250
170 286
280 284
366 174
358 421
428 325
264 186
433 274
126 16
356 49
216 350
67 236
435 8
100 324
382 453
368 446
397 408
272 407
218 362
334 406
479 497
457 438
128 461
317 116
415 454
108 412
131 21
421 358
46 493
301 319
255 95
470 154
107 213
7 120
108 299
162 217
347 401
161 269
275 145
206 3
270 206
86 275
481 251
95 116
12 106
325 284
421 54
132 283
449 292
381 235
284 275
215 375
308 387
459 241
1 218
17 314
374 230
217 459
474 487
242 248
116 12
403 228
373 104
489 95
310 196
43 296
463 35
459 168
140 470
406 489
288 301
53 164
14 213
313 142
93 47
382 225
205 154
353 435
145 373
269 337
122 106
442 438
208 431
47 483
142 45
458 368
123 342
435 168
254 96
468 414
369 471
335 116
181 212
4 108
378 365
25 286
23 378
395 284
97 204
124 51
127 331
362 236
223 175
152 132
465 38
359 121
300 475
381 154
195 431
137 139
438 421
229 159
66 311
491 349
241 405
385 66
258 461
167 289
291 124
98 153
355 392
130 222
255 1
329 379
99 10
297 277
213 302
316 98
274 376
2 416
176 457
24 374
37 261
140 143
305 54
215 317
403 128
437 355
451 206
56 180
13 305
97 317
26 104
88 6
459 223
201 5
109 481
204 373
226 332
102 345
116 289
