45
19
45 21
82 58 15
79 96 62 84
83 35 95 25 70
29 2 10 45 38 85
96 31 74 24 52 19 93
1 36 21 54 16 58 17 38
26 44 52 14 49 65 63 30 66
51 53 13 3 92 85 72 70 73 8
87 73 83 79 97 24 97 85 6 39 19
75 34 85 39 73 78 69 65 48 44 66 46
6 74 93 25 44 81 95 32 46 69 63 21 28
26 13 79 44 39 0 13 57 0 72 28 2 42 79
40 57 46 50 48 9 85 1 35 32 41 8 62 25 54
75 47 52 81 46 65 29 43 85 85 1 50 17 61 68 38
21 43 52 48 41 99 52 15 9 96 46 71 2 2 4 72 58
64 50 43 22 1 49 3 15 81 47 51 59 27 98 74 96 26 76
30 53 24 74 79 24 90 9 9 45 78 69 64 7 99 70 4 5 86
37 57 32 12 94 16 82 99 75 53 49 55 1 90 37 23 23 12 79 82
36 23 30 54 93 5 76 47 81 32 77 83 26 91 17 45 67 21 86 5 13
16 95 64 19 13 52 6 38 77 57 21 17 34 58 16 32 71 0 20 71 57 21
56 43 48 17 22 26 47 70 16 63 18 56 19 41 74 59 34 65 85 39 75 34 75
35 79 39 18 56 42 63 80 34 36 33 72 15 96 85 49 55 71 40 17 32 25 37 60
45 2 87 51 80 75 0 67 2 14 6 89 40 51 59 11 55 5 8 68 14 0 70 44 16
16 80 0 93 38 88 19 71 32 87 68 8 2 20 30 85 12 33 48 76 36 13 27 31 8 18
93 47 37 88 33 50 79 18 24 0 20 67 31 38 4 33 12 47 85 79 7 78 58 13 40 46 97
24 63 93 94 51 71 17 94 32 41 70 55 88 89 43 4 52 11 85 1 86 65 69 31 59 20 38 41
57 68 41 27 54 19 70 78 53 31 57 85 5 84 13 33 59 32 13 99 54 28 12 90 39 68 65 77 74
54 19 83 28 10 49 27 75 96 20 26 77 71 17 17 74 63 84 36 85 50 91 2 72 56 28 16 76 99 46
71 34 53 19 0 15 41 53 32 39 60 90 70 57 49 75 77 40 78 22 90 81 42 74 55 81 50 14 30 53 73
67 70 35 61 62 78 15 1 69 80 68 25 0 44 4 94 78 52 46 75 85 18 36 82 9 10 35 37 28 41 16 68
79 75 71 68 98 82 59 72 94 89 80 67 50 47 28 47 96 68 96 9 71 61 31 11 65 29 1 47 23 87 30 80 98
79 72 91 30 87 48 87 94 69 31 57 55 33 90 26 16 56 13 39 54 18 2 62 28 6 14 60 91 39 40 97 9 46 69
85 68 36 19 64 4 58 81 23 4 19 68 14 53 40 8 44 49 18 15 4 15 11 61 74 37 21 61 99 87 19 79 64 7 16
42 63 59 80 94 38 42 28 63 73 80 59 85 66 3 11 68 8 22 66 87 13 74 67 83 91 50 40 25 63 27 72 29 70 54 28
57 29 80 46 14 84 1 1 65 76 12 92 25 50 86 41 29 41 45 90 7 46 28 9 66 15 21 32 83 1 21 78 21 12 30 14 50
11 26 73 40 68 57 38 67 24 82 74 72 18 68 87 8 88 68 63 67 53 50 66 57 42 33 18 72 56 59 39 63 88 92 89 44 74 71
82 70 94 43 19 29 69 10 58 18 94 55 75 85 44 17 68 53 1 40 10 30 68 80 29 3 38 95 90 57 10 28 5 14 58 98 19 51 83
77 63 37 15 62 84 79 44 71 60 32 92 18 78 60 2 52 63 3 6 55 77 33 40 59 53 3 49 42 2 60 39 43 92 69 34 25 49 56 73
36 26 60 46 55 9 27 97 23 69 27 29 97 86 44 68 94 87 30 53 31 2 1 54 91 67 80 37 41 29 27 25 61 66 72 39 55 95 57 40 79
44 40 21 71 73 64 59 20 43 47 52 98 8 30 53 86 69 84 19 94 80 1 95 98 80 65 55 66 92 34 47 36 88 10 90 82 30 62 77 80 33 73
0 97 35 19 71 69 83 57 10 1 89 94 34 5 71 13 64 39 98 25 78 44 68 27 73 55 26 37 55 79 62 23 13 70 22 85 78 83 79 66 25 92 28
68 29 73 79 11 34 7 71 15 71 23 5 51 7 22 76 58 87 32 69 63 93 43 51 52 21 15 8 33 40 3 25 99 9 79 37 37 62 90 56 85 4 20 86
88 10 32 28 50 42 23 99 84 72 39 96 31 5 66 28 22 97 5 75 59 73 63 50 50 33 27 50 3 82 93 4 85 3 89 78 89 13 99 97 13 82 25 98 27