64
483
144 188
997 813 446
287 911 333 404
52 508 371 245 95
935 223 981 652 532 424
420 594 517 627 937 648 971
826 729 742 252 609 229 209 918
85 579 837 864 906 339 378 663 560
138 216 13 727 566 305 820 19 424 390
652 886 410 790 244 805 382 662 255 126 663
810 721 107 215 536 511 757 116 948 617 48 505
465 304 960 26 904 966 608 875 735 71 377 731 517
678 603 219 541 865 847 65 969 850 204 773 551 706 410
465 101 369 758 541 514 49 924 908 10 266 871 852 708 458
930 85 362 539 8 56 286 813 614 448 90 392 96 640 804 630
980 23 404 97 864 282 510 335 605 139 290 943 913 604 160 561 583
469 926 970 751 655 447 814 524 16 684 457 280 383 315 75 718 956 650
359 484 626 726 188 831 464 835 151 284 379 673 101 747 932 507 801 827 370
494 292 411 219 310 809 675 205 786 979 802 820 107 528 635 607 464 925 378 114
716 233 239 510 783 932 628 67 967 624 75 42 350 356 581 54 753 743 499 653 449
217 384 678 12 490 432 912 209 749 324 738 792 221 250 749 441 456 897 745 853 104 998
148 164 19 789 616 463 218 419 576 153 633 882 459 319 584 536 653 32 603 661 580 772 596
770 845 729 280 607 110 775 550 840 190 341 674 473 901 235 236 929 333 708 326 526 578 697 792
857 386 243 264 145 900 525 288 245 382 829 131 362 813 23 731 913 346 821 821 236 856 150 472 991
253 470 189 150 798 775 188 502 384 294 692 406 657 638 934 378 859 235 14 736 505 441 945 170 364 609
32 576 684 753 151 925 340 187 692 235 342 642 622 976 155 935 632 306 435 224 384 639 24 222 623 943 576
549 334 33 705 549 183 868 390 493 184 543 232 90 921 207 261 592 669 635 215 614 459 540 614 987 452 29 459
561 6 755 140 915 453 464 943 355 925 594 591 404 542 540 411 231 862 977 46 121 820 380 106 130 279 498 805 526
924 94 409 481 473 671 281 774 86 292 407 891 407 826 558 41 888 129 657 73 937 737 494 176 920 613 668 542 276 369
521 896 810 187 868 892 756 337 537 908 317 792 78 695 247 959 527 662 458 929 760 335 793 3 819 650 868 436 558 315 312
497 105 421 854 980 910 844 423 213 640 759 841 504 734 761 761 689 245 670 188 106 476 81 336 910 20 129 552 96 25 727 774
989 908 749 282 226 275 248 538 493 509 807 539 312 346 566 435 247 773 287 99 755 735 57 14 753 493 890 45 695 924 522 675 569
716 164 813 775 199 837 572 274 484 188 289 767 723 347 644 878 539 497 921 543 101 290 360 786 897 151 49 130 990 815 1 688 424 144
911 831 498 388 564 977 819 572 37 664 406 632 634 576 638 227 977 594 475 920 774 263 265 560 582 300 359 241 308 876 965 174 289 472 901
179 534 12 420 278 111 870 819 18 736 63 385 782 310 627 60 296 559 729 372 951 928 552 339 363 575 354 486 800 666 406 635 716 139 697 833
650 795 390 658 194 849 18 117 530 65 344 563 318 207 571 347 336 820 387 427 322 299 885 777 945 770 988 253 687 590 433 487 680 137 701 539 229
156 566 244 835 119 67 657 22 937 805 539 153 892 403 582 741 844 883 943 462 597 481 722 189 812 116 179 878 26 326 895 90 103 0 550 244 959 628
687 426 479 125 629 762 364 499 746 879 43 769 336 950 908 567 755 184 851 808 815 392 501 654 119 430 620 772 747 922 814 504 627 619 114 193 996 196 989
325 614 37 41 580 727 809 993 116 392 223 539 658 400 385 325 21 962 607 593 716 274 331 32 206 290 102 955 186 330 154 242 984 653 204 399 820 738 550 668
189 833 404 406 70 276 656 798 31 177 971 594 533 352 171 714 915 788 379 484 588 498 250 766 976 376 967 438 572 512 357 537 311 525 596 836 121 613 509 826 134
414 384 845 526 282 564 590 372 234 797 344 236 657 508 60 407 857 663 842 851 647 896 490 974 491 899 485 229 146 875 239 451 366 6 452 575 0 482 150 17 705 638
366 612 617 113 425 431 507 780 505 210 367 370 463 408 913 360 935 75 165 690 358 847 167 318 872 371 876 440 28 371 448 457 864 387 458 404 157 954 92 613 627 601 954
837 440 589 967 944 612 770 755 511 811 257 32 403 635 901 771 426 623 679 340 680 163 216 394 124 983 587 4 163 66 475 418 763 711 502 906 742 941 273 286 389 602 264 159
474 327 173 330 86 987 796 592 434 393 781 885 915 763 840 780 298 935 145 431 831 371 655 392 445 762 64 150 993 428 920 870 649 802 202 541 158 954 324 711 648 519 87 1 66
424 576 875 148 453 386 499 6 84 841 78 53 987 58 752 983 245 825 6 985 665 241 537 160 513 0 707 388 630 2 41 511 156 711 681 764 39 298 389 842 78 152 443 845 517 776
747 627 90 448 577 753 989 261 640 320 447 335 549 449 473 55 392 73 855 163 798 18 665 406 809 39 406 238 875 592 395 765 533 680 140 707 654 965 294 683 673 764 206 499 876 196 245
478 645 965 815 55 554 760 453 22 331 254 450 826 3 28 224 265 987 499 39 789 514 157 766 359 504 948 42 463 952 657 619 500 960 535 668 160 776 215 523 848 571 166 675 476 278 558 824
130 455 420 459 232 39 411 734 805 851 344 384 381 876 858 40 892 682 262 579 607 810 644 94 833 613 775 634 597 813 229 147 996 994 379 917 241 358 639 391 680 333 376 472 234 40 421 256 758
198 7 689 827 792 242 827 281 686 972 222 711 456 946 434 698 855 784 849 272 743 110 771 522 774 602 234 711 837 401 106 583 62 503 803 754 168 294 432 205 94 342 184 961 132 937 629 942 231 634
919 853 758 224 968 723 749 148 419 352 617 375 552 525 350 112 339 278 467 576 510 936 389 224 865 881 420 466 38 224 237 898 593 659 650 545 616 764 395 397 972 935 899 788 973 957 278 812 513 941 316
9 654 978 800 26 220 401 391 802 243 996 156 129 951 838 996 81 605 699 452 919 670 110 823 538 694 264 67 450 789 891 717 566 796 113 908 778 66 113 685 436 260 86 926 341 759 587 600 805 60 881 573
656 995 290 865 823 775 888 57 240 563 79 562 418 811 762 574 944 587 787 850 543 952 369 879 132 785 974 636 439 563 947 872 361 273 790 789 225 46 616 69 504 115 712 406 346 358 587 115 484 90 128 920 700
689 684 729 52 364 19 48 483 628 48 727 277 42 210 860 57 397 130 22 675 791 951 490 386 984 349 733 159 7 792 254 851 262 4 814 227 219 12 188 489 423 331 831 74 694 76 297 950 309 799 795 543 456 861
7 739 470 15 189 95 156 646 611 526 39 854 586 233 524 95 720 592 742 673 494 36 347 728 986 695 641 720 343 748 177 616 623 919 432 112 730 590 237 286 490 300 381 979 344 214 227 82 758 289 232 656 196 488 975
455 434 335 670 18 62 532 170 940 252 161 167 338 267 173 597 795 709 517 301 266 231 258 612 538 268 465 866 804 386 492 794 886 980 503 372 384 399 735 994 818 71 72 754 415 802 916 226 755 242 248 375 911 467 16 121
100 707 672 666 64 537 771 886 626 249 14 964 873 721 38 989 437 794 533 399 196 102 992 17 514 296 515 904 838 844 578 417 58 926 661 676 535 444 899 80 142 866 710 684 944 427 467 972 392 192 854 41 20 631 485 270 695
648 747 323 368 460 589 705 174 308 153 185 449 780 734 84 904 408 542 831 760 314 134 177 133 862 179 190 324 720 448 444 962 230 506 865 137 712 628 297 761 169 875 203 408 894 103 863 772 617 920 49 725 188 236 449 667 248 135
35 492 0 217 167 29 957 447 472 267 532 825 430 8 401 833 184 859 867 738 269 631 853 297 866 283 730 305 685 508 913 740 789 966 74 963 488 925 813 533 953 786 880 734 336 554 366 843 999 827 807 458 923 282 807 15 476 960 611
700 527 877 59 552 285 603 449 511 379 506 184 503 398 291 480 458 554 313 47 307 159 900 410 603 341 576 455 391 780 657 858 357 306 151 295 76 832 278 705 392 497 218 439 591 838 873 811 18 502 551 437 246 290 457 753 723 317 807 268
62 668 196 462 789 231 564 661 414 303 743 929 155 181 109 765 484 157 284 346 974 292 210 190 571 854 150 349 508 553 345 672 573 557 114 249 324 834 158 897 173 495 734 390 929 713 94 251 544 251 355 41 301 800 481 512 618 129 635 453 976
536 526 749 218 178 703 991 612 663 984 962 611 719 324 463 227 820 465 218 273 444 666 74 510 979 633 309 924 423 556 607 904 671 788 205 135 608 310 768 368 221 549 809 49 652 533 809 13 430 653 803 26 141 464 835 18 431 89 583 253 557 773
445 515 660 60 568 640 562 877 590 366 161 517 399 518 437 183 798 5 675 245 793 979 749 834 165 770 222 745 74 880 582 846 745 414 130 401 654 822 926 734 252 692 728 663 978 664 30 5 191 236 149 242 709 346 829 115 844 115 949 551 162 111 757
766 731 768 515 884 270 385 542 647 454 236 452 68 593 901 796 995 62 869 408 574 135 842 513 572 333 923 58 333 5 69 770 935 622 745 186 737 176 735 246 108 164 443 87 573 863 818 364 19 977 248 731 865 304 399 164 311 760 961 412 871 940 720 212