70
18 5 49 27 0 67 20 49 18 8 4 36 45 44 22 24 22 63 39
7 29 21 50 27 30 65 69
1 24
45 1 35 58 48 37 62 28 50 61 30 50 52 4 47 56 0 17 7 32 25 21 67 31 42 29 32 42 33 10 52 18 49 43 32 27 65 31 61 56 63 37 16 46 12 17
90 51 32 68 28 27 60 23 59 68 31 22 10 4 7 16 8 32 5 38 38 69 24 31 51 67 62 12 3 1 68 19 32 26 34 13 25 10 17 39 33 33 69 50 5 18 7 23 50 64 35 29 37 62 1 6 17 1 21 33 8 43 56 13 62 53 24 47 63 41 14 35 13 60 25 18 4 28 40 43 36 63 56 15 57 7 68 60 54 61 17
34 46 10 42 8 69 49 7 18 8 42 16 20 52 29 40 9 26 69 10 48 33 18 28 59 29 22 55 56 50 56 65 58 46 31
5 18 4 51 4 61
6 54 68 62 25 5 47
49 19 56 13 10 29 68 25 59 25 10 33 32 16 16 24 7 2 67 15 6 37 13 19 60 39 4 42 46 8 55 12 5 46 64 0 29 16 60 35 22 7 33 44 66 12 59 27 50 67
55 38 53 43 46 34 49 33 69 49 5 32 24 46 12 9 11 32 57 17 48 66 17 33 17 54 25 22 69 10 17 35 27 2 57 27 45 11 51 4 60 12 55 8 19 56 56 15 48 55 62 60 28 58 64 42
30 3 31 58 12 25 0 34 21 46 12 3 30 58 24 49 25 39 58 6 3 29 5 57 59 46 67 32 46 20 48
34 43 0 31 65 69 19 5 43 16 8 23 31 17 52 25 55 26 35 13 5 41 64 65 69 23 35 1 36 44 44 63 48 51 56
24 64 9 45 48 57 67 49 51 57 48 49 35 66 1 36 37 0 0 68 1 66 38 1 48
8 0 62 16 50 29 40 54 20
80 4 50 59 10 37 40 60 25 7 31 28 67 1 14 59 34 31 57 17 14 8 49 21 19 31 2 37 45 4 46 20 17 29 30 14 39 69 48 68 54 25 50 50 69 37 38 53 38 36 13 21 17 60 21 30 18 8 12 42 49 32 4 40 46 54 43 13 39 31 53 54 36 30 17 47 56 14 24 26 37
9 65 12 63 59 16 63 63 20 69
31 51 41 59 9 12 22 57 22 60 9 56 59 44 54 58 34 7 43 45 29 19 34 49 33 7 53 46 52 20 29 34
80 22 17 68 42 23 51 63 61 35 26 55 59 21 21 4 14 59 49 51 32 8 25 19 45 6 14 46 17 62 54 59 67 32 60 10 41 40 45 59 58 12 2 48 47 50 61 26 25 63 6 29 8 4 55 60 31 22 51 44 59 10 28 10 51 53 23 44 34 7 35 55 66 42 16 43 3 17 54 36 69
73 37 36 21 22 55 57 51 36 14 17 15 17 23 26 49 62 16 36 27 0 35 21 9 25 14 20 18 60 44 0 49 39 49 47 58 64 63 43 26 9 24 32 55 6 5 42 64 12 7 67 20 40 0 69 2 62 40 51 14 52 37 6 11 44 14 20 18 56 7 63 36 60 36
85 17 43 23 36 60 46 9 66 39 62 66 15 66 48 54 17 45 17 19 57 54 54 54 59 66 64 3 0 7 43 61 14 37 24 67 10 56 12 3 7 46 47 50 11 62 57 50 37 51 67 6 30 41 15 61 29 28 53 23 40 42 42 42 22 66 8 15 55 25 61 12 60 5 25 10 12 69 50 53 19 55 16 27 64 33
67 25 28 64 5 24 35 68 47 36 8 40 9 16 24 18 56 64 59 37 33 56 16 7 7 62 48 19 50 65 61 39 40 38 38 20 54 0 6 62 0 62 65 62 18 49 47 32 68 21 35 33 12 38 56 46 19 12 43 9 24 8 45 63 50 29 16 69
26 0 33 22 63 34 7 45 35 63 30 26 28 65 1 52 11 19 61 54 42 29 43 20 31 44 48
43 2 11 66 34 53 17 19 10 69 65 54 7 60 62 0 32 48 1 27 38 46 1 13 45 19 12 33 26 9 19 8 6 45 65 7 56 10 30 38 18 36 14 2
32 20 68 51 0 39 61 62 47 63 11 61 9 20 59 59 57 1 5 43 20 11 58 67 25 59 2 64 50 2 37 10 60
98 32 28 15 64 31 45 68 41 1 13 43 49 16 21 3 4 40 38 41 20 10 69 4 5 28 2 19 16 28 16 48 67 42 1 34 67 19 40 68 56 43 40 13 9 8 30 4 52 38 17 42 41 63 23 43 20 17 14 10 5 65 69 19 53 57 49 66 44 39 34 69 5 51 66 63 34 20 23 13 32 49 49 13 41 42 39 12 66 16 23 63 12 27 60 2 39 15 69
29 23 41 33 11 52 11 16 32 69 48 24 5 14 65 26 61 0 15 49 4 27 64 6 59 30 0 20 66 27
24 20 55 57 22 40 4 36 19 14 4 28 63 65 0 29 37 21 36 29 29 36 66 12 64
34 26 59 5 22 32 45 50 42 46 26 21 43 20 23 54 32 36 36 54 65 27 13 60 33 20 69 11 68 10 28 22 54 54 49
28 30 44 67 2 39 35 21 55 30 35 31 53 55 43 67 31 69 38 45 15 28 52 38 25 4 14 39 21
86 17 64 15 43 39 8 43 40 18 41 9 9 42 56 2 44 51 7 30 17 50 42 61 3 27 65 64 51 50 28 8 0 4 46 18 49 66 30 48 24 7 55 26 60 11 37 39 68 49 25 12 24 24 33 32 58 16 36 0 17 32 14 14 69 9 17 39 61 6 13 14 46 61 18 11 41 14 63 24 19 63 49 48 38 39 27
55 4 52 0 38 43 45 16 42 41 47 14 32 42 66 34 4 18 37 43 61 24 5 25 28 61 48 25 34 16 2 45 37 38 8 36 68 28 40 30 44 37 19 50 67 44 41 17 45 11 2 23 0 34 49 59
5 33 63 60 56 42
88 24 48 25 40 66 15 52 31 29 54 49 5 14 43 23 56 33 34 8 21 53 52 32 5 30 35 64 59 15 0 42 4 22 37 6 7 27 68 41 29 47 61 31 19 13 40 20 3 57 18 22 44 20 66 41 62 10 40 19 23 34 23 12 55 13 31 4 28 5 18 12 69 1 36 26 61 31 60 7 36 20 68 28 11 52 12 19 39
6 55 10 2 36 54 42
35 63 35 1 0 28 4 62 36 25 49 13 47 24 69 36 42 28 37 47 48 8 8 24 25 42 42 9 13 62 22 25 10 21 37 66
74 13 30 14 7 41 54 61 34 35 55 46 34 21 24 41 52 33 18 51 0 16 1 51 23 14 26 65 63 3 39 14 29 19 50 67 48 61 36 10 47 45 29 49 8 30 27 35 62 11 46 22 13 11 17 19 37 39 31 6 18 52 22 61 52 25 1 61 21 4 46 5 57 50 51
60 18 15 26 42 17 14 14 7 50 38 64 21 46 24 9 21 33 30 9 24 31 1 2 23 51 29 32 3 53 17 56 17 65 11 19 15 23 4 60 41 41 55 12 6 7 12 15 30 37 8 1 14 57 0 69 22 23 44 47 63
85 0 57 54 5 4 69 15 4 31 28 26 34 8 26 28 37 12 15 53 19 55 1 23 20 59 63 57 6 67 46 26 26 59 2 7 29 40 25 56 7 44 20 9 38 32 54 42 3 32 3 5 6 33 58 15 25 46 10 13 67 51 58 51 26 59 14 55 44 0 26 31 28 57 48 44 14 34 41 61 41 62 62 14 39 50
60 45 62 9 8 0 32 5 21 52 39 46 3 6 50 19 46 10 0 57 0 17 36 1 22 57 34 5 34 47 35 15 7 32 24 65 22 4 36 60 56 56 42 10 10 21 47 21 12 66 4 0 27 35 37 37 14 16 26 42 37
70 22 48 1 54 45 15 38 40 35 64 58 25 43 18 69 23 26 30 16 39 12 36 48 69 3 5 8 10 17 40 25 22 26 2 36 15 69 30 33 57 43 36 6 42 59 10 18 34 48 17 44 32 65 46 38 37 38 22 34 9 62 20 62 64 65 57 16 43 4 29
32 53 31 6 7 24 52 36 30 44 66 44 18 3 52 42 56 36 30 64 47 57 31 19 61 61 1 55 14 59 32 46 65
13 56 10 11 19 10 23 41 30 37 69 50 12 57
30 5 41 32 5 33 52 22 40 17 39 58 63 22 63 24 61 67 48 55 39 35 17 53 39 32 67 52 58 22 59
52 49 50 36 29 30 60 21 16 13 60 32 9 27 62 19 31 60 31 52 13 69 46 4 66 26 55 38 4 35 23 12 64 12 61 22 11 7 8 11 46 56 33 50 10 17 34 40 9 34 36 62 66
58 13 22 47 38 60 54 29 17 29 50 41 13 63 46 54 2 1 47 26 61 60 54 31 55 6 24 63 3 29 1 8 69 35 45 53 69 22 65 63 32 29 56 44 17 1 34 0 42 32 56 26 56 22 23 24 43 24 15
6 56 52 42 60 38 9
6 27 48 18 33 44 17
25 30 2 5 7 66 2 33 12 3 67 30 21 40 25 53 19 15 45 55 1 14 58 52 3 46
80 58 37 61 66 12 12 7 9 3 64 31 25 47 56 57 5 58 31 40 66 7 0 30 38 63 22 16 51 68 25 37 24 10 21 53 52 20 18 11 37 62 30 8 6 62 12 67 69 21 48 2 42 66 68 56 2 12 27 66 9 29 18 67 46 35 62 10 11 32 9 13 3 41 32 32 22 10 58 37 8
56 49 16 7 3 14 20 23 24 60 52 42 24 7 55 13 59 56 7 31 56 63 58 5 43 40 9 62 40 57 59 9 20 47 13 67 45 67 11 43 50 52 46 0 38 62 9 66 21 7 34 8 40 28 49 8 21
17 13 24 38 53 54 23 61 11 11 20 66 38 48 12 6 14 7
8 3 63 20 31 35 62 7 27
9 48 43 40 40 64 31 6 68 5
32 19 26 22 20 55 54 30 63 56 17 39 64 20 5 42 60 68 18 16 68 52 8 51 11 57 61 24 6 63 67 38 25
63 56 24 44 69 28 42 55 37 23 36 42 65 19 57 19 7 30 11 65 63 19 30 20 36 24 51 40 45 39 10 50 19 45 12 19 57 54 9 42 35 58 50 61 27 12 9 24 25 1 67 31 65 64 54 28 7 17 17 53 12 66 69 31
68 35 28 57 22 64 5 31 13 33 31 24 55 64 38 18 23 37 59 48 43 8 25 41 46 46 22 23 41 50 50 28 37 16 34 7 50 37 35 13 55 47 47 46 57 13 29 49 53 46 45 61 12 67 9 1 66 30 18 28 46 34 65 69 39 5 14 8 46
94 65 37 65 69 20 43 54 33 42 22 10 8 68 59 6 3 20 51 46 23 10 28 40 50 5 16 48 14 21 16 54 15 60 25 39 0 42 57 66 36 59 24 30 51 35 60 20 21 41 46 5 35 69 14 59 57 27 5 28 34 36 43 27 45 45 29 11 25 8 21 12 0 33 40 2 61 36 47 37 68 53 52 52 9 3 41 40 36 16 64 22 30 47 68
57 19 39 2 11 2 38 46 45 39 21 32 69 4 55 63 2 65 17 38 44 29 35 54 61 28 47 28 6 36 14 32 30 64 16 24 43 67 0 18 5 66 54 41 40 54 39 40 27 15 14 61 24 50 23 25 40 55
15 32 34 39 54 64 42 18 9 45 8 55 42 52 64 39
39 23 67 48 65 65 50 52 47 58 54 69 29 33 14 56 44 45 59 44 22 20 2 18 35 62 69 68 7 56 3 7 26 52 15 65 28 38 3 29
11 0 54 35 67 11 11 51 58 41 37 61
10 24 69 56 30 46 49 6 3 13 37
57 39 56 38 56 49 45 67 25 4 69 25 53 5 66 16 41 52 61 66 62 20 43 23 44 13 17 40 23 60 0 54 34 41 49 55 39 57 43 35 32 11 6 61 45 49 59 16 0 34 4 40 13 39 43 3 33 58
96 45 27 34 11 53 24 21 45 12 42 25 65 19 8 26 20 43 64 50 28 0 18 20 67 25 62 7 19 1 31 4 54 66 36 7 13 51 21 25 50 19 58 7 10 65 24 29 35 45 59 22 7 42 46 54 14 23 56 50 43 2 49 23 13 55 53 6 16 67 14 16 2 17 17 56 19 51 66 38 6 56 14 44 5 55 8 35 69 29 42 28 53 4 27 11 21
60 42 21 22 59 52 22 11 25 58 21 23 33 9 32 36 69 25 44 60 50 1 57 13 44 26 62 6 53 49 52 14 50 51 43 57 18 0 23 58 50 49 53 12 44 17 40 26 56 57 19 46 60 16 52 43 28 23 48 49 20
40 60 40 44 5 44 23 7 3 2 58 14 31 23 40 53 56 35 43 18 56 57 46 19 40 32 39 12 59 19 8 17 24 60 35 30 13 48 39 13 69
5 9 56 51 62 37
14 57 51 3 61 21 35 47 1 20 45 40 21 44 32
22 4 36 8 47 27 51 10 47 19 15 9 28 1 16 10 62 46 16 44 0 68 10
43 5 61 65 28 38 10 22 13 33 28 5 40 42 69 25 61 52 28 53 33 40 44 48 68 5 69 54 47 28 16 35 46 60 22 35 17 68 29 11 27 26 68 58