27
24 7 25 13 9 2 0 3 6 22 22 25 5 8 16 2 23 23 22 11 20 15 4 3 12
6 19 1 16 25 23 9
72 26 20 10 23 1 19 18 15 12 8 18 5 24 7 10 25 11 3 6 8 20 25 15 15 7 9 0 6 11 16 22 12 10 5 10 15 8 10 24 0 25 10 4 25 23 11 14 10 23 8 6 9 0 19 10 17 3 24 16 5 10 18 2 8 13 6 22 17 5 13 2 19
19 22 9 22 1 26 19 19 8 24 12 10 4 19 20 15 5 20 17 4
87 6 8 16 17 0 22 2 16 6 24 18 15 5 6 14 9 7 2 12 8 12 10 5 9 0 18 2 5 22 10 26 0 20 25 25 3 9 9 4 14 8 2 8 7 22 13 12 5 20 13 8 19 17 19 13 14 13 4 11 15 23 9 0 26 26 6 9 21 22 5 9 19 1 24 1 6 13 22 26 12 13 25 6 12 25 21 1
47 4 9 0 12 2 18 24 23 11 6 18 2 20 14 12 20 3 25 8 5 1 8 5 11 11 18 2 13 4 24 25 24 20 8 16 25 25 21 1 22 21 19 3 6 19 8 5
24 21 16 20 21 10 2 0 7 8 10 5 11 20 5 0 19 15 11 13 5 6 3 2 15
18 18 7 21 2 9 16 11 6 3 16 7 14 10 8 13 10 18 17
94 19 17 22 24 7 22 8 13 12 4 26 3 18 19 2 6 0 6 3 22 10 14 11 7 8 14 8 20 3 21 4 17 17 3 13 2 15 8 14 23 10 20 18 16 9 3 9 3 13 24 19 9 18 9 26 22 24 14 11 0 4 11 24 7 22 3 2 26 11 4 21 8 22 19 2 16 3 20 7 5 21 0 5 14 11 20 14 15 20 19 6 22 11 5
10 24 24 11 4 14 0 17 1 9 20
57 25 14 12 12 8 22 2 4 1 25 24 4 4 12 26 16 15 23 23 24 2 20 15 25 14 19 20 10 6 13 17 18 8 7 16 17 11 25 9 14 3 2 13 16 15 12 16 3 3 21 26 7 12 21 17 6 5
24 16 4 25 10 2 11 5 8 22 5 9 18 15 21 25 8 4 23 23 13 10 3 2 8
88 26 20 2 6 20 22 25 17 25 19 19 13 25 6 17 4 9 6 26 24 5 3 3 24 12 25 25 20 25 4 14 14 23 0 25 11 20 3 23 18 6 3 21 9 21 0 15 3 9 15 21 18 25 25 19 1 5 21 0 26 9 21 11 5 7 24 16 21 4 16 6 17 13 12 6 8 1 3 2 26 19 8 25 25 21 7 16 1
68 5 16 17 20 14 21 7 26 25 5 20 24 22 26 15 25 14 19 2 15 2 25 22 8 2 25 21 25 21 21 5 6 20 8 10 18 24 6 4 25 25 17 13 10 11 3 6 16 18 10 26 17 24 26 20 7 3 14 21 6 7 25 1 4 24 21 20 11
30 15 13 15 23 4 19 6 20 3 3 15 4 25 3 20 10 7 24 12 22 22 12 6 10 22 15 1 14 5 15
81 4 5 20 7 19 20 8 6 21 9 4 15 17 18 21 15 7 4 11 0 4 4 7 9 14 7 5 9 16 1 6 19 15 5 23 3 23 4 10 17 23 5 9 18 2 3 26 10 2 25 3 2 21 6 21 0 26 26 6 12 1 4 11 5 22 6 8 19 13 25 14 17 7 3 0 8 20 8 4 13 19
15 16 3 23 1 2 16 8 24 16 20 2 2 6 9 13
89 7 16 13 20 11 4 15 23 23 16 14 4 11 4 18 2 20 2 23 16 6 1 1 18 18 0 12 17 5 3 16 6 2 13 5 2 10 18 13 11 22 24 15 5 23 17 12 9 4 25 18 13 10 2 16 12 16 1 7 13 19 14 5 19 3 6 23 26 15 19 25 16 13 12 24 10 0 11 26 25 2 19 2 26 22 13 11 22 14
61 24 12 0 4 25 5 16 12 3 4 7 4 4 10 14 16 21 10 22 21 16 11 15 12 5 5 10 26 8 5 10 15 5 16 20 21 1 4 26 4 18 12 6 1 13 3 18 22 20 24 18 18 3 5 22 14 13 15 0 19 7
16 23 7 23 26 13 8 18 14 7 23 8 11 17 14 0 10
58 13 10 9 16 19 3 13 19 8 25 15 21 17 4 8 12 5 5 3 2 24 9 5 0 11 4 26 25 6 14 17 5 12 24 22 3 15 16 1 21 26 7 20 25 23 3 9 26 26 26 11 7 13 14 11 26 2 6
77 8 16 0 13 9 7 12 6 22 10 22 14 6 14 19 25 10 4 20 4 5 7 21 3 21 12 19 20 18 14 5 11 26 20 25 2 12 7 8 17 14 17 10 20 10 7 19 18 3 24 25 13 20 12 5 3 12 12 17 0 15 12 5 3 2 9 6 18 20 4 12 2 18 9 14 14 4
28 8 25 12 6 18 16 11 3 21 15 18 20 22 21 1 8 9 11 20 0 6 14 7 23 10 10 24 1
84 17 2 6 7 6 24 9 4 9 9 0 19 24 6 15 1 20 8 3 0 13 6 18 0 1 21 13 4 8 18 20 26 24 8 16 23 19 15 1 10 7 23 2 8 9 26 18 17 20 15 22 21 9 14 9 21 7 6 14 19 0 19 10 21 18 0 25 16 16 0 22 17 11 11 2 2 6 8 13 11 17 16 17 8
47 2 5 23 7 0 16 14 19 0 1 22 15 26 9 14 3 23 22 12 21 19 2 21 22 15 6 10 21 10 25 14 19 22 17 16 7 6 25 8 15 14 10 17 12 12 15 14
28 3 4 21 14 2 9 3 14 17 5 5 13 6 26 8 8 11 0 16 18 3 16 1 25 2 23 23 13
32 21 23 5 16 20 11 4 5 15 2 24 25 16 12 0 26 7 4 10 25 5 13 11 2 21 13 16 7 24 6 20 10