10000
91030
24313
47735
79441
28447
41129
7586
76229
74914
83848
85443
82824
62978
65388
11237
37531
62907
42048
67838
61765
23496
28772
7062
98844
56478
96249
47079
51519
74834
49690
79872
25205
36506
98547
10941
41826
96408
50648
83395
62677
69268
29347
91307
5301
85469
10377
79546
15874
45970
9205
86627
68167
48655
65322
82162
14702
82039
748
61255
50294
66456
54444
37307
37631
32903
58788
69683
84127
79960
47596
76954
8092
78640
62338
22060
60130
60645
18623
94619
6816
9588
55782
22402
17003
21735
78983
14235
20219
98177
31050
51086
21678
22783
2266
32214
2879
30101
15846
37381
38945
23688
49167
25811
64371
85654
53945
27036
90725
74243
69625
79506
7117
80265
60740
7754
18217
40766
84142
78772
18886
11048
50556
82831
9427
94705
8069
59557
10817
20104
25706
73059
99544
84634
17395
61059
887
7756
45327
73192
1236
66392
955
71501
67873
17259
41689
18691
3895
24923
52346
57865
80382
72244
6558
42237
41458
56686
10731
44813
69900
94545
44452
30153
36334
40427
24494
53003
26743
62297
12797
37451
84667
8672
71848
33826
79333
26933
97531
37337
77387
56856
78414
93299
52638
77887
28450
39921
4675
28125
92734
63032
34114
1673
49048
58336
3883
86305
29905
45008
38447
80948
30157
74252
53579
55322
47330
80880
54724
87795
29742
35581
25760
92344
32143
48602
29046
79953
38312
86233
66714
2280
39293
44734
54479
49050
55941
79058
54310
4769
26908
36301
31021
9365
83736
31472
85206
6894
49779
50223
22383
56954
18653
75538
8347
80537
52251
49153
91279
63312
86267
37678
66923
19672
62249
8012
79943
69179
64054
110
457
58979
82500
32932
91934
8020
51726
90583
48185
5351
63997
6252
41969
98716
88219
62179
91932
75650
93503
58553
32269
46079
66794
14138
15336
11757
82671
93987
2355
40221
6980
9741
36751
47606
22378
98458
31066
91290
43960
7329
56554
11487
44044
12244
45020
44433
42447
84672
10712
86554
99182
15494
20448
85418
90200
92083
10706
235
6672
17285
60010
16340
93820
22682
11513
99149
74147
36299
51126
8444
86692
89382
26130
27115
23992
42879
81740
98367
82565
28413
26514
9535
40876
65119
2884
63504
24445
32051
89440
90082
73233
92737
52262
2197
62243
6913
8033
97318
42406
10132
91400
46889
39777
74474
56929
5715
98735
88477
83294
36581
18070
29547
49051
81965
8088
41251
96182
75701
4287
14713
47279
28184
54108
9902
77849
79235
52414
64601
47396
42068
55234
7913
31766
94199
49249
59858
47898
66783
9371
64372
57580
60875
65603
52215
84655
96209
855
26276
24816
28142
82478
98615
67847
93281
94664
27064
48234
69973
37043
3232
62316
59807
29921
1423
77837
60557
73928
22103
35329
15748
91045
25114
95936
97427
20181
40229
44031
91955
66506
25317
42017
69167
98524
77156
36667
27780
45178
45774
45947
61035
22050
73510
23129
78928
58846
46222
67752
79027
92342
93018
90963
51740
36475
11457
26247
40142
17223
30328
22345
84031
81914
4093
31412
36416
76233
54597
51832
38366
49416
9137
16068
77888
53065
27251
74679
44608
67606
58802
31812
9320
84081
11080
4546
74377
52919
56907
55938
31400
24432
43954
31581
5345
89030
22123
80424
67828
43946
8917
10736
21025
16463
21916
75235
92218
55208
99090
17223
18007
87569
76928
61387
88300
16365
10752
75986
48334
46069
36949
81464
83751
70317
4665
14856
68778
42932
21098
57934
65282
50917
88209
93662
6
51064
3917
13439
98073
29678
8024
91600
49509
49924
1071
86823
99353
79994
47201
947
35304
13304
57594
47733
79562
90958
39693
3193
91279
30053
57808
50398
67375
98282
38750
73541
42510
66971
22526
98250
46194
79437
11787
4744
46218
75714
29927
66059
32903
77479
36739
8252
73664
7178
2275
95722
87353
11176
74906
56073
24726
99383
24907
20225
76337
12840
61985
58090
45521
66486
35819
71537
43291
27676
78782
51386
82175
25824
76824
46915
60550
46533
72339
2644
36457
37191
19300
55512
33552
62456
59880
3482
9016
25612
9980
69680
25803
38792
4668
35833
77351
76547
63220
29709
21873
21476
40124
85883
66996
99870
65056
53027
58329
3454
98583
76816
40384
37115
96512
13116
94744
50324
25192
2331
64806
909
87438
93853
5762
7650
88693
19289
58898
92485
69063
63199
39775
98965
67414
63431
70342
8585
538
1476
45608
44015
26482
56300
51495
7175
6064
87276
3320
73269
65920
52564
78385
95035
19694
93111
88073
40814
71025
27885
33630
84731
75610
88851
56376
88942
96498
88836
27044
18749
33781
72948
32361
60513
75843
91731
64204
76424
21400
89182
53611
84445
69927
903
49540
52921
43451
52680
47190
82224
31951
79395
53061
21689
87254
88177
95959
57134
27625
52222
55694
25263
25260
92828
40457
39977
64996
5845
30796
23347
93815
72183
71825
28904
43623
34376
25657
2460
78002
5444
62177
61394
66618
12614
67700
5083
96857
88842
84836
63347
87103
60715
11802
87951
79874
45231
72396
57402
21433
62681
76131
41717
25750
15778
28354
92527
20833
46110
81489
46230
44835
70115
45974
13930
23979
72264
33229
97885
26555
92810
8579
8025
48393
3695
31963
53942
58189
82768
1659
50781
43726
22671
319
69263
3978
48442
83563
75034
27796
27586
53489
6374
35108
43093
42380
89295
10064
65541
13220
57732
17904
67937
19510
26224
74949
40845
4617
29706
75847
29303
96964
60460
50303
54932
62619
27894
55571
49147
77916
49746
93259
61536
41921
69284
3697
830
96731
2226
91902
93011
47717
27817
65272
75476
31892
6064
48235
47373
78741
79007
54037
59348
35052
66602
42020
48267
60468
49817
74360
60391
53892
18355
60107
52343
19389
31928
53487
90737
46558
49678
76562
28929
99593
86149
84354
1408
45361
91794
68502
4769
15912
26425
26808
380
89987
71440
40967
51290
96057
15141
39436
54807
38041
66287
65873
89300
93652
88429
18611
29074
62927
73651
21854
30665
28436
42698
55100
87572
11022
12617
30099
7573
81612
35107
21755
50553
96429
43217
59768
87211
23402
99544
32231
60268
75521
95089
69684
45845
92451
34428
92663
96225
74909
55165
79969
52834
6355
23038
10614
55772
60619
41256
3576
67216
45596
7454
98312
15646
87751
40324
85420
20819
82906
22327
36231
59204
30414
79425
29386
25603
42196
86128
55275
35905
46433
32360
8113
27347
23784
37601
15069
26653
43673
95799
61514
14278
54429
91379
71077
15590
53560
66074
98355
85408
74999
81974
12801
27655
79371
85821
79450
8665
47655
1523
81414
18090
32259
66326
43249
10076
44028
10040
65404
4419
3433
30259
68069
23062
95011
74401
97033
8356
75008
70350
27336
37841
35632
61734
34513
48233
31270
93965
847
23675
98601
93976
19869
202
64172
34821
79297
1383
39020
95426
93068
89164
35544
96583
44077
74650
46684
30508
74366
68753
24113
38328
7982
75564
53426
27384
56593
70665
22291
86511
66141
13103
77011
21624
89475
80478
64902
7412
86161
14660
41194
38635
80683
125
43829
32057
13914
50903
72206
44225
51797
8526
9960
14399
44427
21532
29207
56211
20866
17150
57561
55957
35622
88718
49746
47209
45985
90904
27188
81949
5528
34712
76986
23777
53736
34149
47817
15960
88323
58773
16458
81431
19124
83813
99797
53175
28665
50862
2948
82220
77020
98496
38461
66413
82479
27913
82098
89124
44196
92888
42064
50221
89262
10862
95123
69611
77151
97967
7691
31838
51614
36865
52955
77361
23942
96058
11768
26799
22098
51583
16810
50376
99765
69422
76700
54667
55331
63369
61149
15644
76508
77184
7071
10405
94393
69683
99785
74660
94578
59174
12477
8965
83510
84082
70698
36026
65051
22825
63469
24956
95875
15387
46107
73412
85400
76268
69161
86875
75280
87255
15987
22432
74244
72061
4874
72634
99756
33645
26504
56217
82455
70133
65872
48683
78899
60114
5174
78240
13620
7029
36096
89812
85927
90094
63125
67346
87091
10877
15967
93897
81299
25556
31890
48975
65408
59553
57676
66922
68076
88081
21221
14187
41935
95599
39711
60594
69422
53497
49059
98993
64647
50201
45385
6331
1336
89615
88056
83648
60136
86291
77399
60607
65077
8103
39157
89086
66
61424
54111
58082
66593
80075
49669
57090
55764
98070
97663
90721
35903
67689
10392
24600
42778
88449
63756
998
7269
7944
31430
16869
11078
87668
69902
38233
47955
82444
15276
44113
66161
88989
59617
72158
33730
99493
66193
86806
83565
84637
95885
87747
38643
56829
14824
28946
19708
11286
11904
31520
40964
26724
64058
16714
97579
66029
20183
65239
16050
55413
28294
92352
76600
67983
14083
19053
70210
15947
43128
17995
10864
90226
34826
23451
14451
15985
12772
63414
34763
19736
62636
38441
66774
32373
43122
88228
33969
95960
17745
26171
50520
22064
70634
59193
14530
67846
48457
86411
17025
59622
18618
73912
52679
71269
40815
93634
33017
85853
27132
76923
33819
46432
70565
6766
8724
85949
31678
25314
87695
23232
16365
64427
14744
4139
17600
4116
38586
93394
75085
62756
62012
31006
72653
4837
29587
73158
49083
86672
17219
9253
76821
70888
87655
71789
48359
59108
94424
537
99924
73273
77726
9156
17235
77109
10400
5834
61341
61976
87649
29082
30732
46195
12027
82478
38509
89907
77436
59899
62460
30940
33260
73162
82056
41846
30094
67294
76165
5890
38786
39101
40921
5249
46635
80942
7371
77090
61340
18603
10380
6748
94004
78246
55644
81624
57263
30754
17373
87481
49859
55085
31236
6326
96479
31982
13514
36833
77140
48860
5275
4535
79188
47051
12008
20652
70165
48058
32494
47519
79093
83004
5093
42435
21231
93049
47638
69407
4218
87027
75025
62894
17651
46722
58196
96861
83757
77698
5176
84870
13209
60438
57654
88401
39656
86014
94703
84783
39468
15795
28876
85442
73561
71753
44079
93839
47720
37137
92284
18602
95058
25520
58268
60486
97469
52023
10953
80785
48580
72971
6489
3766
67603
21877
518
12842
87298
41023
28849
75390
38349
38292
59658
92095
39263
93265
88011
65743
82677
37685
31756
13230
62487
88177
73641
5798
28475
26642
5792
86959
15085
82486
76551
88708
19162
6145
39041
10156
5298
578
26361
91117
73118
25712
26958
7489
23072
5753
42083
70022
81185
72452
59441
35798
50236
58229
90173
87662
75880
3034
48637
54908
82859
496
60628
87270
27637
92174
80026
51566
77563
90597
71517
2124
95003
29748
24729
14730
4995
57656
25005
37507
49534
14410
18460
96975
6056
60885
6848
80828
84728
89652
7766
95369
75989
29059
43629
7884
84105
68754
39398
83431
64114
16718
11941
93687
29897
91373
72165
41329
77692
17719
98331
68427
32036
29972
90377
63669
18031
87856
92270
66851
31978
41392
67356
90488
25677
72426
21062
75885
57282
40909
79803
56184
5233
47486
42073
90767
27116
86115
42615
23090
79135
89480
60878
69737
92266
18744
81156
26978
26881
69935
32721
67940
52430
75882
66
33674
48705
11489
19600
20701
33598
5015
66190
37964
5096
69708
12302
43572
61027
48800
87982
72333
10757
789
31250
928
49531
73015
12901
16241
51603
63472
73860
8650
20558
37242
42723
14162
80559
66718
5556
24121
42999
39978
13949
19557
3779
92329
1398
6095
37585
67930
47667
82139
78419
56445
14109
22310
20089
86573
96870
41844
88894
10724
57190
28684
18394
62740
75525
4249
31489
71435
69288
34192
41623
920
8396
10112
30411
40048
65681
43484
57941
2810
13929
91914
86032
82381
72759
83454
48479
16948
55066
6827
36346
27563
392
67166
30035
57622
83
40640
81077
71007
89058
91409
49670
5771
70209
86128
66906
47958
69975
55119
52023
29912
89862
48349
64974
62655
70811
20739
16275
7005
27603
77767
95758
64300
3216
17106
67951
4169
87543
27106
38105
18418
35426
84695
82863
47661
3799
2429
90090
54243
61904
71697
28632
78506
58124
18995
59232
25506
36012
19893
81348
50459
93963
66128
85699
15881
59659
39859
23667
94706
96640
64988
94931
15267
14231
83148
91217
15648
7991
5066
32565
22377
56084
9601
61448
55387
50709
75645
6092
38044
34788
32795
75205
43335
34823
70437
35921
25947
9826
40294
16747
5021
74934
11343
37083
91211
93375
4698
47608
73829
71012
5574
90774
3161
15307
26803
83950
21711
95345
11042
90163
84057
50435
9341
7093
83465
34463
87635
83524
24698
24343
81782
32357
87851
86175
13473
90044
72184
16494
93726
95426
30475
98792
1891
42903
47746
5084
46178
21319
24033
76119
42343
37460
70687
8626
47198
70654
10544
83932
68913
82149
7123
5790
23368
65765
17918
2878
44692
15011
4913
33307
32354
57679
8400
42878
27012
58243
36467
9703
84186
36635
17415
48878
32555
48688
47341
38595
5153
3681
18771
21219
18728
16461
37251
24756
39849
97859
89483
87059
38256
77320
9132
89037
39146
95619
35733
99417
6407
20807
2465
74093
11397
22904
6905
55559
96372
12642
80593
89964
12034
59056
54198
87762
39782
88217
13273
47684
34582
38427
2771
90031
57266
9876
32705
72259
82404
7581
64243
86016
85430
15824
10981
86555
46351
65384
79128
49832
85680
74060
82195
86457
185
49481
41484
21396
17329
79222
69624
95502
12090
31409
72739
79165
28363
66700
72387
38576
87804
79038
40018
65521
15543
31006
61484
72292
53190
33992
38274
83118
844
80135
31540
47785
20527
81917
44022
83877
79572
18343
23204
7404
12381
28025
37170
95770
23657
86552
70888
34240
89109
5898
19108
97697
74581
20099
10282
78682
8024
20759
46718
39975
11503
97742
73515
90980
41468
3717
35710
27440
31736
3325
50786
63483
89656
46566
10568
57545
57207
7250
84382
25848
42368
52524
80227
39223
40370
60391
9474
18009
59799
35170
46170
52970
64728
59475
54964
68624
43338
43370
97170
90114
2740
46854
55544
8449
50564
56682
24296
24533
97940
87846
63215
68110
54799
26781
3163
78942
67894
42107
76037
87212
86975
96829
63968
27753
33226
68016
52229
24772
13181
23006
24706
57337
5306
89418
94768
86993
50642
54691
72903
58058
50131
32204
22571
42360
81318
92532
6683
15928
50647
65431
35275
54507
36251
41157
14918
87914
40164
55192
97061
94648
56518
20316
86281
45169
68756
93421
97943
17295
80027
62114
97331
72307
61372
81810
91860
16168
63317
57284
51233
80821
38991
58912
20101
64109
98819
2431
29774
36461
3473
68792
74533
46052
42520
6550
77480
20737
45107
14941
79501
75885
91927
15669
94099
57212
9373
37817
90873
76054
5155
21183
76108
1577
55386
95799
81691
43422
4847
47881
88630
71688
76358
25067
33402
86996
18230
6822
19193
71405
4789
75683
64752
4423
5172
74629
44910
81494
28211
86208
62459
72329
19363
16846
95163
91908
66024
75347
39842
47231
81698
59763
62226
49968
36806
94239
21925
71947
74633
53885
29026
36395
14290
55754
82013
41998
99381
84196
66837
22066
39163
97599
75942
87564
84433
89591
63048
93356
26831
8626
38241
77961
15482
77612
32243
13977
10168
66230
22024
98565
34255
83844
7607
13379
77213
84669
73563
87007
52749
46103
74568
56203
6392
75024
37028
83345
55509
6371
48176
81804
80395
17341
17014
47053
18264
20118
56888
52580
97462
95871
27079
12585
49707
76601
99812
65675
28886
2954
60524
41321
67794
51904
49065
40773
68438
47119
89048
21463
28283
60078
61544
88691
95374
74307
92272
19878
96657
56397
78101
2259
3067
70399
25441
93411
49391
10744
93289
9070
19661
79878
39849
24176
72468
92880
24716
1316
8487
64310
30192
50728
67583
55940
67912
71986
23071
63140
20691
17827
9608
80653
7253
66133
50031
59732
34270
84977
50655
60697
57657
30982
12779
68419
10086
65510
87640
66032
81009
68190
21214
14142
97000
29016
42878
5459
9103
30654
65019
93482
93399
23142
88945
30082
15393
46897
38871
26887
57895
98209
27154
24846
79190
92181
85620
18317
43183
71941
41924
69392
61711
21988
34199
63145
81258
41932
39943
19871
28806
17249
12797
59399
12466
36438
57225
26785
28949
472
70784
78021
98181
41342
46185
2494
4069
14817
81803
9560
43929
85979
96304
87123
21056
37552
79780
54857
14202
88748
65751
25535
31291
65597
25222
98565
82355
68438
95856
89981
63309
57867
57411
53645
21820
24161
21124
9188
49416
98349
82249
10001
77317
78719
8674
13533
65690
79207
37474
41910
8966
13261
31939
31243
99887
51192
57133
75339
36788
47802
52802
15333
67640
72939
51505
46625
42089
89762
67449
17791
527
48649
27172
65630
59049
49988
72917
23381
79295
9115
9120
26725
18817
51467
95513
31567
27527
78312
57763
33916
52050
5804
72660
23743
90332
94646
87186
46042
33046
69201
91322
62447
22304
60167
78665
47599
19666
67899
20254
40201
87334
95283
35622
23096
71175
78796
38993
12198
95491
22038
66927
92838
97379
55134
12961
20722
68398
46899
82261
9124
23487
37313
15346
5733
62202
37726
2113
19859
32583
26177
92929
96068
1411
99796
96787
14394
68793
69722
13547
5155
88931
10577
35728
32258
2894
66751
56961
44656
25665
25700
16156
63986
47511
61970
3412
30275
30509
42797
74191
45320
90643
97268
30940
71621
81644
40118
70455
46417
62224
70943
67619
94228
47463
72086
73864
99580
83728
45510
2350
79551
87494
62635
41746
82017
34944
75931
65923
40762
87318
84513
55620
53516
81128
358
90943
31630
60200
56907
52409
91533
23383
53879
76949
65846
24423
74310
28827
56706
45722
36076
88649
56238
61172
24306
35957
60208
53949
25698
1740
16605
35235
73585
75985
67739
89062
36799
37839
20574
51639
51354
74989
79130
23999
90577
57388
29752
98227
93276
78861
82086
59624
73452
60096
7807
16100
60914
52687
11624
7044
54871
47597
53054
52597
84605
51827
47098
92521
6806
23022
20289
87714
6823
45263
96591
49179
89041
30594
82194
93888
6210
60412
90773
44669
36028
45379
19607
75598
72431
50095
83194
51893
17794
58934
48702
4249
16186
16819
15182
33384
82133
5835
2551
61011
72584
78654
70437
97867
69865
74229
36824
19541
30072
48120
92794
98503
78991
51196
12822
88566
2354
78840
35683
59956
53815
28075
74142
42178
29029
90825
83826
13510
65032
44742
8147
75988
81321
19419
19479
76541
62999
65638
31692
89575
59333
20496
19982
60257
95237
24281
9633
64016
27371
72748
14764
40187
87612
66349
61879
11084
24671
9609
72440
8125
24404
14910
44579
22764
39285
53118
59541
23344
9381
29307
44225
8485
69465
56155
73755
56051
74106
17201
87494
21629
37555
91775
79283
31060
96546
28924
98965
83157
44576
33800
64662
79335
52456
36811
86083
76583
99934
28210
30105
65252
96578
94775
17201
34064
42557
10212
66290
55269
84888
74955
72637
28198
90303
69567
82426
68280
21172
34899
69489
39178
28039
27737
68068
83138
45186
12425
12813
54441
385
91115
26794
39661
93605
29085
51652
93306
90196
17197
81995
54004
32264
62863
36954
79864
24761
878
75417
44959
827
1363
17590
85283
18566
29231
54527
49825
52448
27573
79620
16326
75493
41335
87434
10674
72476
43621
89125
23720
19638
36987
4791
21990
81061
42336
69301
10618
90185
55046
25412
28526
43449
36834
90812
56866
38099
7672
41198
83187
94995
8814
61990
66132
97805
60902
32872
34607
64948
43531
75302
86286
34951
36036
42503
13221
75595
8761
92255
37374
57841
58933
92349
67811
55263
32234
53032
68344
72660
90614
77692
63461
79748
47189
81213
87368
30746
62360
35648
89364
30969
51444
83567
81720
98595
48917
92047
34279
43625
76268
35500
92095
42282
424
77279
57652
6033
62477
74933
75643
17654
63706
19949
3175
55919
24454
20443
81747
72312
84597
84202
16810
94309
26212
93781
452
48902
31830
95645
81797
63320
6694
63012
16913
43821
2681
27589
64439
88205
84811
70631
52061
13986
73526
5733
27254
5065
66593
74578
13863
75006
46306
6579
45010
61448
12242
32863
12278
41639
23519
17437
53828
50202
6228
84657
53680
36407
40022
68060
70764
20903
74333
32756
94390
93034
2696
88773
6870
17072
88396
68733
32053
40349
63801
8512
15821
51969
94921
60434
25222
72066
94362
22050
10456
45066
51713
61736
21748
70388
12479
24850
89866
76983
19462
45796
63875
45021
6887
11521
81078
60420
41299
73748
58588
76013
81789
6392
88672
52279
16143
23423
91730
1927
51932
73054
45717
86322
83859
63932
88611
12660
61093
80098
82049
19614
20143
46707
47415
89206
81572
43501
72774
38405
61458
61492
34095
54536
66524
15049
69043
64061
7946
2405
61751
42881
85773
90862
70592
80155
92969
1897
62633
52080
51765
43636
85006
26879
37640
15319
46748
55236
57366
40408
57569
1872
81957
16989
98576
51522
23544
28923
99379
88126
43626
74067
34218
82248
26366
16413
31113
19586
20301
58093
73413
49942
82913
60979
27973
2355
16218
4362
50631
84839
40300
97004
99147
80362
44414
83326
77001
43693
52928
85930
86298
55230
35415
51172
61454
52511
5519
29583
35879
3768
32301
60919
39342
48272
37498
59565
78683
79844
52382
98944
37803
95366
51349
86177
13757
70357
8715
91891
55359
94768
94129
78306
94352
15036
62746
24348
17418
14167
71927
80406
10764
50805
41231
86307
41431
30783
14979
81553
85129
68693
84477
28908
20930
45490
58002
50228
13387
65720
65244
20190
41067
34642
15263
1364
94152
24972
504
70333
62869
60171
88935
89096
48232
82499
73961
20053
78084
56992
35889
21178
33486
81354
50400
89198
81194
52227
76688
25449
1769
8689
42392
29884
14629
31995
48834
3328
93819
36754
16213
78740
84622
39713
17205
27503
39761
10262
92513
27617
64171
97315
78662
89292
34720
3886
25225
64419
69168
75757
24699
46703
26847
69489
24834
30909
60580
63336
53421
54810
45065
10567
6033
35601
70075
78254
42824
42961
61386
51976
14623
52051
18841
47373
98103
53828
17328
14586
40475
91092
63654
15835
52856
10674
29928
33545
39274
75075
86154
55437
10022
47495
90673
47581
57103
39809
25151
39000
1913
87007
25975
30633
89085
97859
89482
23764
16412
35422
73582
83774
33501
33102
42717
55379
68454
71376
95870
70215
7772
17374
32876
75617
23732
25593
65589
81839
81866
26069
61193
50113
47950
17160
18090
64299
21648
85936
72402
62405
41433
27337
1474
12665
54298
37908
21406
78274
68865
69239
20187
85261
71282
62728
25450
95245
67010
47869
89235
75504
67965
52038
15977
91158
40556
64485
98219
97791
85456
43923
29483
22628
71881
74481
8158
62391
54419
85019
52460
98766
80147
95779
39371
83947
82831
46848
82544
67704
62350
74414
16871
22257
8546
27230
93505
40673
31597
44489
76868
49898
69838
14794
12654
32162
15609
10985
21369
66455
38988
20555
7219
83058
22193
97294
64682
14122
61514
33712
27164
64184
92593
30937
65902
28961
5038
14371
41469
50860
54538
72772
42805
23712
48453
46880
95441
98237
48251
44622
32482
357
78603
69532
73217
55742
34032
26912
76423
88343
80150
62785
98795
78499
33731
74395
65184
31435
97202
19668
38783
97378
64388
87326
71164
18945
55848
34747
89587
43267
53418
51733
61811
29630
98130
45985
20574
19432
47516
42160
41694
49915
67011
38484
38769
20844
5532
16128
33048
19007
7820
33488
61340
17044
98641
82447
23362
49552
54793
369
43394
49461
17694
13651
69250
27327
29890
14176
78924
1359
92441
75801
18847
39704
68846
65039
76799
91835
73044
62909
57058
70021
53290
93196
63945
32400
20178
80475
79941
6057
60139
3078
72202
55891
7302
73132
2125
67322
54688
72471
42504
11529
95512
79602
91572
45516
28834
80678
66117
2542
22209
24062
97055
578
58828
22803
35456
45285
41205
46599
18247
20525
44240
99292
72723
95094
21991
28686
48642
32712
52083
19061
83220
38591
60709
40418
87282
35353
23298
34443
44960
13883
33556
87668
47874
68142
17569
2979
82678
96342
25980
24984
78062
85656
8478
70082
21552
53368
44503
22271
26279
52652
5875
2905
32288
69334
25885
20877
90250
94234
54696
86429
8586
237
61619
86544
31952
79908
12028
42799
64043
83495
87862
93234
86941
67586
81100
15137
13604
51596
97692
14751
66956
45694
13955
92840
59852
71909
67102
1413
60195
57483
32690
47137
16617
58077
43349
22664
51896
46714
29925
18271
97409
47522
45004
19535
66681
43091
18372
48027
70594
11281
87144
49432
81791
67650
85649
63539
73658
42305
40221
79240
36908
4565
19251
40020
91736
3697
94438
14108
88757
47938
9056
74221
20093
39625
94439
23523
23585
60461
84618
61396
668
22359
65435
11863
25360
4992
86003
35377
51778
30465
188
29929
19709
6039
39472
83502
23823
62768
706
47695
56932
95340
90792
14474
17257
60285
63452
62391
61242
90935
57505
57272
6454
21707
86176
76308
72255
86336
26438
98006
41354
50052
42990
55
97312
54564
75341
85439
24169
96688
10989
39347
73026
49609
47662
78241
26775
19697
35485
72796
55037
35037
89816
55734
41314
44949
47260
81720
96412
16929
83424
47217
10851
73362
82179
47608
88821
52500
74925
62543
93540
56827
40854
38191
21561
67499
5271
62789
64756
16274
42173
86357
60065
69695
31024
74512
95159
13257
5740
21494
20828
79739
49068
19073
61382
7018
61175
10578
80895
50355
53880
56762
12577
85653
45743
68316
15886
42649
80348
93277
53554
28117
93349
3027
56047
54322
71543
72943
52449
4730
20152
84017
67802
98833
53382
88876
4161
94253
99910
13085
24226
96247
21795
35266
20064
119
25236
56008
67223
31578
28252
21764
74350
70752
37788
68687
70593
33032
22481
4749
22349
11732
69061
41215
69214
72810
57356
15253
4292
51970
48175
56249
38362
5280
75034
91565
38091
17552
50752
27171
95782
24447
27323
30534
66721
69271
59369
33193
19554
95184
39085
92681
91465
22128
27035
87607
20083
33519
73291
27063
85030
64894
5102
70404
70212
19288
11736
26076
59848
17697
63217
33328
84250
62335
86585
59048
38210
98604
3124
58677
56280
3478
46087
32029
86872
48675
95865
74659
46689
36225
72174
92038
5775
51787
72085
70857
54280
73553
58437
66883
77004
545
49330
5063
74229
54081
85376
77468
84855
86007
34554
99166
94392
69472
62891
91078
61453
77074
23227
30675
33732
2260
39454
57758
2607
60020
25768
44315
47967
80450
33501
26483
79343
62078
42828
55852
10175
9957
94547
41078
83619
26035
80238
31148
21379
67833
21966
18161
73177
9759
82290
61642
42612
20130
32311
97165
58010
87511
43900
40112
83504
50720
73801
17941
86069
79861
72949
39968
98247
85688
38035
74484
43282
48084
43538
42828
95416
4812
55232
31986
32201
50353
66769
87797
74720
37655
99336
6460
48734
77224
12616
54820
22709
26607
50715
46545
31116
49575
34648
96565
87053
67360
64725
77033
68715
89479
92122
15484
58611
99411
26506
98786
64036
68108
1207
50880
91073
23834
35533
31767
56555
16146
9388
53632
94915
10197
58357
37276
23814
4697
26950
41851
10276
18149
14491
30948
76881
28266
29775
80455
48923
5788
77778
80966
7212
76041
26602
12047
83254
10835
90590
61283
25641
89970
71036
13856
79943
79575
79801
71266
59641
74850
56190
90864
48368
13139
21302
52023
89770
44036
7304
21069
3306
30810
310
11707
71731
81629
2404
36422
41625
97691
94369
93816
57758
44806
75267
92118
13318
13172
92119
46039
72226
99741
32181
9900
51217
20566
45754
90553
62650
83717
17277
99909
22958
88767
68143
12054
83192
50917
8457
99790
75355
68736
58443
75913
43301
85171
74227
29100
72322
1562
77165
78436
87119
3477
97721
99094
17566
11658
13070
66757
11341
41063
93571
6977
29085
59836
3612
72680
29154
15350
77950
64160
77203
87365
71361
51054
72846
11220
32084
78934
84460
94760
19816
34234
61757
96119
22470
98722
1318
8024
4725
2822
21063
67365
81008
85865
28132
38056
37600
40439
9328
5725
54143
41827
65525
77167
40165
45108
32692
55632
26411
62780
16712
72412
62510
72980
15149
83478
38090
45717
44981
17123
97026
38383
42960
20417
22214
71614
79462
66152
92442
56054
14047
78288
54180
61649
70532
86572
59240
42175
53913
73675
81228
61634
37824
70796
42643
55819
24509
52648
31981
1485
34698
20591
17283
42446
30585
27630
53150
82354
63614
32852
29073
56310
60624
47205
35308
50357
22831
38312
88297
74236
39481
28380
70967
93291
84212
16926
24579
7853
84185
54658
38909
53632
53461
72659
59181
72306
79487
23223
98386
85257
23716
71884
44211
12164
15016
83207
15477
97819
54414
14064
1599
14840
47855
82754
62466
4105
45675
19547
14597
47483
94408
7867
80198
77413
59924
37257
95193
23899
35286
48054
97889
14013
68398
30981
5428
64921
89083
66295
39219
49056
33337
60745
28483
21998
24090
58026
89220
23930
40618
23488
62893
80247
24469
89314
49009
96162
23890
19000
64542
46057
88425
54253
75477
46996
11982
71506
84649
82612
29863
86993
35261
12453
40331
27924
3140
59304
59767
6857
27277
74608
15798
63616
32210
39249
6506
32317
2815
73102
81799
33442
93685
51840
91653
98213
98820
91789
4027
14863
32929
17641
32936
58840
51769
90777
47416
27466
5517
24080
37647
17479
78582
7185
12592
49073
29157
30064
38969
35506
68803
51751
18173
4985
23112
60200
46323
66541
71020
31993
89543
19458
10684
11407
4190
89872
42148
52483
93460
33564
328
98029
72086
49825
24016
91867
10596
13886
97070
53335
94989
97206
51260
19390
7707
2015
51453
38352
822
91481
36991
99459
8423
19740
52760
19297
53052
69240
4540
1593
83724
60303
30141
62449
32769
40523
45309
48333
55617
99023
84842
15093
85295
99382
61033
88069
505
50566
9810
79217
26968
21917
30330
6618
31118
82223
22132
80985
15257
46429
7258
45213
66890
27578
89074
46109
57970
82165
97143
60116
90942
98034
65664
14019
87012
66637
32976
7094
30130
21242
93136
493
66689
53292
12418
96698
65488
60722
15109
28948
77691
11077
1429
41282
16831
67381
74220
40505
7893
33378
86408
12160
87234
23292
7010
64821
53072
18665
78397
26707
4985
89298
33389
57583
13710
64533
29065
39226
40833
85722
14524
14771
58274
35224
54456
27979
814
43157
61788
92133
69061
97118
23164
95267
90746
34581
85972
15971
91233
32942
70868
96089
30158
96445
72902
57920
23683
97571
14952
47579
94299
62816
47207
22079
98675
90691
75402
9927
88602
30532
51364
42712
74727
92595
10994
3860
86921
20028
94066
63167
52198
50091
64271
46464
2348
46995
67505
5096
63243
8535
27791
52870
95268
22213
87489
41517
13056
45244
53491
224
55859
691
30851
20535
57060
14826
70671
38590
42422
19957
55671
14294
28592
46121
46269
88927
72017
16760
64327
83905
45925
65577
16521
54942
24078
58125
46876
71230
23621
33223
84097
93945
22810
41902
9352
84193
95862
68268
38377
89299
34928
18025
88866
95749
6246
7525
30737
2399
68156
90787
37669
68435
96298
81359
36292
24675
42825
56361
9451
7486
23159
54512
8261
76800
37591
42796
32221
90604
31242
43164
13957
30701
2254
56802
57480
1594
37884
34199
88777
12551
45709
94458
2176
37296
48499
71259
95722
52468
23811
86222
73279
39160
26038
23367
15786
34270
26880
17867
71663
95312
4935
52251
84174
11441
15930
7435
61418
14723
75154
22227
20518
89728
37092
89754
37193
8035
49407
41297
45365
9105
19362
84985
81517
96532
89421
37416
13563
12875
24071
84397
3872
23050
89352
14908
77927
23667
82026
55036
22983
91912
90099
68119
54996
62069
19669
62569
97604
18240
7308
16191
2805
49021
10353
44741
20723
32123
26303
69710
38181
22122
29728
7182
16149
32539
93885
12819
96755
18445
38403
85419
43478
83923
77426
45537
74182
13696
41282
98878
55542
50122
18159
29199
60042
62387
16705
53561
40066
23180
45643
27483
36246
64173
69463
81865
83468
96743
19101
29601
71501
60240
63223
50794
50286
53228
21985
30449
64156
20474
84824
3590
50572
67294
45248
27660
46511
94330
90483
39024
54816
92976
44619
99461
4803
63156
55259
10028
65558
17058
87524
73267
41039
88722
92075
61170
22847
53362
68395
20151
36273
99544
25266
93313
33990
336
69898
2376
34973
45180
65291
32151
44103
29197
28514
84884
8089
66082
93380
52095
67781
31437
34782
66834
36885
87026
76031
45379
71912
32028
66863
60846
93869
71483
86733
54148
19126
38007
49253
26773
3072
14952
28894
57389
47526
11689
21061
99337
77597
70589
2177
79325
46132
97096
22912
44550
9237
48765
75927
83195
32200
9079
14146
43537
61156
47641
47883
76067
61628
96579
9456
70706
93193
44660
44147
28075
52929
21283
18475
77556
10436
48944
57382
93499
22745
66104
90977
45826
45322
71515
1695
83439
51816
46710
23629
76142
15508
4349
68858
29947
94874
99236
50459
14763
27902
22642
86857
97735
90020
24859
27357
42244
68874
40468
84138
613
67884
39058
53263
68478
30287
93097
20763
7577
97167
42162
53434
13284
52786
95043
18385
22239
38911
48678
25689
49454
98503
96717
55560
33138
38078
20308
80977
72605
31972
35934
70512
49347
42115
12592
54138
58489
51096
87995
20799
70646
35841
62646
79111
66516
2951
31786
55057
51506
64768
89734
41833
9203
92783
82993
69639
95950
21489
96652
44325
52304
92352
58348
52266
2630
56338
27476
88665
93051
77590
64500
82883
95540
66723
8035
83285
92648
25724
85531
58724
35427
84004
9470
82630
49659
49526
88728
73627
76126
54917
68209
65918
17989
456
38650
19839
59202
71164
98349
90796
19462
9424
38197
27283
40934
4251
13742
88734
97971
1418
84203
24192
94363
24495
95386
93304
98648
52907
96819
26460
60325
27647
18431
88200
54322
17377
59483
20781
22443
67392
76694
47333
217
7556
70357
91369
39112
83672
10357
44638
20169
70880
15518
24392
41463
17185
14023
24810
85928
68741
52425
2582
55211
25798
13730
11228
87630
36739
62316
23811
8072
7149
51902
86728
67672
33645
95169
95598
54063
46462
88215
75160
51901
33961
21383
89121
33655
90495
51463
63301
51008
88990
497
64811
17895
506
77548
81266
90220
38581
39590
83141
51492
46129
70007
95836
11374
1355
59281
22948
18947
74303
71751
93791
99254
7984
37198
8494
94403
82296
89664
19405
30808
93770
13071
15831
5981
39797
57117
34818
7847
7044
24592
98524
21578
95333
63560
62738
4722
81312
85579
33815
90775
64854
64110
5489
10163
24376
21959
41369
96901
9614
96860
49590
28352
24845
75329
91520
86340
50750
10230
44627
27806
18224
48509
14306
93400
53489
97030
8197
95637
14519
14906
74885
43185
30121
43599
46089
14090
45831
94317
35309
56411
91971
22630
5768
94697
83772
42099
68127
86337
23440
92208
27808
72788
50254
31373
79467
21845
63234
20694
55562
95948
69692
32032
53881
405
56174
43916
37
7625
58412
96726
51433
70020
63956
20990
17803
82678
53574
40242
39767
82942
83071
17610
53037
95880
3137
17166
59870
57751
7465
37755
56708
97470
59937
22549
96951
4086
92286
3059
2472
27354
63566
96399
34275
51013
95882
71655
13737
62421
86974
73615
65508
42238
35863
41995
38285
35993
22840
80249
64288
61885
87549
42784
83978
39326
12010
13839
62965
4888
9491
83464
90430
18387
82267
17960
89024
38671
76861
85801
57650
99792
98196
94189
9140
82713
67143
75379
28959
37961
71010
37154
68889
71228
56048
20941
159
65694
5647
41965
78188
33087
80581
35908
38653
54427
56123
8395
10828
77997
10492
94069
50411
24669
88333
93377
29386
62071
71964
65101
26714
23303
57372
9583
68223
78132
85229
24795
50420
60065
45860
45577
30286
38948
4975
2845
30720
43250
95526
97195
82111
59187
48
85396
58263
22212
11236
10496
11700
8188
49656
8304
93424
52504
64831
17449
25868
44821
22069
33795
98557
89069
39514
68488
71199
58404
8992
77828
75895
94458
73404
80560
75826
49057
79428
35883
26012
51064
56876
67829
91499
23120
34336
16797
2116
45673
40410
83203
53503
3108
28198
12681
31049
54228
79896
48943
46383
55422
50236
10643
78816
86116
66084
37221
95915
40970
68260
46513
28873
56126
59171
10824
65446
10776
3338
60500
6524
65798
988
10717
99151
25538
96715
98365
13142
16675
30738
49784
20736
8169
88571
30701
47215
90672
86995
6666
1488
86570
16005
27752
71739
83765
41839
63372
13562
89248
43735
69990
24593
69120
19046
59866
19297
38883
77107
40408
69840
10170
8851
87440
53178
98750
70782
47800
14890
82305
38247
34551
47337
45147
90481
41983
62255
98097
26095
46291
10680
22089
17150
58166
83458
12388
12021
24430
69499
16421
45459
77763
28029
66539
91990
70753
33436
30197
47588
42906
96720
87063
12090
40355
34288
46111
90189
2651
98112
58859
88170
75140
267
77557
55562
86071
547
904
91327
8741
35848
59627
61052
36545
46139
25900
39185
69807
39868
59447
39819
31683
81520
89765
8546
51421
51932
85227
65108
55778
4087
5241
42289
88169
41848
69578
34098
91136
87770
10408
99401
99675
68313
26230
98717
52928
33226
56090
33677
86368
91792
45525
61692
52334
4621
5405
31701
44439
94029
82998
11528
4296
64313
59817
17232
32950
22001
42828
84881
93196
5542
33059
88191
2362
48797
9063
50360
76807
78604
94294
63205
39644
14529
36133
49287
44137
63186
13929
53998
24951
10917
21535
82602
60080
54304
17935
53985
47297
36740
63589
91054
24408
41657
34750
42674
13319
90916
94641
91765
23246
96250
48824
87825
93988
63820
46752
30702
17909
73661
60709
15125
88292
99559
77139
90728
50859
89271
98329
76779
56521
98433
59453
48096
77482
89819
56542
25171
96900
11937
50857
14405
73560
23764
79448
4961
67014
27711
98200
42659
61381
30746
91457
80965
44097
80145
63122
56211
86142
77944
44594
36540
68192
20735
41500
16204
86521
13845
21076
38537
32051
41802
7042
33768
96231
38351
23826
72538
98164
16913
86110
45124
87383
37199
86451
47991
99866
45777
48981
82222
16209
60226
84843
70818
40962
12269
38454
33970
98325
54337
83626
55586
50600
78665
3922
16408
33247
8256
89581
81772
95586
62594
2669
96148
13718
67445
80134
74055
57738
81888
26870
32794
57664
42033
99181
84572
59086
54252
69813
72622
40712
15266
74783
13402
89900
46239
87705
45088
33992
80644
2189
4662
56182
95100
99851
95974
80399
83813
1221
57302
61027
41130
13526
99404
47228
4418
17074
94640
16646
48927
496
73700
92739
96344
44905
35726
3608
61300
72127
96504
19168
88945
1779
88414
261
32773
1401
42862
86526
18728
81917
33597
30627
51329
27906
81681
14566
30191
71916
43832
59134
81711
95960
2123
17246
20416
93848
58891
15962
47239
97401
88605
48570
56506
59016
72462
42255
72081
38344
27674
29603
53767
54742
35292
9205
59536
84760
89186
70444
14204
67858
61166
1291
55916
78704
15313
43637
11436
43998
57236
16873
4634
87487
11061
82953
22990
36385
49155
66527
18655
83206
41811
49354
6771
79496
11615
96843
25927
26897
19192
30858
62720
88009
31733
870
66179
48828
64423
73477
9142
25354
48800
64017
32552
3519
91985
41999
22025
89763
7440
54332
93074
38834
71367
18705
12250
20746
90458
57481
2870
99015
86112
85854
12624
24429
61304
69001
16612
92221
48229
78107
40745
8767
94405
51927
77735
85962
23603
33765
7089
59010
64850
12538
31482
63254
84839
36787
22743
99036
90064
84686
67105
48555
2509
89759
34336
74480
91657
86892
61910
16778
97192
99308
64052
99063
25726
92987
62105
43388
72889
8528
59714
29702
20908
14319
87779
10106
50729
89839
10636
80464
84337
91567
68486
54822
77110
2806
64488
93975
47941
62734
6329
31368
10629
22761
39038
33919
21094
82699
72547
53223
50256
25868
7742
14596
64800
56286
7049
1927
43026
62767
71988
37
95814
29800
48714
10100
52054
61518
18391
38928
91471
4349
95236
63076
33807
21174
84058
68582
64705
85895
44588
28347
19354
91081
643
97066
94663
82207
84511
14819
97257
40266
36554
20508
37710
24266
8127
68538
72565
34618
7519
30759
32759
44817
90595
36514
38160
58472
96614
9221
43536
72622
4510
67000
83161
84806
74519
75895
41032
76563
84344
67733
77728
57458
49834
22042
14248
62693
16385
66184
88967
89743
89270
98062
41151
4336
22161
94492
94664
77113
2708
71127
48865
71531
37707
92515
90674
56855
98726
44155
78647
7288
71789
20250
58351
36089
46637
45652
51051
39591
73208
51771
55053
20497
62948
20716
70095
67345
48858
97816
74010
64953
60567
4042
95535
68483
71196
11664
33911
64987
29423
63063
28562
67858
81985
62965
74066
1776
14352
91987
11015
1964
93346
84391
81364
71129
25672
42841
46117
37135
54775
64968
94600
5098
80256
30538
61521
866
29159
89307
60070
87994
17584
10140
46258
98001
67120
24758
27009
43308
73500
89584
19431
49877
18246
60838
70237
86829
91669
15068
39988
92604
96985
66984
31098
10734
9555
97891
70415
96140
58888
67599
56339
18318
312
49898
51616
32166
89676
13132
16013
27723
13755
98423
38761
23532
53514
25291
62023
74631
91536
99964
20255
6869
6071
15841
22523
92682
10761
39421
26436
5778
64438
65399
44289
26434
12630
25836
93241
48497
12706
33298
94073
3930
75753
60244
77251
42743
66994
10891
94352
17940
69830
19150
70541
34687
4496
94073
13852
93066
95941
73391
66016
2167
98544
94128
11458
43206
33883
56757
31063
3851
74154
23325
12167
83644
13665
76774
23732
49881
76378
78628
65804
47185
75256
6143
44811
75094
3761
11923
34579
27227
99446
83485
66058
99018
72663
12471
28657
34899
44997
9475
78657
23835
65847
70224
1909
46353
5534
86303
89562
54318
30342
47298
1751
39186
25291
13575
12166
34303
78816
97352
49874
7085
6445
43303
20907
67904
80653
49992
12810
57900
45873
18857
13167
41213
78287
36775
38210
64151
15699
96710
70310
91194
20837
57823
12496
25017
46175
41243
56738
30676
22961
98143
78018
28119
97314
32396
5303
25195
70462
16865
12147
75877
78076
73444
11821
14568
36790
8093
72051
65090
38741
1957
8578
29208
36179
97542
60973
29780
51347
55143
92509
32510
10215
91355
65017
77070
90950
50978
54623
74602
41889
94277
24915
3793
62605
46795
63304
9866
47433
93065
20760
18963
60640
51278
27501
46142
28633
69539
2829
5546
22372
92450
37722
5771
65667
80541
3124
20172
61544
32803
57086
63515
98383
10172
28297
44723
87791
28980
52351
74152
40093
41766
81958
90440
88141
56019
93550
77717
97573
20535
784
81089
24275
41323
1100
53061
55929
12183
48870
96251
478
73554
51206
94993
19254
13337
40675
32954
8376
18176
62532
5300
62258
45507
40292
45457
58042
60173
22272
19142
58790
87171
43081
88933
1993
44545
52285
38953
83368
446
38080
50363
53425
52541
4706
89409
86997
8035
80538
22805
70998
68178
56096
46748
75253
6836
73150
5457
8198
52800
47531
84044
20823
58062
16495
49734
86944
52133
77170
97303
91845
61794
98107
55436
40432
15980
53321
6408
91353
94667
87774
66921
48237
55605
64362
26549
20931
76969
86137
10467
76604
99063
76417
13092
47574
38854
67055
28824
88617
69211
42874
85771
1754
69040
6909
47997
96766
42280
25339
13615
75308
89556
33164
14595
42288
58796
79855
3170
2344
83137
45586
95610
53827
73468
75039
32040
53669
29231
97055
32850
73481
7347
53231
18484
76170
16521
84726
67183
94364
73358
40275
47389
13326
1278
43280
80749
98033
66982
62569
47467
64877
30087
41266
95438
12583
75267
23152
36438
64495
85439
90689
31562
3850
4094
20762
99513
4186
98095
72963
62618
22457
36546
80951
90135
95699
59305
17528
53130
63159
41509
23822
13435
25856
34130
21408
88446
70764
58302
78808
27145
29221
59699
30171
25469
13164
69494
76813
59406
74323
1708
58881
84558
3396
53026
32239
60035
68279
39371
90543
49239
68179
76938
25828
23691
12338
95294
75503
86584
17719
75330
33784
36947
90706
43056
72685
95260
85584
89027
83234
26734
78869
78968
74956
91547
56212
82900
20035
91346
17138
89405
9006
14371
50940
10297
373
23005
36596
28092
82005
20314
18494
33695
77579
94448
90161
98378
55996
43806
64510
28940
41166
53135
31291
35034
23967
513
30219
62370
76382
82428
36133
6558
13886
43153
15148
46822
50952
23673
85521
21051
65188
86668
70541
87191
95316
34976
38085
93447
68995
89714
10906
23390
15243
58668
41748
29074
35714
44579
77070
95158
39331
19470
84167
84847
48633
38276
90171
9314
6440
52662
14973
87641
51037
9188
61592
43397
16397
36305
1947
40534
23051
66460
76307
44778
53946
48531
27414
85329
93117
33996
30992
73010
7883
9772
26148
60573
7519
18135
5517
32531
62580
72436
86902
8740
24643
52557
31849
9003
34130
36989
46008
83152
109
26340
48202
8569
71957
61931
17699
75074
67796
55946
45923
7844
59758
25965
29921
89398
31596
93622
73050
37815
9956
77491
62764
1697
14737
73456
796
68624
17077
84225
46604
42400
66723
27882
75313
56938
29183
67011
89675
89822
41961
81835
45938
35747
10629
51557
83259
7364
90265
29740
61409
88388
22509
91927
7929
81897
66695
12926
89862
54955
68603
77392
16807
62003
57133
76915
59458
89551
6493
39581
48743
26837
15300
23181
20956
89344
56324
82967
94578
90517
26252
54902
2756
51361
69044
17361
5035
82257
79329
91342
23807
88759
99532
30943
75805
72740
88696
43462
91873
7407
30895
81503
95897
94499
47157
52791
44537
46624
57734
27203
77650
57981
5920
71681
93845
70789
99012
46856
20844
31084
50098
91597
35441
47831
32555
64355
25632
53999
1871
70975
17544
79869
1193
81162
91758
2549
65330
71497
89486
54272
40896
68910
93529
14013
79822
65405
10872
61763
65511
7966
5671
777
4233
82718
52224
71421
88659
96125
79192
3581
80446
62690
37815
33196
15521
87198
32883
83589
11441
88084
75119
60279
28534
70311
84338
87594
14886
68948
33178
99591
36089
92520
298
17010
19305
60696
81645
95892
36997
25851
56929
31732
46346
62786
80013
2657
88353
93920
31127
17200
27808
82843
46291
97523
96574
59386
48692
17822
49503
10779
19285
51908
34566
73806
98331
97484
59545
39699
23853
35369
11011
45288
86561
27755
17478
56890
24096
57436
172
36872
86013
32942
98966
76849
90476
50594
59690
79318
91747
47222
29233
94674
63787
52964
32746
97053
83568
12370
77160
6689
8863
47137
59219
63150
80321
56559
43713
34694
72094
91715
31666
800
47634
28902
45658
94383
37405
67898
91159
53498
9207
80802
30658
63696
96799
93605
85427
46275
19192
1486
57933
75786
22925
15777
39092
67563
44657
36646
93187
99771
17717
15023
53533
23753
68722
12293
70323
16715
6942
41317
86133
86903
75946
83597
6353
57251
52591
92122
11551
95955
79432
64734
64923
64057
78908
23087
6767
97531
10408
44669
18587
79597
89710
91555
49617
4956
51068
2394
40881
63943
9321
30921
53528
84110
36805
95709
89345
73711
79418
40589
82650
60233
61046
60312
23050
5402
78545
8716
49092
47414
35746
26596
39187
82488
48973
7786
48331
78299
20000
23579
25588
92665
85047
57134
4115
21689
34289
71011
88791
2573
5713
22863
29064
59911
15206
94275
52414
46769
54368
99064
13398
19818
20028
56429
31356
76090
58787
86188
99630
96980
668
82462
39479
70532
89858
70231
26594
51916
70277
8149
37181
14295
58168
11764
32203
84264
16573
16101
42998
74404
76567
47964
384
38665
9614
29947
38827
38657
14867
99655
82983
20724
18761
20568
49172
45634
65108
737
18308
7242
53443
96517
35453
46317
48256
51378
51179
93527
28189
68037
15361
60904
54561
67487
63878
81094
71957
1931
38574
33655
80852
27098
87804
84893
57076
29662
77100
32868
89068
20978
13966
76575
48401
54773
64766
92305
99140
62213
56273
96045
60663
84013
73143
64205
22032
64428
67066
61744
32447
30969
16840
3134
32861
31219
20848
24930
54735
6828
86816
60852
760
95614
82612
70601
25506
40117
50673
45597
39804
17410
2571
92984
52536
66091
87467
82940
74924
89020
83138
44565
17601
90161
18869
50281
53948
45961
64258
8506
75352
10470
54753
10164
18981
83922
73433
43495
17715
9134
96577
56114
75450
22508
23663
89771
9957
66758
97255
84106
33559
61299
58530
95425
21518
8721
93468
22766
85560
4544
33099
80856
86519
36961
91283
59159
16362
36579
13581
13448
5411
85737
92257
51256
31908
316
86558
44417
34795
51658
2811
27225
26351
64902
92480
65108
48572
87445
88433
40770
90892
52330
63090
77928
58824
17768
76692
96669
14475
62462
74975
15590
82176
80926
85568
17728
31478
22543
25981
62274
22647
8286
19560
51881
92572
80239
4524
63317
69858
92991
70492
85234
3212
60064
87945
88733
14352
43211
54255
64239
14846
27696
38049
27396
54684
2660
15952
16388
71718
25599
82280
34276
97670
27548
44698
88733
18503
80880
36748
48486
3679
35951
71742
3814
20573
41758
73932
49115
67288
96481
22669
8200
456
50688
34161
98651
61577
43061
87989
57641
9848
7996
37531
80046
42930
65516
41668
19803
22970
22965
19550
21333
35691
37247
75107
26505
440
34476
42961
82005
33602
44402
98587
14859
69370
56878
31340
62482
13876
14192
50232
76103
10565
51099
57617
59929
52203
60509
71714
83545
64623
39783
78147
90697
1270
12911
77518
41327
16307
61939
94140
83875
16062
22812
65284
12212
16555
26902
11160
68891
43430
10650
5863
40019
11269
80232
38056
75941
1094
32111
97342
82386
68429
27199
1116
25661
1736
92843
50031
33397
5580
42359
84868
35261
99526
59827
15514
94485
5936
4978
96340
44780
41056
26373
35233
71338
85921
62324
14356
88694
34022
48360
27643
35949
96080
83718
42607
17022
59167
77707
64375
72252
84132
6993
74914
72243
83668
51951
77898
92117
71130
10624
89481
28518
80020
43948
17155
9655
37373
11076
59497
32351
35494
38829
76125
77103
90334
9427
10177
9004
95891
27687
72266
75562
47766
78981
57502
38114
67533
34562
47567
14561
85566
69949
38598
90055
11778
97234
37533
53458
13737
91342
88092
46490
94713
38639
42147
83631
1615
21587
19005
18080
69787
56818
36329
74708
81908
83229
88710
17985
32439
44896
57943
70108
37777
42545
24670
75314
88153
82891
51535
84201
41295
81412
9774
5781
32815
81247
96338
35128
16401
75226
69948
79204
30489
24531
12708
4178
4834
92994
84068
78092
30585
47203
89359
30630
75330
43436
18961
34660
86947
82277
94105
27944
56167
41441
26798
12457
98897
11040
78967
76218
91698
58810
71761
64862
23958
31479
27802
19734
39478
41045
16213
17964
55825
94640
55157
54799
71267
89649
47808
75646
34365
88381
35134
40287
15726
791
13912
57160
15579
87558
42876
50849
47403
18219
54987
99668
64170
2031
19427
17919
37312
5437
20503
21706
30089
39324
21799
57962
77534
34422
27914
90125
1760
98990
30352
9619
19327
64221
11060
14178
46178
63591
31189
22690
4156
35793
90746
64310
60137
18452
23607
35444
5844
62182
35328
37742
61249
49215
44777
9372
20952
92231
64921
23264
29321
71638
50918
70654
24392
24888
2074
58319
9862
61952
8667
77246
61704
78802
14974
31183
37271
67028
31302
72249
47841
66893
4274
56679
16093
92735
77589
50359
19952
72858
44229
12277
48891
2994
49861
67928
93221
25730
40207
24356
33999
6182
61666
24547
98710
68358
64192
47143
35693
58297
63663
37615
54796
19531
75296
26692
75365
1726
74756
20354
25318
66437
22059
92402
54930
47722
15640
4127
62017
1911
71093
19634
36188
4499
3515
52287
24431
69172
99520
23500
69762
3940
96847
43444
33340
13757
9745
21376
66584
56697
92820
854
4352
82556
61836
18986
14569
42464
35081
49028
78657
35757
24526
74309
89578
87620
22656
81618
70253
85009
31810
54559
41834
62175
26471
77682
96982
20745
968
55859
26804
79237
57320
2478
6635
82569
19675
28854
81371
24802
52283
25477
61254
15535
50024
1891
86573
27166
29240
8462
88701
74438
9269
71586
27992
48511
83547
23177
36710
57357
90243
63232
37797
75037
22815
9750
24380
4374
23623
34235
59814
17760
68179
58606
16638
97253
91566
46719
61144
23920
39889
76354
83411
36728
20281
24356
26305
94244
29858
35230
74052
44928
92291
53978
89967
16773
49570
92673
24842
59956
84524
14045
2335
47017
68170
21318
680
65214
2725
733
51475
51151
63095
20114
68806
91569
89401
14034
5713
66174
41478
9984
4602
30694
65123
80291
12594
54383
15993
67035
27716
19749
27541
48940
39768
36732
90696
69520
41461
40502
34899
53282
37663
58914
93758
36169
55419
91470
60314
16053
23727
62381
33040
85742
93166
20448
57590
35726
9337
9819
96325
13058
32029
6395
29107
65265
68989
16091
56754
69690
93998
40512
17870
87336
60950
70879
30638
48803
42817
83418
26471
3025
1738
5239
80467
80066
51708
87331
92779
24251
49995
96669
53381
88124
71688
68961
41158
20635
65244
94646
89018
86343
83852
99568
44395
96603
10198
82239
98846
83030
50217
68745
61390
48343
23189
2418
98092
37503
81820
59639
81438
25448
43210
71879
74217
17396
97839
57202
57254
67670
1288
40952
28086
93278
95975
49976
63140
25883
50756
67287
39793
51671
85424
83336
20727
35411
43386
35941
66800
83047
91219
94754
82735
60610
3043
86195
16797
12239
40744
6691
85220
15858
55066
7400
59554
51619
69853
55441
97509
77485
47852
7324
88262
73584
11903
54157
19492
61364
55037
16595
16472
26245
88515
91101
32581
53793
6612
38834
29314
64209
22615
53465
77559
67349
42637
49334
98911
414
59320
58031
55231
7852
14820
76229
95330
58836
20545
57088
88394
24861
67519
8918
20688
85129
91794
40637
26302
12911
22662
86488
15280
94256
87466
32950
66651
81330
25560
76204
16566
15627
49236
91061
95913
22003
8477
23017
91322
48041
80022
74138
8033
7837
18503
26276
73633
22291
42101
39473
64561
64950
75201
29242
99791
99619
798
10246
9691
14051
59672
18495
58693
1703
97141
66209
53737
36138
63592
15554
76331
29105
24277
1195
22830
43202
96499
67740
62500
48242
64558
45643
7855
91598
67777
83648
58799
39271
72181
9090
33906
87793
31849
26731
25887
17367
87623
47415
61257
46305
46565
27684
81352
27964
43176
77188
75087
72329
26476
16817
93196
44595
71138
52197
53963
72414
63017
5121
97251
21716
42976
76953
68681
91216
37994
47800
93807
80412
42612
90828
99430
92519
51882
92480
81291
32290
75238
72469
91133
22004
66513
51313
62450
25189
20211
44974
59049
32507
94585
47447
51255
18549
4722
82856
91736
46272
18638
43143
9377
72287
68860
99994
68690
55592
26829
1219
67083
53953
40492
54348
99508
96321
24491
90358
88353
43952
36604
86689
54284
97128
2373
16954
39376
78519
82769
47257
12892
30574
48492
3863
10535
91113
67372
49835
6465
38837
40845
99652
46941
42939
98188
31020
89675
6320
55739
20217
19975
18764
87594
92068
87184
5241
95822
21862
72719
26909
67807
82436
73971
91798
93850
78367
11901
37726
51456
74829
29633
49658
24505
68323
63605
85820
43222
15149
19514
65605
23361
41570
52094
39815
12835
53623
76625
42188
3951
39672
57656
75940
3014
9086
81931
60853
13102
76660
22569
23245
74536
65154
6079
6758
6792
87625
96189
70700
56995
11334
98179
26582
79590
77814
71577
79809
10023
37382
4606
99432
22904
44764
83855
73056
79741
24631
9363
84243
63985
78575
90247
42665
19973
85464
14490
9713
58526
18422
40153
29548
9270
13626
68698
58172
50060
70554
51884
82967
22791
69950
77269
49600
85447
73057
91715
15653
14268
86885
81842
8279
51491
49668
63941
48710
1967
35502
23706
48877
88399
47077
61256
85562
72519
12670
42844
36841
46321
62900
67014
2887
10128
66132
55845
43128
53249
7300
28771
43341
3483
98980
25999
32933
28055
65700
13760
58450
66970
66373
12839
73690
273
70552
18618
89275
10978
32894
91295
89747
93359
14579
28724
28576
20774
50446
91528
59286
55794
91536
13499
37594
52709
51302
21106
49592
42971
6715
48479
25331
60146
80415
78049
6410
98822
89336
82460
24642
70541
73704
40654
88320
44841
70383
44260
46837
17208
82845
83259
5293
78902
87088
46033
99218
59316
89278
59668
38543
13873
11545
81045
78947
45724
49605
72554
30119
41372
20956
41777
21667
78853
84374
34328
97560
13987
1530
69858
78903
45866
2343
29736
20893
69817
81275
95337
19174
5161
50080
88060
97041
85473
39578
78593
13853
54330
50511
37033
74155
49231
30013
4557
1171
58554
66746
83048
62800
30868
51430
27141
88455
57386
60974
80587
16305
56444
88606
21973
30785
33402
18155
48457
34293
35254
37173
78671
83755
93607
28317
4951
48628
42695
39369
26147
17044
52813
50451
18332
11616
80781
61318
8712
34431
46222
85607
40909
28850
9727
12038
55283
67443
1476
271
31556
48869
84695
57396
8090
50639
72359
38671
61883
79832
91537
28573
77730
81405
65183
5296
5808
7148
45494
33350
72387
77305
37933
435
62583
84760
50880
30421
73656
85288
19010
63491
40783
2658
62787
20481
28270
71391
82499
27176
33694
74953
69734
87613
14022
15654
6182
22343
25456
1963
2402
36362
70854
17703
48143
91672
64086
55089
77436
73903
70909
20856
75789
61529
2525
28355
10012
66226
48043
68335
34869
42176
12791
84514
49659
46801
51346
64569
48501
88599
5442
64544
63784
42915
45225
88552
53963
74519
44079
51179
37398
73190
15853
72411
1786
56349
35151
11751
73106
73366
61708
23119
44192
89276
18472
27393
67394
94098
16266
54808
29592
94540
33557
72884
12693
58710
69781
3599
27728
74262
42473
37950
29004
25979
6788
9900
27183
67690
62637
65193
58544
30524
93746
34083
12391
96494
86412
71246
68621
59088
59544
79160
7033
92387
93549
84729
98413
38328
73431
94888
9820
17269
67399
94526
19257
14176
41369
17724
96266
3910
71715
90790
65773
67283
44804
41432
29461
88042
93780
11633
65148
71257
62580
54130
30825
18560
99619
17156
88385
24023
87097
80514
35664
81676
27420
54058
9959
29167
27474
49168
54138
22607
79382
44910
430
949
31301
56163
42718
66690
77996
59245
70004
9297
37751
50790
86370
80816
17578
52643
56755
50780
28646
1555
46472
63042
7067
39055
92450
3969
74929
95391
97714
23044
24745
24793
16042
54132
19713
90322
27805
88142
38555
98829
7579
13648
39966
13219
45571
5563
19110
79617
50311
98895
77991
60827
92796
52416
54243
20306
26711
40117
24658
15060
85401
72725
69899
31550
1956
19215
16704
49277
26468
30863
72368
93847
86683
39335
73472
59643
47446
90347
4037
59095
23370
57946
29130
4626
62397
55016
24851
67686
22516
7653
59608
88407
38058
90032
72117
48703
68093
5460
52442
63035
17557
61259
43347
27699
63468
80026
36378
29351
81862
60996
40483
53880
74525
86298
10022
89399
13970
11746
27151
74745
57253
79298
7069
1715
51429
376
4023
32174
74959
94131
61864
79250
87217
74467
96187
81476
14370
19289
26893
15163
82577
48022
73538
79898
50855
60447
27542
68404
53459
3041
32972
50612
1510
2718
47550
37935
14544
57609
30500
7944
51712
34797
90200
10902
44172
86195
93928
62995
61318
81618
61920
87028
18035
10957
76415
18079
68053
32570
56104
51499
31310
41567
9022
82197
7405
1917
52867
15546
62629
13005
67241
26316
39843
86629
39711
49371
9856
48709
95613
40340
45534
32404
82293
20006
12264
61326
99011
79574
68503
13235
7575
19836
1483
9050
46296
21395
94475
9524
69355
58558
47598
31874
6548
50574
32239
1011
40243
25296
65706
29819
40314
81370
10876
53771
39080
15140
22449
14515
42635
66837
80321
56016
2561
17433
96489
60735
48165
90955
62951
35411
24875
92089
25996
86359
8491
77385
54088
97235
94707
49768
33955
77130
94653
26197
13659
4592
14309
80242
51270
78065
34105
42434
58641
10512
58597
41276
77604
84785
92904
8762
99211
92891
1224
16267
54185
49681
43253
68949
12599
41771
61732
31659
96038
67191
48195
42289
64278
84282
57381
44964
18242
10568
66538
60192
74545
13455
42652
24060
43137
58407
39144
42815
85432
92493
89979
84651
57834
16012
22292
39717
63410
32899
36837
9590
61746
81120
2145
80082
49524
68092
53746
22240
41411
23570
58439
52625
31551
77052
62612
97002
48878
27045
10213
42783
68413
9724
76218
73633
23009
97816
51940
21663
46342
58656
49149
993
98763
20390
96589
2093
70577
53679
64363
54888
41957
20808
91941
79091
54505
45637
53660
48185
5435
32066
38480
2048
28963
6454
76554
64893
14042
37351
16765
65683
42414
77355
46228
49885
45517
85171
97374
8674
52769
86561
83612
254
94669
92234
82325
8673
10920
82423
54582
46910
5905
65111
18895
56142
25110
78286
42753
71465
62398
74595
96429
86305
49458
49380
41326
94286
78107
26132
38429
33830
26941
29896
92812
17077
92709
32522
47137
87227
42349
76263
19467
21087
23324
3153
11663
29586
19955
94234
62311
36074
68143
11873
21334
89174
34896
76546
4991
71178
52645
59332
50508
80354
53077
76088
80002
15070
15879
75248
90342
62507
94324
2987
94458
47486
69506
78992
3016
39323
94190
72438
44748
49840
11182
31292
77956
22052
84928
64927
59468
50294
21030
90323
28336
32678
18946
17992
15862
62590
78847
84810
61888
23707
1944
43038
48351
66257
57656
6158
60669
9497
37776
19238
99342
30561
86104
49785
14246
39501
60759
51900
57729
25629
64869
36541
42356
46766
51318
32715
92086
70282
84935
77629
46009
55329
64806
41645
5204
48726
54086
76750
4007
92748
82745
73061
45916
24534
53598
6344
4202
74553
80805
92781
47082
87703
62525
40124
35578
18581
5115
58729
13502
88687
34723
46861
14079
65172
85639
52438
58987
9820
34985
74
35270
10029
92383
84448
7462
32772
68437
55366
35903
49002
84487
55653
93411
46307
84808
61948
36253
15978
7731
22774
84169
12355
27970
18153
79986
13626
54188
35247
37955
4786
70225
85667
32327
95533
14997
87351
46024
55791
49036
59256
88630
2479
92044
58236
20219
57658
21468
22143
83651
96815
79432
74027
46016
7058
46660
97628
65117
21799
53367
51605
53324
98040
44773
51583
1664
63201
65540
23514
58973
12622
89839
6352
62100
77583
81262
20940
88923
65998
13929
44546
69807
80109
69312
68613
69399
82405
56934
29725
36327
80925
36294
19814
51579
27959
94528
29219
65227
90036
32868
55413
94717
1146
10683
82034
36360
28200
42785
84447
93176
54718
7134
96928
77179
85025
16021
82206
78265
782
71132
57881
49124
29882
74999
26414
53507
8018
59920
34394
27438
62519
4675
16209
75023
88085
3990
45280
83096
75023
43407
39551
28846
39808
27518
75207
48211
26395
26510
16011
57609
30133
18265
71448
77774
42468
22387
43046
15166
43461
42040
61373
8168
32704
6680
45453
5112
34052
93388
50318
7449
24390
20899
34886
45116
10410
75576
58579
99192
73157
19015
28258
6596
74539
50017
45630
24841
77218
47219
98
16463
34015
84224
66130
76524
34830
57082
49522
49475
1217
61870
31430
80506
31811
61793
45498
55995
55881
24244
81740
13173
2812
333
60271
83915
20195
89304
20864
43362
64468
80481
1587
13435
332
1461
28874
9228
77072
30511
39612
83913
94899
64927
15702
45543
89688
87050
14694
24807
35375
3378
1230
51347
50750
25278
2763
19160
86343
36823
36623
3734
46232
23378
32930
20885
90328
67688
83839
76475
5577
77756
7009
6558
95727
89617
34485
14631
28234
83810
83543
85393
51521
63404
90376
93759
71768
82891
36945
37682
29181
20749
53621
36447
38079
2593
50204
23277
89543
86205
83377
25083
84207
91554
17817
94818
42953
90346
60849
36685
58113
88221
54545
95406
37268
76393
67301
43302
26814
70909
91796
14993
37529
77509
2071
93377
22720
29855
10914
15260
31228
78367
2079
73844
92968
27186
12435
8215
43400
68206
96437
70905
42062
30378
42230
4748
47333
14936
77129
20459
39189
39566
53694
57944
84160
86646
77927
88123
97112
30461
76429
30716
96743
93460
88411
22233
81461
99713
17100
84061
30301
1299
81787
21395
38508
76
98905
98071
8858
89298
30278
44587
68757
41597
17490
83052
82769
11803
8780
33983
91311
54371
17557
84888
90427
1858
37965
3487
48947
58056
87681
50997
12287
99130
56138
37874
79957
63062
70412
34884
40759
27770
11514
98157
16187
13352
12564
24870
84719
32920
36291
25978
20558
78127
7423
21637
81387
510
78306
93486
60258
36489
66761
51359
44886
79459
50872
34027
9330
72386
4921
12789
70049
94658
23021
48566
48715
26787
10589
66299
28416
80792
98149
83833
81565
39894
59105
61023
34277
99100
12041
97108
37147
53525
16055
59808
71081
36263
