6913
82631
94217
45668
31305
69741
41952
41738
95425
30155
70132
69095
68944
42803
48208
35811
46192
1230
59778
18233
67746
51847
87459
48729
85781
84418
80808
63209
10265
71494
40885
44726
38620
11819
27902
60989
51830
54249
60158
7610
65436
34388
40988
92124
70123
75001
53213
54998
37408
25120
20715
92466
28116
83496
2855
75573
39899
97690
43251
1004
61459
64087
90070
24256
12876
6203
51154
43859
98765
33741
61651
90482
17075
85177
48158
82912
13811
22943
72257
17460
24393
72882
90759
90265
87883
72736
98372
94795
61254
82892
25195
64192
80890
82259
65474
11241
35105
8529
57075
40880
79752
11288
39838
22978
16511
42378
73393
51898
11093
21066
41193
63859
35184
16321
28849
5717
46814
15424
31803
29150
23070
18635
31795
45552
97827
87149
87926
28390
73522
6153
66978
15691
79958
83300
38272
93257
48982
73807
95145
62569
24663
79683
42383
63159
77283
24375
26858
19883
1724
85857
5916
33168
24338
30120
18878
60329
7954
27420
64631
23656
10332
67315
92627
88961
89640
17125
72111
21655
23211
15019
3143
19845
47382
37746
82125
24461
59436
55967
58395
46528
91640
25721
4861
80862
71178
27176
34392
31093
12140
79788
66453
18446
17405
52576
25784
50002
65166
98499
78437
10353
80216
28007
92605
46476
21637
42063
17925
9554
87155
8232
54422
98509
77046
54476
10854
99370
16360
18580
4108
25749
55299
63915
28746
71629
91781
94635
6713
4400
65495
42697
92282
27529
36378
12931
84224
9211
24804
363
70635
53435
39416
99280
30368
49109
81403
28516
57217
20540
88500
69387
31227
64601
1060
35098
92520
60411
79013
44007
24021
6390
26880
77544
15786
40612
56844
75703
77906
62229
51712
73909
57201
86322
59132
84609
41525
99043
90541
7160
15163
53317
64087
42104
86596
5037
30345
90042
5747
72440
27082
42635
31386
34735
11915
35497
38279
25330
11650
91290
23351
60097
20904
78987
85368
14397
27771
35548
77108
92749
94808
42712
49318
87047
57115
36764
15922
16728
55313
44728
15471
20698
46597
44770
44680
86947
13444
81376
75101
74437
93700
70391
81472
14791
38344
91935
88954
36559
41160
17928
21054
33324
58879
57682
58296
35330
8980
45331
50676
25237
3762
36252
37761
40534
13644
55411
78253
35473
73138
17710
38694
57306
50248
15055
32784
60642
27617
90380
943
39542
40485
14092
20396
47597
28314
47912
16095
91515
84242
95447
19189
17304
68729
92843
31767
76298
91148
99916
72038
72520
13612
89359
37746
56847
3854
61437
25917
88096
57158
54775
68212
85160
88767
69950
70811
36212
52131
73595
84094
80036
71225
97175
72690
98793
22410
6801
96762
51471
912
30034
36255
10865
11009
84385
96158
72567
39637
80531
5313
36137
4511
33467
13477
85522
48703
24628
92176
73825
34623
75701
67740
96778
10770
63827
340
65530
34315
79722
43890
48386
43831
12913
4249
29436
64941
58423
67826
19335
38462
44181
59786
71096
10518
49018
64122
89793
62324
76470
42766
47608
11631
23450
63295
52136
37463
87010
40417
31537
18282
77564
65021
24407
39525
3414
57592
57566
3508
43076
33464
86023
33428
5183
80645
10953
50322
17401
9625
97352
25520
36183
53072
31377
5782
24925
66741
44261
38768
69203
16895
31140
30131
58275
56160
80155
70901
56161
20045
57211
29625
18128
78609
44552
75672
2094
11348
4751
61282
59309
71733
21503
98073
61138
85044
14082
47845
52279
95035
36058
38763
73831
71470
44996
78636
73336
848
34383
99788
55462
50875
56608
9892
41860
2782
78878
9244
80077
38001
91564
5497
4621
57363
26632
79670
28337
73074
43515
37702
49383
52587
97707
82251
50597
88780
5669
54533
68131
30286
43273
95068
32394
27048
8649
16127
96861
88896
28317
41585
26048
97710
11852
36085
5538
60730
62356
6945
64241
73048
46753
64680
49160
21276
86791
20335
33641
54344
90130
65585
33395
2697
81056
64004
26123
25739
3340
84202
58362
43410
36710
21447
53003
67858
55220
39001
82081
21365
63220
13745
32121
94237
58772
33475
68925
5933
12801
3398
94247
70571
31818
26399
94383
83258
88835
66872
36831
55974
42453
39466
65530
77546
81980
88292
75328
41652
29704
72402
39792
16153
21839
30379
76616
50119
74056
59170
82877
520
23673
79991
27443
9467
83117
42090
27471
11080
61073
83307
26095
47368
66393
83519
27259
31289
10098
78422
69986
93163
50187
63906
86280
49147
64839
77898
76495
50011
9635
89213
68731
2208
59349
28663
84715
10181
35456
14936
65334
44593
56262
90104
10845
27486
51408
64156
91995
33838
89144
60969
46444
56221
92944
68102
24475
15981
42386
5042
89122
8791
81560
28299
80213
58794
27273
20245
75261
26871
41157
53538
47504
25917
40009
64203
47364
74742
19019
54584
29839
6126
15736
55794
52876
47687
6646
48535
25155
5984
37093
45032
8304
87936
92178
14084
86714
55108
63027
32805
4958
33825
13727
67563
71907
38567
58049
64399
90270
39224
39180
8388
63202
39731
97608
56835
76502
92360
62529
4166
32234
61366
75430
86784
34201
56738
29923
70739
53035
23203
20
84922
94291
38700
49556
36246
50747
51485
12231
42951
24388
26957
35081
79299
11039
46653
58276
24726
32736
99567
79446
7205
68839
84897
33152
66374
49192
74386
25601
74693
35726
468
92209
91976
54229
54993
63823
92176
56354
84089
58342
73305
57197
29329
25146
73252
34553
12737
85163
38038
23277
51761
90556
64579
59142
89811
99855
25288
71364
18977
34603
30490
12630
28266
49732
66082
1721
67333
92935
88805
8041
84312
9394
81165
41052
34683
52253
82282
56333
12615
15964
84600
65785
76284
56683
69677
46657
47405
71389
56061
74114
42260
24267
73057
14141
9823
81449
71383
11126
91544
10301
21899
81278
29416
39700
82061
5903
52300
40594
71961
72225
49515
8550
54041
98518
49496
25274
80000
33696
26206
86433
66517
40950
48690
5120
46617
34719
34497
16511
81838
16232
46209
45547
84637
78034
10258
67242
40215
7368
52397
55142
15103
2701
32800
68790
13064
22937
42878
87092
66511
73480
52892
36727
45575
40988
12558
29369
79132
76837
40609
70713
21221
62237
65913
98842
87259
7082
86088
81009
76972
66892
16229
47305
2456
64526
50827
16523
6325
60123
89463
12208
60590
2382
33826
2976
16266
84573
65336
71787
72264
6027
27061
52943
58138
56352
34087
74302
60626
23109
10883
55221
81706
97729
31843
71596
61323
42858
7174
57908
33844
76704
57849
46192
53044
24731
1631
12614
21599
37000
62544
29096
30747
6394
28944
32991
4037
73719
89757
10598
70876
95893
9822
5248
29634
16813
63114
95655
24176
27247
65479
62198
9745
80906
39490
60888
15190
27487
24973
20268
89436
10891
70940
68878
67440
90509
4463
48093
74350
82383
44240
88512
65993
24260
37636
43888
92108
5193
52695
51083
43123
42048
28087
58152
31481
89570
29894
73463
84996
60886
44418
45444
69526
86859
59928
42142
21079
53100
10542
37616
97612
16166
44935
10130
43537
29347
57630
2918
12952
31741
12799
18999
25302
83308
7393
36983
10760
17587
71531
25615
94950
15774
48477
81156
48248
71690
30530
75395
31791
2948
45729
50015
71539
81898
83709
84750
34244
60784
37364
14109
31028
55482
11091
44319
26372
6988
67818
97764
22131
18081
23671
98596
99902
78269
35171
32946
63048
73121
56196
39473
65245
69024
56463
89293
60995
79953
77983
66018
12866
87651
28576
78628
74461
79564
53455
73510
14709
28068
76071
93714
29454
58489
26384
79752
41007
2334
71468
63173
727
33484
71061
82843
60429
40252
77940
16081
54314
88192
44059
38626
29943
40126
90033
23168
54650
52271
30060
97044
34889
2535
2251
66678
66603
35548
45377
51426
94317
54356
56465
51331
79219
34022
58126
47076
49765
53100
89928
35518
77825
14642
42793
39580
96630
10616
3431
56171
73569
59743
52217
54879
35560
75954
24635
76375
87766
38316
22402
39316
23203
67432
65812
73854
1639
95775
80739
11299
12257
60682
11182
4678
28475
87945
72987
81612
87876
19201
53012
914
55044
76843
36949
97522
68896
25645
81076
64765
23300
76944
77021
37879
99229
43850
30754
6139
96811
46694
42201
36832
97866
95826
10645
70381
95308
28588
41735
36448
73037
58181
81151
60016
45429
48317
4736
43962
49741
78863
33636
52598
30694
43844
58177
44137
78449
64635
39615
93202
46909
14413
43089
92055
64212
45266
58356
84186
21767
31958
28193
26184
3723
55638
66374
61016
50151
38001
60946
49011
40673
30502
64025
90864
18708
95859
34731
95778
22377
60572
83492
30329
69240
8268
5042
39689
6831
7746
6812
17015
6175
17032
77812
47509
61868
97618
25463
9641
78477
3532
26409
47227
70943
62698
97743
41924
55304
13325
73945
17635
57553
86139
10551
6215
84654
2505
95391
48759
26617
85977
47235
14241
85290
98086
12058
59249
74667
91328
38251
48283
58109
7356
18964
57301
41295
29650
94344
96067
23906
6968
56262
64691
86273
51752
18354
63932
59349
91536
13385
91103
24018
80005
64967
61952
44368
33275
66263
71475
1854
84082
64117
33498
88188
65315
96887
84255
39564
89080
85203
2343
85473
77079
88705
36147
73487
7586
85104
9845
67476
4920
14869
53348
61911
32079
56504
75088
73636
28299
97232
72298
72212
64528
44267
44642
21313
73574
21887
33012
61119
66438
97367
1510
20205
57261
16587
24044
29397
6070
61356
4499
75765
28497
64330
91231
5963
3366
13076
7572
44456
69175
65795
54322
87645
38635
79323
25947
3606
72203
88115
32683
98513
16588
82071
50015
47272
72235
41511
14319
59130
46251
51999
35165
84195
51645
85756
58380
65650
90684
95475
74998
14755
82038
61250
98112
2458
62255
47600
11419
95940
45428
33792
22321
7329
76852
28608
92088
15481
78900
15474
29011
64157
45110
73265
75486
95561
18234
86457
55808
96353
61581
16950
63362
96857
17989
16558
17617
44620
44363
41760
22257
4214
60896
92726
48427
91232
12760
20964
75268
49050
91523
85339
32125
50412
15495
10212
57296
88371
30052
42495
47990
44736
22452
3071
34970
48093
26276
99438
5967
9754
69
91611
63814
21945
47603
84494
82561
12642
67417
90159
94499
73846
82771
14277
81067
25737
35870
36936
74852
2633
59549
68909
47774
27347
1669
15577
40605
19893
55866
8362
26070
43648
97821
27031
92243
34244
62099
30785
2605
79625
99271
39197
15212
4996
99836
50712
64132
67472
67625
59614
53729
3242
82417
26527
19894
10206
84096
39909
42005
28892
12289
2366
86690
32538
89711
69770
40152
34162
23306
41203
15240
8001
49981
19435
70193
37355
60365
39302
92048
4607
46726
37685
74264
15614
41794
89676
19003
21685
90438
73099
95193
83113
46514
8643
25516
71157
86515
10019
3533
71398
23986
3349
61686
17374
6455
46754
63000
20397
62619
34241
84065
18241
2096
15592
22177
75509
67247
61149
50986
97474
80275
81457
5983
19413
68304
45955
69275
2851
86136
88836
26241
95342
29172
28790
40610
94469
74159
70431
78762
10518
88765
60689
24431
73503
74404
55891
10157
59901
27615
42612
13359
11264
31820
93014
98313
70862
17022
40037
79006
83846
3847
80958
36907
31668
82258
32449
91369
30475
54959
7699
29329
65288
67457
12428
28958
92017
64434
47284
5124
79278
52678
29017
26206
29635
76394
9538
94694
45399
13870
2847
90042
32855
32896
53413
48611
16471
67488
85845
73527
92973
9298
57635
39863
28880
89789
2143
10032
10381
59827
91972
52897
7308
97866
29890
99701
14344
45440
80519
33450
94074
63447
17114
26487
71020
1624
41843
97358
47803
49641
61260
82239
29909
79046
56759
59514
92395
66221
75779
72480
44891
97441
39856
72566
21094
43594
64291
15946
88434
98719
45014
61956
91
21035
48362
57443
3419
69504
45522
97081
48176
39480
92561
40036
18059
19209
9255
20095
84439
87533
1527
75286
94420
66288
40105
74208
68680
13593
49204
44394
47577
72199
74741
76026
21621
99455
5677
87679
75555
74299
61888
96321
42080
60880
99407
51365
17821
16806
83568
5358
73814
67281
48975
97786
86822
4059
38157
86140
67703
56709
78743
27103
29023
59958
15584
53526
2860
76695
35370
25770
76887
16765
64428
44381
12852
80452
47269
76129
85447
87455
45411
73949
86395
78459
80954
33431
40750
82428
35466
30862
17089
33688
74763
54051
90491
32653
50063
92307
86171
60132
58294
59610
51332
31667
93422
34706
29788
38489
52359
32238
47843
22954
21816
59712
92732
72232
45714
76513
37429
6369
11534
6950
65037
3041
71348
743
28249
80004
9958
28501
51797
84735
49510
84481
49434
56587
35659
42809
44335
24105
51820
33062
48234
83061
39780
20976
44174
55015
4978
84871
47048
40593
4093
68539
80946
10850
75724
88962
30486
4804
65908
95164
17266
22739
95413
57183
12839
41952
49835
46263
68010
69909
39822
6780
84102
41495
69474
79068
56485
48852
89883
45413
14268
21156
90005
27544
51717
54623
1297
7198
9737
64981
64846
82724
21923
9937
16679
14958
32407
31866
44655
72969
6058
68974
10597
96884
60606
1566
3891
79640
4162
8564
22895
51028
41890
37869
25914
92125
3976
67511
83401
25204
5025
77217
86381
20226
90606
71433
14096
89239
99301
22258
59532
15045
91985
36429
22260
9336
15387
19251
60646
65057
65032
72285
54811
38467
69227
75606
77518
47677
97160
63552
29719
8136
34064
82806
90983
17394
67622
73316
36906
38469
12839
73089
38431
8252
95522
65448
25255
21636
85136
27031
56063
81747
77587
99385
46547
45274
79116
99204
70288
21924
44273
24238
53966
92577
67477
70525
2745
55452
76622
72153
16881
14268
88910
37362
44179
49071
736
94931
86987
50120
38460
55179
62518
48510
1337
2725
87944
20414
25205
78373
44165
20554
42420
870
26654
33698
38712
44437
71173
82493
72974
94753
46475
55402
44169
83585
89638
45048
1477
87103
12009
84871
87880
69867
5400
90967
1144
76309
97356
40095
33501
41856
33225
44259
45217
24761
12574
58179
5682
82883
51799
84448
91440
25606
11733
46816
21564
7490
57933
3187
26387
60982
38995
79666
20432
30466
43202
7812
33216
56309
69773
22188
1235
48709
24398
36459
5052
88939
21616
3278
87555
58842
64271
77658
9161
80542
4094
62986
58290
8359
66248
22862
13342
93815
81651
20328
24314
73979
72472
77968
56923
59873
70889
4158
80461
92038
7385
1326
29397
47699
97677
23165
87563
98962
86363
73813
46874
42809
98658
63683
5627
98738
69090
21886
73030
14746
36463
67375
81056
54545
13710
47302
182
49618
40343
95044
92260
35911
43979
61405
21270
39165
51536
42970
84623
83166
11363
3823
8513
18089
92705
83055
15062
42003
57522
34192
86855
47480
62905
77569
38081
61825
46073
74484
81629
32292
30238
49536
94501
41786
72684
48353
56759
61924
9809
66487
54280
93115
74347
82953
64474
4101
27561
6520
73728
46230
29072
7577
91747
46082
25442
61498
21001
63164
97018
91450
1945
159
27392
68993
81703
98079
25119
38474
14021
55492
23179
2161
58436
81740
42453
94811
24178
97729
1795
72077
32685
69590
76175
79805
92017
64902
75423
23728
78030
47115
81379
79161
77603
19601
56326
55690
23550
64536
83865
22059
49581
84170
39537
2322
18015
48776
42256
24518
5129
39354
35847
9603
73465
52769
68889
95318
93540
13226
44285
98127
89451
33284
95645
69193
2271
97980
48787
26917
75701
70782
93776
53168
8861
58474
4356
39045
30211
41552
5862
57450
18303
35487
95271
66354
46966
55821
85161
62758
42036
45337
71489
61786
86033
11351
40654
39802
4448
66737
25684
92868
42750
37123
32651
67370
12309
57904
60940
36376
51389
89701
57876
45536
4127
47362
54971
64395
58765
60248
88710
84495
60948
88760
22588
93718
90547
56655
64450
99446
77229
71921
1292
7738
78791
48963
34879
4357
72417
23098
64640
84806
54681
71867
11067
68138
58899
93024
72417
62892
22835
83910
3889
53095
15817
53270
4140
74674
37121
99127
27480
42422
48645
3256
68193
71674
3787
50345
91520
44469
28091
99295
28800
21278
35989
85500
44391
62624
34788
6127
39465
20095
35082
80993
18001
57933
79800
88832
16435
7549
31445
9740
93409
3904
83883
60248
74997
11997
5052
167
23623
84860
60608
82977
52564
96490
10114
40625
24969
41693
57204
40436
97564
20713
78961
48030
22163
38032
3767
69393
95112
70877
37347
24983
55799
47063
6250
79777
74068
58185
1728
88955
1492
79929
12814
56519
46986
22814
19456
80762
7232
62451
90337
27787
23336
91314
46147
73633
93455
3191
97493
86119
1965
55244
55730
56237
51186
32096
65730
36801
91673
97482
30231
61142
91384
50464
15113
68440
3068
41916
83864
96406
12330
14701
58408
7023
73282
52372
28155
69962
14945
3348
77465
24217
45798
36770
31433
45572
35961
18798
64055
47826
56501
20077
75440
66375
23293
36353
52155
95256
41543
53924
8736
45970
49538
43204
80849
74902
74215
13135
9408
94598
64417
94044
86748
90554
90372
99496
87370
62143
86495
67680
96579
47057
41009
45313
83037
80755
70715
25913
73903
53992
41526
95665
99840
26518
26140
87645
5264
73943
15124
2023
72484
98849
75404
98366
62976
32827
18199
22626
66414
26694
36048
41044
22773
60458
44860
70038
16680
70243
48820
37455
34400
85372
43038
97844
12097
7819
24094
60981
97769
26138
16524
27766
99155
64057
99337
91365
67874
39900
64961
44484
7025
35288
71141
22289
99963
94286
24161
47391
26544
48637
86591
99634
39616
58389
13373
75166
6765
57171
37915
5006
82249
93108
11287
76333
34129
48123
81311
72069
89727
68078
24835
40925
65987
19834
69952
37270
27292
8740
16419
33538
17127
76672
95717
66960
32349
96421
19660
61432
97576
17786
66673
55635
10465
77601
40749
82704
36579
71080
19441
49416
64876
4001
69408
95416
42038
78786
69560
94796
66527
78991
95471
74866
90321
33941
74449
63002
51988
56252
61976
65344
17178
15606
7826
2920
97601
52696
79982
21749
20910
5308
33400
22164
85513
92530
79021
72605
44192
44035
6304
16586
17927
89760
92246
80755
74946
15027
91909
56969
87626
33036
45874
58243
23472
8897
72379
66847
88262
32149
95319
54120
97543
95045
1244
53825
76905
60543
31497
4531
82687
35289
41639
74065
64987
93068
53135
26251
66640
7134
12158
34705
86011
97826
38814
27573
6979
94917
28412
98790
73629
51620
97050
7320
96908
2488
49992
86862
39244
64189
50506
55057
79077
93016
95556
67680
21599
75846
80791
32775
62732
43400
26709
64180
53951
21966
4032
24686
48087
71154
26813
68847
90882
63270
68539
41626
37480
8374
33582
96875
48121
79899
55634
37275
54387
39743
71115
5299
25169
32536
81975
39261
85886
45830
65
57380
79167
40504
62573
30360
97521
75394
15192
16853
50528
7447
99331
36196
68668
32910
23610
82569
894
44484
54558
23223
58211
82594
4206
45782
26244
29174
22110
86573
54713
89384
9502
13561
86225
72652
9429
67615
14876
97797
43855
57275
70153
20082
96323
53082
38448
78659
55482
9605
18171
30188
34815
79700
40902
42271
95546
39215
5895
85569
75357
99843
22603
73295
34901
77997
17933
96633
24283
65198
16245
16498
46868
87344
82409
20216
81557
11103
92954
66619
16427
2894
50236
92891
14239
94554
27476
14019
59263
53984
10791
39138
66850
75678
66350
72063
22826
11611
55402
31142
98127
85221
64988
19251
25001
77389
35739
5226
53724
18629
93417
7685
14001
77884
71168
14110
82274
62770
37789
38420
19916
46752
9429
43961
25779
43424
35408
12695
5771
65679
18095
65985
52368
6739
69157
82939
82732
17848
93821
45629
54287
14519
56945
29653
12026
6339
70887
51270
2645
42091
47357
47900
36503
74139
51475
56522
53744
73602
60600
857
94503
40560
75360
66066
38480
73067
19506
45877
20566
54761
13408
80224
30660
69275
77616
666
66536
82634
55367
99146
2520
32584
77288
12323
73677
98896
54055
45298
72798
6036
68202
63642
74785
12852
19033
27834
31281
74925
17803
13238
6883
72244
73232
93139
51339
20331
46217
76376
35398
29978
33383
65068
53533
93486
93056
18036
46292
66546
5338
81012
91879
39202
20946
12638
54593
66640
68356
50380
63347
56122
41859
71181
41485
82964
80117
8488
4810
58559
94646
52597
59657
61232
6705
89935
36362
90342
67400
81330
81098
51529
45736
29374
64085
37688
43742
9330
1043
54827
28781
65812
71855
91784
83438
16859
7918
45465
63548
6612
30205
87628
54809
99470
93688
4752
6971
48637
94902
91661
58699
69932
84536
92424
52804
39772
38525
76081
93463
38928
9029
81840
46863
11317
55440
90125
37498
43299
53298
74104
6185
22303
66350
26479
36111
57167
93293
5316
7854
48648
4609
84805
76539
72593
9133
83420
89364
93509
46434
50889
56813
16500
99726
73889
99273
28355
43020
95111
24067
39528
74271
33856
3477
53204
19480
30720
63859
97483
57428
95199
7531
68636
84548
75775
86682
2686
93145
66595
42877
91637
14814
27636
60503
51941
61303
62818
87688
43043
26585
39783
91737
20246
38372
61362
8005
39815
13848
75707
11138
78343
21031
941
23442
40188
90837
64972
73336
6451
82452
5761
43667
17366
86172
30967
95026
33524
23391
63531
13945
93078
12251
87249
20870
62266
40691
97342
84477
52754
85466
76971
97498
63156
56445
16318
30914
29895
50531
58358
45563
95590
84049
27753
40869
27479
64064
91680
40454
26231
78046
65878
82546
10849
24448
34567
91075
78617
9599
4280
16615
33335
41576
77149
69801
79684
66630
31816
50937
53338
36345
29460
14560
38347
27805
57856
71273
52650
978
15531
92633
84453
17680
63503
77039
16231
94556
53506
98896
8918
91281
47210
14245
67710
6746
51961
26547
47998
50152
47973
52333
29787
7278
24098
94473
46392
45566
96315
72805
86499
13122
30845
67517
92792
74742
20989
61206
76826
46771
77965
84777
15252
26649
93346
19565
13804
53749
3537
27774
12966
90192
92032
10075
41985
88846
14102
10174
88493
42285
52873
48837
18331
50731
1902
19828
6143
70238
8563
20312
32287
32307
66844
8200
82591
5832
13681
41327
81625
87935
18953
63473
70268
85257
54947
16294
32072
88358
62445
70899
99646
49306
98940
92809
43133
57828
11297
89649
68517
16576
79135
38015
54205
65381
96372
37760
20881
89928
44644
12209
78214
11993
68174
99466
4247
12270
32785
6073
10576
11074
52789
77348
98926
68077
6788
98843
38526
70608
46148
5777
34010
31303
25500
59816
53300
79482
77210
22386
1487
49244
25358
13738
59813
10975
95541
87830
31501
6115
96469
57906
5607
70472
86676
37570
53516
1958
5113
29475
39526
52251
59091
87613
57027
15573
36668
73335
2182
93134
3186
53133
47486
13971
7282
66364
70213
97754
49571
55900
32712
52751
4305
43579
13390
98848
48277
26977
86982
85824
60149
75552
42059
53288
79026
16172
83181
24647
19540
86855
79409
40966
95407
95279
34897
51334
52249
9769
54890
52524
326
96635
97893
96120
92276
73541
92818
7214
90602
44357
46492
72613
77304
9542
7297
52812
2918
80966
21919
81706
15802
31878
56920
89243
58244
45778
73688
20957
76978
34521
72695
42468
18526
82486
38981
56419
50355
9881
14262
75705
421
7250
25624
75707
35845
30765
75136
64586
22229
41484
77887
49882
998
98518
29936
48585
95796
74097
97263
96391
96740
27223
35722
2838
60707
34712
66633
73043
78654
113
54234
59443
99844
89981
25468
90030
12206
28928
87358
89354
5463
36915
16197
72473
25573
47620
68201
71363
70183
41877
57197
34645
71417
9106
84841
70482
89939
19377
77902
73066
63191
56089
3278
9148
59368
64046
42316
82262
41256
56585
40493
20801
20091
30692
45878
75174
74063
71937
56202
56443
14118
22926
15085
66929
25278
25668
53421
43271
43641
56563
52756
28718
56442
54102
12504
79901
23090
17378
88677
79085
75410
6330
10667
11597
34007
33418
41357
61598
2506
11073
41474
93756
70510
78080
48395
21668
45715
3461
56220
35222
82972
9723
20633
4030
98488
71940
7447
76752
23626
30003
57499
4024
24029
39400
294
77163
43638
34796
77648
9969
93509
1148
80870
99327
74016
53766
45026
11848
35305
37310
85208
85636
29216
69215
9733
62862
30228
14389
36008
6037
8851
10258
76145
12903
58403
8902
40844
32093
37645
60905
75575
68442
22723
982
50698
81518
23412
38973
77890
17204
74151
47292
81648
73224
90788
26226
36457
55628
37130
90958
42759
93139
41556
74831
95567
80922
78790
52425
69844
88899
35927
5624
57070
81435
65826
37158
89370
39000
63801
95192
16928
44127
71071
97373
18667
49373
65728
19264
16308
99972
11342
85180
46385
60006
87948
98525
83115
40086
62719
87035
32359
18371
69893
11082
73729
8178
21600
56030
40491
90961
55860
57665
33799
48709
46478
29818
34217
98839
50665
63846
21725
9281
39599
52212
16721
86994
8641
95312
44317
74611
24647
40924
70146
3263
41694
18842
45427
21257
98003
84668
1701
31524
18216
9653
30875
27341
2557
95990
53594
44666
76097
88075
980
42033
43712
97593
63602
6736
28982
62694
29982
65204
85025
92474
31848
61441
28501
38814
92407
51137
2867
12770
68379
93242
86839
9227
90852
19726
71891
12773
26158
55717
79886
12487
95932
68970
19463
93076
98672
64125
50778
9706
37625
72203
76458
56827
44252
41158
13379
45200
83154
41349
23652
22095
6800
6838
67663
96587
80068
91177
96649
87059
39022
42644
61114
64943
65454
99773
56130
10738
85986
34416
66216
71284
32055
69004
88666
47664
3777
38279
30984
35145
50941
83358
56834
80848
48806
78181
66321
49837
25413
99348
60879
72986
59225
18344
70040
8960
89479
13000
44831
15152
81597
14178
56197
62013
53111
50318
10492
54814
10273
91529
49179
25058
92814
24042
69897
49270
33447
76161
56454
52276
21812
76087
8685
1328
16189
83063
37899
9937
7421
65178
65035
51516
57936
70082
694
9739
47923
29250
75341
70120
82766
12275
48568
74417
24876
14006
37333
22583
77533
45890
55828
35107
66448
93253
93348
49067
25714
82564
80687
18197
12392
86351
14273
37608
17447
3503
5902
35482
37375
30733
46443
19596
90615
43308
92554
5132
35487
47936
50007
22814
42316
81630
19375
57389
78405
13108
20568
33281
59671
21090
99059
45757
78632
45503
62097
35173
21190
11591
55854
65277
23386
99483
77859
19115
23741
48819
31594
69197
87142
3260
58130
1027
86511
50719
27151
1641
88904
41667
36123
87242
85536
88922
53911
73086
49186
82463
77796
29342
42626
14778
72548
74001
4383
77866
70717
76498
38642
42916
2712
38041
31550
55228
27727
2841
53478
17211
2862
5753
26619
26452
37445
27639
57642
2828
97157
13420
79001
41201
31729
75135
10019
85324
73232
13416
44260
45301
63798
67675
73891
50362
88123
3071
65361
19019
15490
1959
47489
23917
71581
49733
8839
16835
61598
48757
38913
52407
86338
58448
56477
34174
26597
48253
24883
54603
6688
51124
48991
22006
79224
82687
8094
25005
93877
67445
11477
98171
73189
83232
69347
25070
44071
87058
60413
25622
92263
3656
62430
39592
40415
77001
45582
38538
23359
16039
1535
25851
42123
73716
95317
93109
33725
92015
96212
42245
66346
50460
66121
34379
70570
65137
66323
71246
70587
72236
73179
61602
97395
58114
4973
59696
43392
97667
67435
27112
67428
90554
68803
62858
22665
48107
83041
22015
27812
91256
32479
297
9816
45852
24830
24399
98762
28051
64460
63862
20533
42413
76914
92317
6148
20296
42726
23478
15487
88935
43352
46956
30713
91912
95305
30950
35576
91260
45069
45597
5614
13716
82450
95502
55686
26879
9474
57032
99499
17255
1716
82500
55174
25957
70462
15901
88188
96795
40525
16708
17682
32263
46595
11490
53191
97002
85372
39700
88466
21489
40177
12029
65257
19189
1375
82664
42563
32545
41822
58880
85998
30573
79608
37122
98772
32264
60007
92187
25048
79434
42333
35314
39276
50593
707
45443
6552
99979
72585
92910
40073
69109
45019
36877
4105
92065
51246
51429
13529
39541
39967
13000
90029
59564
73850
15691
99888
83645
36644
6159
36667
95466
95374
74562
13921
21279
87108
15474
77667
2199
45606
51406
88450
80289
86708
14583
64390
303
99444
81396
96187
79328
48901
54140
33055
35527
31549
28761
83804
15909
54124
84410
84592
4054
20010
48776
227
66987
63098
99462
91717
19390
50541
36080
37205
2477
61870
2499
13469
67192
47137
64485
71109
61176
28596
94975
46019
21624
92423
40191
96691
66806
94312
20106
98471
88334
22272
24161
8690
23572
42363
19968
27102
11208
85673
19568
12114
3482
81225
32879
73279
73961
15839
97063
17566
21502
43146
26016
18921
42535
78965
51212
30661
78298
70039
61731
19410
31521
33331
6637
9134
59445
28925
85111
78785
42321
45433
73145
42987
30074
91476
335
5912
73665
41009
99732
88499
253
84771
64503
29089
70444
92201
15297
385
15727
26502
66846
19566
71825
36083
97785
72130
2295
99685
95236
3047
50326
21325
42753
62390
10097
37431
19438
51929
92214
2670
39881
29648
52315
13985
87365
3921
44318
59756
58433
83399
54597
13233
40638
9735
77057
11537
97172
77786
86464
77814
91029
1017
41370
86188
3261
30307
35560
10363
64794
2098
61255
23340
22018
15055
78283
61207
97711
28058
22327
52859
7383
48367
12452
73982
24674
57587
87925
77012
88279
35842
62174
90989
82954
36202
82933
3906
90715
88275
73308
13170
99000
19102
72802
49629
17283
93428
8302
61993
46381
35671
60060
72496
8429
38708
29968
4701
69957
58257
40204
98521
68498
16019
3288
93916
5652
40809
37209
14979
29244
90350
84618
44937
462
57031
61516
61272
97484
88420
97636
23065
17557
70791
47715
71279
76147
92543
88761
62247
8061
10712
9743
36184
79002
79327
13785
60870
69548
26912
69807
54598
5615
57880
46469
50578
76681
55547
73709
23874
75437
53
70885
39061
39278
34950
79134
56308
91190
18447
48138
60978
66507
33929
8655
2688
60583
97607
95900
88728
44586
68136
50191
79087
81232
89888
13257
91246
677
27894
22845
38620
15545
81108
50559
73441
18470
75933
54671
17870
82755
57637
48701
32001
634
52899
40372
47800
12264
1355
5765
77767
83458
87076
9818
63986
5810
21845
82901
18232
60493
1284
45529
16957
5032
9971
46070
35249
14035
30983
63592
39476
39789
67102
37864
19343
13408
65876
73082
81419
8625
85662
80160
64709
24904
63188
42040
4430
27734
99095
3786
28738
44571
24399
26295
92528
43786
36003
83910
42639
26319
7222
47896
53966
57991
74412
52729
52460
45435
6306
44615
76313
25840
26612
17582
21588
90690
37345
5776
1507
46133
79483
60016
5705
99906
21966
42100
4029
58668
68667
30910
64041
71515
7261
40680
26403
23332
55160
28883
23744
7621
72580
83359
10322
92528
52496
42685
88347
9084
75790
13331
12965
55065
90936
53451
21484
95926
93677
90914
97693
56947
16565
11327
91300
47458
8858
9373
90760
55038
68623
47401
14029
5762
78168
27957
32968
73506
41744
27080
64458
72157
54844
29780
78099
7997
22088
11734
8111
5740
99483
71428
86392
38366
84463
32764
55110
83704
24575
29546
56239
22343
78918
25373
199
20040
94158
84498
65301
37942
83744
9156
58738
25939
99319
91630
39664
98901
85738
62449
40037
19660
11854
90702
87466
62577
47462
26243
74582
54015
80553
13455
2645
26929
70265
2553
88712
81106
61985
66055
84672
96003
91944
97038
95347
73349
6750
98306
21757
20259
49905
99633
39234
97709
31677
74881
99008
4962
63584
1264
4506
6222
49945
32355
12899
9052
53147
53598
41658
48931
30430
33506
1889
18576
1703
56460
70798
28375
46338
41090
30648
49604
78253
67802
56590
11345
25172
21820
54183
8118
12512
71377
85249
22348
24195
65627
4874
5527
66485
9618
16820
58861
22233
38830
82302
6605
57892
2313
51492
7513
66755
53846
62851
24324
17909
76469
12630
49805
25184
83326
65600
93800
10330
5960
48667
80756
77945
89041
33771
96177
35989
88396
57413
98289
25130
21522
59109
85188
23210
57445
60590
53667
21796
14428
71606
16393
18090
95399
88703
73182
24910
71624
54275
75301
90843
11465
12391
98031
81742
74050
95594
12640
81099
32941
42863
7266
14841
10389
46513
44286
24733
17190
90521
49458
80421
41184
586
2657
51143
71571
11106
4922
7897
92952
99511
36203
74059
22148
32351
74788
74222
97938
64578
94200
16649
88442
92146
5363
92510
72228
40714
44317
20810
98094
46687
32699
77455
8398
59889
76484
74159
25461
17164
41477
27463
28851
56627
44580
44669
49989
9026
94230
71196
72807
33057
1949
735
16579
53252
73500
34123
68838
64634
24834
95329
48366
42471
91283
35376
39528
25691
86856
28377
56864
83641
68572
78188
84261
10992
87188
87751
49038
43824
69506
93802
10120
16512
10563
13612
20587
43835
76373
9509
62409
73662
47072
53827
67953
39371
38765
48843
26602
71021
50642
24373
40274
44616
69328
71098
20438
91293
44998
39204
17738
78374
10776
13623
90473
26509
48020
38606
14865
41280
6384
345
77866
75349
77918
98430
79578
78868
70262
92690
11543
55694
26773
84564
96234
53158
46791
53860
84260
74747
88100
64695
61719
97228
68599
751
34032
84746
49300
84853
17970
75561
10109
73181
88721
21138
50748
65495
79727
5183
96232
30965
53423
98208
8572
41725
36540
71139
94126
95165
78624
69425
44906
58749
35925
48503
80958
88649
75709
62460
82962
6786
73647
38747
76833
56507
17199
4358
25002
30201
16065
80862
993
38280
24594
7664
64753
21122
29730
82672
14851
48506
95426
60024
17682
67534
80416
90979
96277
97018
79555
76694
14625
70978
39226
96892
6815
74149
35459
10285
29495
46456
97040
94710
43565
32233
82492
13558
96399
50453
85871
17658
60108
28482
54240
3717
69744
68367
76143
77673
93253
30879
18813
71242
83554
93972
67317
28128
7462
76971
19071
42069
16483
60199
26765
42174
15793
10356
75289
22897
56140
94590
97265
69303
54762
98565
68096
79678
61562
18037
97773
25082
15731
56660
62822
5759
35697
94029
6487
67140
75102
71405
19091
29782
20799
42845
26935
63032
50375
24999
8189
50943
95053
25135
65240
46559
24850
27712
29788
84511
25731
3301
24763
37797
23415
7311
15652
10029
59768
11136
31055
75559
1968
85598
72676
11430
54998
16773
89377
43519
56628
16307
91919
49779
76806
56841
70234
84553
30283
88080
8732
33084
74027
75036
48627
61059
9122
60515
33368
11782
49224
51744
61756
302
35033
37796
65962
12273
42549
45963
5664
2844
85204
50452
6705
76187
36944
50841
99289
18896
53723
56120
38384
57125
66422
33802
1179
81282
39886
10291
68363
66861
29192
90247
1459
67222
64168
52274
66169
1343
74900
27623
7469
15444
53723
66941
68197
79555
95627
57471
47691
393
33368
10148
98219
31410
65404
34793
5365
24633
93912
36939
71005
41303
2771
9215
4333
32912
57813
11475
83469
76087
66277
83589
57621
24201
90229
25211
28200
54700
27959
29008
3140
34262
31679
55841
80081
81464
26966
36872
92557
95901
98587
907
55118
57946
80365
48743
81739
80984
78396
63504
24694
90987
46759
86503
17243
74003
65798
53934
72417
92864
89630
16108
45262
54349
5072
60824
58461
38699
95112
72168
74743
22739
92962
99428
84450
52148
32109
15876
7835
19868
63362
23905
57032
88695
71342
11334
85495
82302
29152
61776
83307
26519
1611
50094
83408
37960
61011
26884
83112
90205
7266
89194
54222
432
94886
68562
47872
59464
91853
29603
23773
4297
12724
79520
9060
2045
46916
58007
49326
19511
72836
93535
16294
95501
70367
47032
22707
24572
55464
48688
80323
59006
35266
52407
83863
75746
81218
96944
36450
99129
86040
2693
27957
51105
21856
65573
1745
91708
55014
53760
42506
64987
77576
587
9822
11124
70351
67303
53130
12909
75584
41886
53908
36471
80460
8395
10987
83459
77456
86858
66591
24046
18606
29215
45907
4703
62396
27462
79768
60886
74886
12085
92001
93655
90339
32919
23115
46651
52091
3739
31451
74139
74637
21196
29815
84613
88010
51709
58663
42084
80431
97147
3871
20968
71355
38580
4319
8656
82604
11529
60502
95745
94087
5760
84595
34610
23352
39137
11040
59709
37117
43517
72625
63536
92450
79952
23412
79483
98271
92301
37455
61041
23298
78092
64135
54278
8111
62505
55202
69096
25798
28660
12444
33517
37205
6281
66122
94282
473
87603
58786
634
33962
80861
37499
90293
31136
22666
45148
31357
5050
57551
39293
79085
50973
47251
90522
35072
39800
48626
68318
48778
34447
96500
95225
60995
16341
82011
92395
13510
71392
3322
92841
9894
71547
18522
66616
46500
82828
20994
71
75261
12085
23695
13994
66727
67175
40145
41843
23363
87479
67311
37795
51091
33695
95953
63560
20232
39198
46598
4121
82747
3340
33921
47879
59342
44762
93327
43809
47223
77376
12752
43759
15241
74508
8255
24576
33847
28452
31497
11151
25835
26150
72031
5078
73366
86638
10517
70830
48355
64128
16365
79651
94961
10184
79137
83195
15136
65482
68936
60151
48730
77245
64272
56151
94240
67962
50413
89874
88153
78491
62429
90807
51444
27879
6776
91874
16840
5972
97285
42557
27841
34753
87550
72813
52600
62538
6367
69091
27088
53819
4399
67489
11327
56850
4147
24649
76377
61304
23577
17312
77042
98961
60391
86935
58687
81828
66786
69600
53758
83399
94783
40760
50391
62599
10834
79143
68210
46521
23510
98591
30571
7962
44926
78744
54644
61883
76137
48756
89232
54387
16297
65775
57648
30178
28134
94204
18364
52199
78939
20188
5822
58803
3838
56384
65782
64966
13220
27872
7842
96304
62237
63766
94500
73636
41197
35333
33261
27870
38398
7556
23827
78325
96240
65091
10406
99270
38920
35796
79379
70535
80413
60874
7580
8537
86361
16698
55799
84165
48238
70677
96846
45314
91114
60817
32739
72269
61202
76541
57239
33638
93921
62959
7367
93303
64351
11845
75413
12098
92797
99496
50832
95741
42071
45038
40273
8191
75397
55598
28285
21493
3884
83629
80017
38344
21065
65918
16576
33166
56552
99435
89883
77501
96421
89107
61287
59146
68340
38833
91863
10194
53100
86540
73055
61371
30973
89248
77798
95310
78216
68687
91843
56597
77499
42673
50839
2219
53675
37798
56903
37244
67182
9207
1576
13413
59120
243
15396
43505
11912
27950
50473
59663
38438
20131
16230
36089
21630
43834
84501
10113
34836
31281
18792
62310
67151
20714
10598
94526
5181
14378
7889
70153
83044
11653
8724
68394
66181
47151
3729
82724
90720
70129
58561
46089
43744
58898
55143
73879
50592
62052
46975
20753
24843
89176
13413
84583
56570
44089
58908
69451
34435
81102
33731
92584
77810
47067
76168
98569
47012
69797
45748
53828
10021
77582
23887
28455
85221
96559
52787
90453
52629
37679
40670
15211
33333
351
92866
12460
14211
64785
26086
11880
60999
71388
98552
92405
78445
27416
17795
72730
28646
27100
15688
49357
4978
2895
39563
67261
90366
35172
69761
14418
55249
90360
98132
23995
48815
66945
63102
61624
50684
64358
19325
66396
10315
24334
37957
23726
83034
74480
56619
1762
3411
9270
81123
69782
23148
35285
89283
78259
91294
41851
11167
5005
95358
68905
39026
16343
23042
80782
4428
10304
86128
37936
66394
70970
9588
44813
57428
14653
14210
84055
74309
68021
93623
25505
89770
82318
16157
14619
89862
6763
67062
30651
55852
19928
51065
64580
65570
54869
51731
97958
67323
62134
23702
73581
59598
13657
56936
83999
48492
28282
73969
69439
64570
27835
76189
55645
54236
5936
87265
96626
93855
68867
77603
91140
92732
94683
49202
72006
23690
43402
14394
13917
32528
57350
68870
56038
19134
30754
54357
49738
70619
55561
7635
66172
22318
36301
26764
24223
22328
45676
59193
97936
82056
98881
66991
22862
78985
41999
84581
26651
24938
91106
44763
28765
46355
2895
99906
59634
38671
60801
93913
38390
18326
64479
98301
75081
47666
50228
56202
24080
66125
52851
26332
10081
25616
44493
86368
40523
30297
43706
20916
86275
69643
98270
1686
8243
38860
58308
12855
7645
7109
86972
9553
31425
65111
88289
98803
94619
75517
39323
43510
45479
31755
20831
18339
47612
23526
41668
26647
56232
85227
76968
13666
68758
4472
31185
42313
59454
1596
37583
69159
39196
51535
11798
34358
49217
74411
9283
51836
5747
21123
49052
4979
27173
53967
23702
98344
53198
39715
37637
49390
70587
28654
23972
17493
26949
53051
50474
45289
8772
50526
62524
22327
23308
85577
3628
86591
86186
35938
8883
24319
78431
78833
11635
85494
87462
2076
63969
83264
21976
80919
85106
53800
79164
91615
48674
21474
97905
66497
80683
94440
41541
23351
48126
10554
88138
8579
87989
19610
69087
1843
83430
49547
58637
48744
12033
28768
91896
17827
90898
34143
41627
97110
38827
49498
43643
97022
26947
49478
90230
34089
86080
8360
10776
68555
34351
99185
64375
73383
66734
17982
96191
46409
66639
76646
35094
8791
66117
62133
28711
35356
48934
96621
87811
67732
16620
13733
13038
33354
59736
81807
92935
69928
74627
1610
802
42394
99549
63151
29945
15055
3498
26704
91695
29169
49858
37285
26788
3790
90274
72279
56419
75397
85219
45545
49828
43606
37483
77123
55438
35575
36299
90198
50397
95126
6617
26420
49317
60765
53064
51284
8775
71868
71670
98295
2918
38291
72745
83258
42112
85411
2677
1473
3305
48314
49969
79936
78269
63990
98731
38761
70494
67197
5709
60295
64610
31825
85865
97742
45651
87641
12735
5601
27175
86980
72677
93723
38459
8031
39034
63835
2128
67038
28494
16423
93930
77329
52720
66531
6906
40922
61852
14318
15845
60054
3668
58253
85392
17266
53074
18445
35944
70515
84233
64291
86243
69572
46214
52464
51759
9067
12430
13683
29999
64912
30717
59452
4565
30516
80237
43842
32993
45302
62760
52782
44299
94136
66669
12043
11694
5070
57064
65112
57955
89578
67634
73824
42705
78370
96783
71786
16401
55831
62957
79426
91670
65958
66209
6434
66961
9001
84501
51418
72957
63901
57775
38692
78656
77144
11093
14276
241
38580
80331
43633
14977
34881
80156
77050
56388
29838
75487
75621
52923
18269
66250
52215
67734
3447
84993
49860
55772
24152
60756
85724
66085
86682
26939
85218
60743
39105
42547
42460
88706
11473
1946
74262
32894
66642
84498
81
76311
93352
29753
87142
20257
64707
26342
86064
75951
33646
53819
79428
54792
96697
53535
13623
18051
5064
24935
98540
8004
33398
77997
51207
52753
63620
33455
95590
89421
2568
26957
95150
6370
40684
19017
36501
46882
99792
66508
49034
92500
27116
97291
64242
21824
40716
2661
87720
64673
80126
13321
5135
89601
42104
98034
89960
77343
69231
15349
19861
8971
99738
22252
7227
10097
55167
7496
64320
45428
95842
486
24177
6199
45711
33127
13599
41816
11800
85850
80928
62353
39322
14325
65313
12297
7482
24770
54931
26835
98838
14462
62131
862
67518
7010
86452
83873
77225
41570
76379
64131
53078
83691
70064
86643
77352
36060
68362
88788
66344
16529
74796
42095
5758
86741
32791
80744
52246
2440
91484
91927
73668
10563
96067
94724
97506
52426
42702
9060
22820
23247
30838
32842
17991
68447
88881
42929
86995
33074
90777
92899
53369
80642
45975
63038
52730
55132
18445
19645
85849
2731
81982
14300
5739
11701
97195
74714
25809
47389
85994
91903
87533
46177
64106
11553
64232
20987
49298
92937
17821
67834
55801
48569
82653
26453
32535
26910
57605
34158
59563
72767
59292
40246
20995
69263
25975
41411
14599
14284
8333
59892
96599
25827
68964
95877
2190
53370
12441
8900
16759
13822
82960
93943
92627
96824
33366
61223
629
43744
20662
49423
37749
21867
24565
97465
70806
85299
68786
54772
25157
44258
64113
94983
4887
39718
72229
72985
94449
2803
58162
27361
38976
57556
27545
69594
70884
407
60931
16452
54605
20198
21442
59564
54720
47424
48855
89425
63535
79411
50844
16432
2986
37698
35546
29503
48969
12773
38425
54999
93554
86056
51921
34413
31172
54353
39375
3726
61611
23196
83968
94563
83784
47679
5217
15536
42648
66042
33935
56772
26490
60658
38547
35881
16726
64219
51380
89931
92830
87979
78364
13221
92499
40925
27089
17162
67610
96275
62925
33801
49049
1521
77382
75563
51929
90883
2792
76713
99148
37424
61273
54502
50002
97442
39813
54445
26907
80773
40007
11530
75503
18485
57676
20136
80315
48939
7123
76486
56249
88239
57106
97330
40570
60280
4576
22011
33908
73820
55749
50236
33441
45894
61204
29254
90704
42079
23979
42460
14464
28386
21789
41287
8270
34702
96049
40243
12275
78021
64894
