10110
85583
72513
37197
10060
66106
64070
8959
71498
49754
15712
55783
41691
18641
57242
34443
82644
16684
53368
58195
28602
91848
6381
1804
87265
5025
6579
34587
43167
18196
70782
8951
43864
76404
2423
91236
82364
66709
6804
34905
32025
31346
50783
20323
29436
21610
43298
20167
38882
31293
53781
36993
11886
87513
46218
66577
18279
30662
39472
18056
52455
6541
63706
70107
89647
91034
95544
76242
46968
59121
52830
76431
55078
56430
1732
35790
23195
60643
75334
46949
92333
2613
41541
75088
3868
99328
43043
14004
45421
51169
53674
23595
83678
7637
76231
93690
11950
64657
47391
44344
63343
58285
18105
19145
73157
92712
92850
21995
83272
47481
7957
32536
58621
74516
43931
64054
46501
22775
10950
19461
20312
14511
34237
71840
89884
48042
80909
4806
49874
81458
10712
63761
38101
60463
54263
89296
62776
83730
58600
31266
54877
79677
95056
57372
1340
7719
49111
38491
73696
69032
41968
12918
72026
75321
86544
17906
91735
30982
5947
56858
43930
83527
63481
21292
94858
50592
11522
57517
63081
30163
92187
48443
45201
69714
52660
90551
77141
67955
72806
83952
88456
60214
16338
63941
30592
39020
36751
31324
87944
34386
38577
42158
58227
58011
49175
45045
60043
37070
23713
80206
17314
42797
73929
78204
4767
74660
72749
62817
32458
50443
82086
5910
98940
4721
9914
22032
35746
55034
16173
49327
33199
63305
51405
45941
71547
49755
81768
74991
53101
38082
27919
3415
59962
14532
74252
69192
32321
58106
72457
88330
57974
79126
81315
60806
42068
61499
22999
80351
53694
3420
7685
94214
78060
45660
45595
30850
85437
71478
73778
50469
66871
15301
41633
91216
53816
70652
25971
82830
87750
86842
68906
91639
78798
61489
84649
51738
45994
22570
91024
36332
70246
28481
73682
65600
73841
86524
3243
99034
34886
21850
68527
61794
54669
47876
47727
38176
14274
64274
37666
69457
52269
93187
61391
59392
77521
48930
65118
18247
77360
71364
86986
26329
1953
51221
86329
67841
99244
98158
5286
83162
22495
76102
38226
84613
6134
83207
38725
45281
39214
41464
26381
54812
73990
2304
75673
17484
64821
60222
34248
80038
93415
33598
60859
20418
2879
23320
45619
1024
39834
76311
29734
2914
53714
52555
41917
65512
56333
41457
37398
81573
85282
11168
20389
25192
24065
73101
3865
97058
22994
83962
28799
86836
93763
93390
77122
46064
98868
51046
16049
30611
33782
52476
58971
28000
16296
85908
80284
80395
21779
12063
60716
5761
17205
22086
52381
96979
99937
11365
47833
60124
80250
38685
62735
59379
15305
40381
48467
2214
88522
24723
6875
65923
13920
16433
36805
95272
69974
33586
9944
83260
47469
84818
60008
58749
66823
31560
45055
25185
75079
23861
51256
71357
24987
40367
66307
46906
6961
14829
4092
88200
22365
34164
52179
40223
99020
68685
17960
74409
50078
47296
84698
4911
45475
47419
20380
52491
75365
16401
78122
49389
37797
29082
84034
54727
49696
16356
53608
52092
62483
89398
48215
99812
17174
97117
14382
17005
71454
34545
63703
65140
99828
46527
93404
518
67819
23641
65637
59711
7120
17573
25539
21349
12074
10259
40878
10724
9130
10855
41843
76593
38142
68491
6121
19131
11901
70959
61725
40961
93713
33432
25472
57575
20257
83327
95966
99752
46874
44218
87237
64450
65021
51412
60451
56045
34112
2722
3039
8006
70127
51599
13427
63968
6357
90858
48709
87685
4866
86237
95468
17933
55277
76575
81245
64369
39763
18451
85187
41676
12959
15547
42322
99732
24691
11164
78632
89172
17964
45383
19000
49318
46691
14376
65513
52690
1934
44014
57374
93695
51482
48040
40961
34456
32985
35483
40198
80288
7946
26442
64838
31038
19768
2440
72481
31181
97270
52255
6932
30539
75061
62270
19622
94787
13078
95993
61522
21862
90533
54711
19834
62701
37078
39764
88157
51870
21024
52511
9658
97263
25286
28782
34954
30683
27129
60917
34527
32325
26183
54483
90244
13648
1148
32205
92944
80973
26314
95740
64318
97615
41789
32430
98739
85207
69744
44096
83500
49442
33781
58162
25932
52175
17662
30533
20293
32064
89811
57316
16633
93848
73738
66442
86194
99079
9635
94361
13299
70569
85008
71861
72160
12688
76683
42566
54868
45401
52569
6770
81264
31965
84889
21295
57384
39
43051
40701
77590
42333
23194
47385
56750
59268
29535
62475
25033
45127
67057
8430
47573
32903
6271
33991
4574
24247
18464
51791
50246
19869
21701
11294
1351
70075
57359
58944
23740
43362
4342
60752
54154
80783
53230
73662
7312
2589
2325
71478
70230
97230
74681
78795
69885
61542
52379
99270
45109
44119
4980
49006
45280
39414
62646
72311
12066
81073
18340
38427
54306
9078
9685
98402
59995
21038
71798
87928
30290
85369
97659
83039
85215
86339
75750
70289
30809
90878
41316
39179
48872
31455
1830
76573
70758
70378
99420
29194
42229
24575
18072
41074
19430
16564
74014
22114
25541
90747
96317
86798
76286
31734
33294
15678
38375
56670
85984
81011
18562
71963
24907
43798
25694
56463
32191
68080
68746
14003
68528
98548
92860
81818
13119
37296
9662
72602
90309
29842
33514
5122
74533
19297
87429
43819
52856
57866
14766
77949
58178
52670
70806
55470
76848
99649
77510
93623
95664
73723
79564
1470
7282
81901
66886
84768
17116
51702
91350
6601
70546
83464
88300
46080
44067
11883
87539
1469
9354
47817
6506
41470
66261
42857
34249
57566
77269
277
14642
1126
2867
33236
17446
83015
63320
84924
7408
68982
29856
69456
69631
36140
90642
19987
88361
58838
64157
69752
21204
37215
37960
96580
82979
67364
11039
67737
598
29815
47417
18705
39945
22285
61369
97114
15268
1328
80379
43372
82506
51201
95712
47547
1753
27109
20216
63896
91043
16587
87955
89401
42622
73719
84658
81734
3363
69602
11060
9041
68899
73751
62617
74745
88864
55803
23496
87853
97320
12848
41885
67842
24588
47802
14700
48603
37603
40827
4556
36790
38899
53740
39046
71990
26105
6147
17776
7528
86821
43377
55044
78179
54231
7502
21499
94781
23413
79961
73435
27282
88686
65687
81599
25189
26099
42545
67270
40758
60294
39106
60588
47230
34007
3484
97488
74321
70454
13104
43901
4039
66287
18105
46601
67569
37528
63225
2996
16966
10438
15502
88685
27354
94712
52757
87539
29745
46229
42628
85381
29933
55107
36336
87629
93902
32674
17230
10905
67688
55850
85153
49203
12679
21137
16034
60262
45198
90478
10409
40437
9405
61482
83659
89592
17362
62116
13260
50079
38388
36095
9941
91820
52326
46153
95034
32595
72425
62158
10636
16119
17733
51329
23979
47809
36917
47322
20634
26457
44489
50629
25044
4840
39371
7689
99275
52151
90009
12780
33952
90229
81686
30877
51979
68980
88143
11468
93494
71211
71103
69302
77427
93549
27272
19141
17981
93081
55648
38966
3375
32266
59174
85662
90270
11531
94116
77503
97649
72689
97889
92922
85766
97117
1129
91376
82618
99701
35410
55521
54282
44915
58133
8296
48642
76822
65527
53423
14672
96294
10639
96775
32539
14894
11697
72248
96593
47534
50320
80303
39259
76114
37084
39309
907
32975
50236
87478
47132
84125
30403
1803
67593
21655
28440
43710
71762
74265
12516
33033
56980
21993
16243
47017
75783
45614
37160
8999
69416
24798
40780
27883
23379
95243
92630
13057
84680
26296
26462
96848
57036
3513
61597
49897
17574
84335
4097
38884
69227
71167
10513
30115
64558
13157
40435
25957
44108
74658
14532
28900
14358
2150
21094
65071
94356
87875
7315
14763
23719
26357
72824
76412
14542
9637
59682
33005
1903
63208
83092
56632
84109
34249
15602
78135
61715
22823
7144
24898
38344
65328
20451
36470
61789
46938
15515
53402
57392
28063
49716
39811
70215
39091
98072
56900
50314
72545
98753
27225
62582
68234
33973
80399
21868
66471
54293
33158
9983
12446
22506
72675
19778
64997
75303
18746
86283
58544
46902
99648
8196
26183
71655
26261
64332
77799
84866
48900
16971
2029
35789
22350
49721
99883
16509
39834
44343
19266
88119
37900
30684
96486
77233
19562
46930
37690
24321
89236
19255
32909
32806
39708
98860
76227
78443
33902
16937
93403
83006
83814
99924
68696
29569
40503
19065
40752
21483
2311
19409
26193
95011
6127
34666
55212
57028
73096
83597
95846
90318
2977
54408
21845
5049
33000
27670
93730
95250
31417
99875
54242
73343
60504
64311
68989
97336
74457
53715
47705
89194
2062
38557
23136
20666
15293
15327
27929
11363
51476
9734
25157
48122
72821
27431
15372
54799
41254
83198
40410
27941
97089
13833
43632
22056
36672
14458
23064
33393
97532
64559
47912
88661
70872
49300
62805
43311
11472
49082
27405
84867
8987
34796
67582
3218
85094
60410
16177
99180
4609
63625
30249
92289
83704
90995
3475
79942
82283
56123
16867
48772
56209
43945
72196
71117
39254
19452
22839
14081
4848
40392
47579
46668
77747
5527
72124
3318
55961
62382
80372
99358
73140
90468
98454
63873
79037
78579
72226
14172
32719
91278
54220
22150
42025
24222
59205
33673
36942
58699
26577
21830
26076
60390
20205
2171
49566
73134
22675
91315
93127
60440
55523
35795
69939
35297
82727
63223
49546
95332
35822
60163
79155
98175
93110
36875
48312
50324
45691
78544
81940
67281
20764
88028
1893
604
17503
77833
39510
21482
88801
9274
75672
4432
83834
56855
81138
25757
81331
18366
15350
85474
36348
98030
64602
58509
67529
84543
41429
94037
56603
17113
61482
57620
20178
56907
37013
85716
47523
32033
2206
51719
41690
5852
80498
43057
52229
46607
96065
4887
47998
88687
23560
78679
405
49691
76518
18770
5689
65183
36957
10063
14345
8973
45711
20640
44562
6277
18502
79508
77591
69429
98335
61511
53261
24997
16226
25545
80609
77350
34118
20834
75958
92615
59152
89260
28110
15511
75913
61786
22992
83427
67149
82072
13494
48249
40547
93000
18827
40690
558
95137
11689
16579
52187
94991
62739
46421
7475
52914
52573
18802
38087
75718
63114
23980
25913
85997
67341
15130
85157
90720
58500
75741
92582
44251
42648
65612
35202
1089
11444
63813
70004
52472
21774
72711
45849
66026
74053
63044
71093
74670
81165
15501
7759
95855
37618
80633
4508
98326
42248
46191
82662
91436
51052
89494
88495
91827
23300
10602
56306
26945
19098
42444
22446
90933
52187
44304
39706
3656
27558
71013
43243
44564
72235
4371
22794
91809
22011
23272
47933
50071
7032
90627
38608
34081
59852
53800
14357
18471
83183
63855
15838
13900
4407
51557
65011
49976
67302
32694
66040
3317
65534
75780
87383
87806
25576
89215
97858
77883
15490
37997
76178
95373
64370
59355
97129
81836
75260
91431
16070
16664
73887
545
76070
16599
25228
19275
59549
41558
69944
22600
72548
69862
81351
19185
38216
53734
67535
58104
24173
52272
46740
39977
75126
9205
28543
92793
45948
96535
12576
96636
9443
24275
80092
96893
38636
77470
99455
69107
16199
11493
57854
45829
41074
77902
68494
99541
2175
52695
87440
25660
32447
29370
23055
66390
59341
51414
15229
7816
66512
27764
14451
90095
83844
26289
36288
75097
26621
16067
8883
65179
73301
78194
20932
13901
45110
97622
33434
2639
66474
13260
62533
83767
5173
4461
11110
31593
19287
88374
65583
26798
63210
72664
65162
29889
21230
54657
92802
90576
91071
13469
98958
62895
35147
15724
11702
77636
15133
56710
89667
11824
80456
84583
45434
68261
76526
54137
53464
60434
75205
45607
84005
13796
98205
26921
68124
27862
14142
90007
630
24143
15345
67102
71898
51894
70949
82950
65101
6619
2191
75812
37266
67284
12413
31519
56651
10798
19724
36179
55802
87683
77305
29075
311
47250
80381
87733
18969
36953
56847
76309
38403
35389
73893
11139
64111
7894
40040
34619
66880
22057
79388
78382
88087
62656
89481
85568
47679
42819
32035
80563
85541
50475
40823
69254
1328
98318
11444
35324
39783
25710
93874
57642
71163
4745
24809
38040
13071
91609
68012
66237
97701
20174
75343
14545
80817
26143
17723
99634
58642
53489
65194
64110
35192
91773
71050
91380
15412
92546
26954
87320
36304
44725
31656
17752
81422
52161
25446
71120
74955
74806
85684
50244
47945
36924
44935
4874
87647
84774
48611
21686
85200
82691
57708
52389
4429
99195
35163
62227
3853
2963
7167
38622
34096
27236
85364
54895
4770
57455
84786
95062
19499
36809
91843
90813
63453
36639
95287
49809
33139
89467
19446
53920
42992
57550
76838
2181
72484
85292
84163
30148
58993
10673
14255
99965
90518
75216
47632
66246
32226
41968
96176
54476
38115
43548
63769
191
56281
39190
54811
40832
22388
82897
51039
57773
44272
43989
65221
27070
97767
91572
31965
11636
15540
83194
83079
21833
77578
71162
31915
49596
3333
70002
19245
45702
79781
85613
31851
75848
75879
514
67080
35362
49682
54017
57630
15893
9124
71698
48547
58736
24243
92881
80651
54607
3075
19843
43605
86695
70557
17464
75005
85566
37332
99860
93753
16052
9809
91125
35400
79733
62367
62221
19814
70674
58096
83029
10893
36398
19820
21622
10803
65432
57027
516
713
53666
11961
39730
46476
4567
16488
16502
48774
61007
11392
24940
58169
65229
95235
74264
31013
37227
12274
21860
45571
36311
22389
42480
51205
89389
32774
75820
65558
56677
17376
99647
83186
6210
66140
74693
89150
81565
30276
46229
21953
60433
25943
99926
82533
76479
58722
48165
8553
33878
31190
57118
95423
30112
81083
33552
80042
17371
12924
68190
29391
50867
3740
12063
88356
74114
46635
94017
67032
87471
71862
49850
39016
22803
36532
73174
95496
57693
22169
73590
96896
88406
18548
2616
58115
71675
46300
54844
47424
47410
75024
37783
1967
17300
73228
99601
12070
80525
94923
99319
37442
84525
8500
51472
36856
44306
50611
45323
72572
29898
93748
63904
10252
77213
23725
97871
76451
35633
47685
76456
8838
70960
66182
21788
47449
57707
67678
90020
59113
10872
29258
5113
39430
77361
17084
8662
571
98530
43224
83143
18947
68012
60754
76585
2177
22581
63140
32971
67256
79983
95957
96118
7241
19594
63869
93105
79526
28968
33450
33098
68375
11436
40823
67568
80826
42382
44618
38288
29740
70970
12201
76021
35520
87941
30937
1833
40197
49965
97389
42314
21270
76021
65310
34728
12620
2905
83558
61701
42913
65786
38304
56123
67653
15449
70455
38644
42807
73698
63198
56426
84838
50407
94985
39711
21176
18349
54988
40292
45391
10071
35497
76718
21475
31711
56015
67008
2815
53913
44387
15547
43392
54708
63499
81394
47582
39099
51702
47104
51020
13907
78691
69500
82440
86463
30747
58729
26995
1889
95663
70520
40045
25937
63475
69485
43542
37975
4388
22102
57786
41183
37869
23897
66499
77490
80573
40070
63443
2978
36464
24689
29751
95778
12348
42137
80362
37608
63286
63011
53241
65862
98044
93491
71963
18995
54217
55038
50882
80375
44708
75518
42263
16771
12010
10058
17254
80050
31146
21008
46322
73214
28210
34706
56183
79742
57285
3435
57049
30126
52392
41693
82019
30693
3843
89267
34034
5752
32206
42290
76734
75700
99905
99321
98695
13438
77552
377
48613
53155
42909
21984
47554
46434
35419
60083
12562
65558
38746
28171
87728
84345
76028
35913
88207
7012
74742
89378
73074
75901
85902
91356
29961
73458
40988
87437
81909
18128
32705
35168
34057
38686
87167
96437
54065
30366
41737
92880
92600
55059
45114
59622
56989
55025
1309
35751
69525
74415
27514
64483
59435
69532
49828
43288
96264
78838
40297
39383
36143
32940
39842
17858
4294
97404
8447
83003
96063
92928
55601
16538
42067
18110
58208
27682
97636
12577
21086
63488
9878
95677
37923
69102
88551
70625
48455
13130
46976
78038
43859
75739
96422
35469
57859
58066
39810
74965
77543
39255
46474
26907
29398
74455
62039
91848
40982
31994
19438
2567
25043
49560
65004
1595
76859
65804
26417
90817
54403
40332
15980
31204
57760
63403
16734
35203
3606
19546
76722
82606
72273
80798
78188
49349
94632
83286
35308
80037
78837
27853
3887
11329
50328
91082
21003
92140
11180
7865
23797
52004
25267
7078
26251
76707
96653
64740
27359
71302
44677
45205
62405
87159
894
33376
93259
67982
52511
90673
39259
9152
90024
42764
56263
18255
16157
17109
76389
66668
74291
94387
12238
87776
74797
65553
64878
16919
7321
55800
47490
98796
66036
47985
76432
89430
4443
34384
50430
89387
12140
44119
47000
82489
71322
5336
15443
83417
26868
41865
8335
15506
53081
4564
88236
84359
22815
9029
67943
44613
94041
96530
4063
88749
14434
705
74990
73388
96997
3399
91113
63519
96438
65976
56530
50115
62612
59524
45230
30091
49738
51999
43408
12349
66385
9869
54161
96262
63329
33448
45474
27125
94410
98142
23135
96841
57993
96995
70903
43682
34751
65422
82087
140
4949
61966
60040
52896
18591
11105
44604
14460
93342
53918
50568
31316
60930
31573
32268
18143
104
2224
59690
90890
23540
49231
17945
67300
47207
29305
73077
3700
5871
20320
36535
85361
34961
45147
61512
91799
15275
40078
42790
76351
66037
82860
36232
61441
94173
50347
30825
11617
89105
47919
3865
96826
96827
89734
42323
50968
33740
3745
5289
64829
73229
78013
22859
51297
12123
98689
13055
99696
87015
86572
64553
64324
36005
16776
90205
99816
80784
79758
68472
81463
16713
56493
2164
10448
92743
78304
26065
33508
99224
36368
2424
96808
75711
12790
28257
58015
97632
75838
51013
10640
92387
4697
12336
10251
18207
80557
60077
30099
74246
46168
9050
71819
76593
54506
56949
84415
82069
13171
75299
61887
21216
18167
23207
19916
41300
2803
41586
99846
17017
14772
68202
47734
92973
28079
88903
17049
54030
11875
59038
39187
47409
84805
40158
11026
35912
26449
5390
25374
78688
73139
77238
2487
82086
67414
2473
69477
85058
23257
40039
30697
42097
26852
19897
68684
45240
3807
6555
39022
58980
23867
61750
66833
53170
27150
66877
22072
96192
2390
80017
74386
16657
82888
38235
97361
48718
7830
65862
4396
82728
38386
98668
31981
98874
19672
688
77077
69572
64499
16261
73126
66290
85656
28496
5137
52491
63877
89080
31943
36413
81572
24832
14920
74384
16677
4150
41632
26704
98328
84903
73561
32047
99109
58140
2391
47386
74260
87845
98201
44729
75551
20538
87870
59673
30989
69341
96481
36227
11688
16504
30277
54966
82655
11142
8152
49117
32126
10451
43193
88396
25313
11330
3417
74485
71703
21002
50814
5196
88575
63021
45436
42454
91474
72892
47147
28066
10425
35333
25375
60382
95547
30339
94071
17321
6176
43753
18132
59435
78875
85885
98121
45341
61350
55453
73824
51746
29138
53327
71621
46772
51943
52650
54832
67087
51326
62104
22561
7336
63965
28206
55557
62810
39366
2627
23202
61256
58194
73393
28765
60184
27827
1533
44146
53141
35626
33166
82218
43781
50024
68967
62969
845
8517
53437
64527
80245
24578
61660
13956
3237
66776
83763
42417
64143
48491
15390
57619
25181
72622
60226
92329
6000
89174
78181
9717
57870
38080
24245
68220
27783
34348
9798
88933
97232
76415
14074
91179
64827
27798
13348
46795
55480
82069
13606
32309
42135
10151
89704
28474
74834
48175
51105
99427
14153
46729
26791
95109
43369
28538
773
36812
72501
58524
58010
74985
41170
61579
83146
38248
10484
82760
96910
69658
48784
83785
36452
10271
58382
27696
48099
3087
49367
47100
11311
99717
87732
56911
54204
36099
23946
4827
50834
22723
92978
3939
64382
88548
89610
11140
60450
34276
90240
43384
12922
88082
65681
85552
12272
378
7409
57968
43023
80790
75795
38630
33277
98190
2712
69434
89043
13517
78316
90600
67262
77871
20225
25123
372
15242
41787
44140
4389
18386
6546
59096
24061
12255
2952
8718
12487
62550
891
59658
20998
25768
83103
4725
76585
50335
54788
51116
55510
12002
75159
23306
32098
39462
8054
18771
50440
20797
38619
33815
44208
30403
47525
71884
13619
53143
40287
65159
6908
90486
29722
95775
96701
80607
8656
83902
5514
89673
53447
71471
52147
30671
52118
632
99949
80643
12624
26407
70782
6879
10320
61722
43847
92412
86295
34503
84922
86926
76590
9516
16782
83829
25667
13627
53695
27195
6509
44351
4854
43781
44366
77741
27457
21149
80256
69669
21983
26037
80377
33000
84080
67812
12687
63348
55997
17500
89700
76090
71354
22943
60487
29786
10860
33017
10638
11965
48303
10594
79717
68837
21426
39230
2706
87001
28271
24399
48239
80183
22224
20549
97154
44457
28909
79871
35179
13262
66455
61336
45873
26967
81406
71935
74750
63904
7379
7219
47718
7520
47723
61250
89810
15989
65518
73984
43858
63628
95365
28473
16949
48010
42414
20440
33043
7643
3596
39565
93172
99686
53981
10825
59446
870
63198
94346
7732
73423
13776
63522
93152
95275
67247
9313
92632
38335
11323
72522
42099
31487
69044
13414
5892
95260
77971
97117
29472
30445
53196
45878
74025
84978
83304
23784
2494
1694
3332
72160
94016
99042
30738
20557
87669
64646
12045
27505
83564
1772
10759
49762
2506
76378
52170
69691
10893
54128
60261
85759
69660
65316
17818
94996
96705
68092
84715
23441
52961
22172
73963
22271
68714
83792
21749
9436
15176
74826
63122
97614
12882
85178
1332
12106
52032
61084
78031
33882
77534
11377
42418
66432
95875
92906
27627
51062
609
92742
26978
63101
32725
73194
29181
29658
15016
22986
36809
63335
27981
10970
82616
47969
85300
8475
9387
41480
14100
95819
97944
50278
7080
8194
66224
36697
76145
51685
89880
70456
62242
8399
64887
98825
94339
75284
1229
26886
95835
73568
26578
46110
2203
61185
81763
78273
27445
89787
10178
18011
81362
45467
10290
36798
29457
29261
45788
46059
89450
63378
10320
79257
23128
7483
18575
60261
11027
85556
34882
27897
90309
8862
90073
61366
56461
61998
73606
90401
75051
7680
88239
21907
79027
37600
2011
3932
85024
36447
64203
50948
15431
83809
22590
74189
94904
75047
65514
28338
54035
42181
2644
11964
19891
50281
88880
42045
52363
46292
19177
23865
20724
11577
92613
46197
93143
68662
20806
16729
3714
80089
55072
5406
68688
8374
37182
2743
90583
5458
33104
1506
63742
76528
7803
80705
67575
82101
55760
92659
99846
94336
32092
25321
74830
39120
22154
13225
62507
75118
47823
93809
58150
83114
90080
90476
60981
85785
29467
55698
14626
73468
91443
8015
97152
18785
98268
59067
22797
34773
78222
51703
16603
82479
11360
73710
48088
44085
33932
93084
8476
79393
77464
55529
73713
45682
40561
62171
52868
4505
63394
80531
25381
84272
92111
45566
37699
57002
80053
24074
65487
6153
67580
79935
56130
68352
51437
47886
72045
30606
27613
77824
80113
75927
17490
10964
37192
95242
58962
99915
50130
59862
68640
60626
92974
90062
97169
8652
34669
7501
34696
4048
42089
78236
71641
33907
63358
73366
52991
2892
20787
51413
35053
60046
34060
36016
59712
39765
442
52934
36305
30947
60760
87349
43576
18964
96036
60762
63369
27784
34255
2367
29375
71286
47899
56005
68276
67828
94937
61995
16685
13463
20049
41713
98081
76438
84249
98817
75246
81710
26879
39660
92964
81448
61152
47081
2678
2060
58145
94914
23495
70176
81320
71915
54643
30315
33852
3160
41076
90247
15661
43509
83030
74187
82862
20025
33505
84000
48036
13465
93744
19745
51332
8864
66575
8583
38108
16062
60124
80291
10529
99425
85309
52567
50776
50946
94207
21466
98298
76783
98419
9324
39972
43280
21921
25259
41993
13076
97773
70186
21997
11900
41123
12845
37279
94046
65099
38514
56397
76724
25825
8299
94443
29122
21457
13997
31436
33007
39447
18522
68277
19782
49259
89986
60678
78283
97194
61616
84864
87310
62224
2570
71755
71850
66185
76559
9988
99011
90022
62511
55469
26929
20430
54429
98285
52541
93267
50278
21474
73748
31810
61521
22183
70458
21437
28712
13296
1441
33094
82850
31473
85986
73598
39883
36227
8211
86164
90348
97036
22937
52514
75471
64121
11028
1826
97984
47575
98915
98119
55277
18504
33952
70547
62242
70288
71585
91824
4959
14140
7217
43099
60528
55674
36795
28266
69837
7638
70248
80941
5510
76675
76778
12129
34409
83745
26896
53086
21664
82107
48402
44683
10760
35909
83188
18196
53665
68437
65997
51237
16103
65362
645
19841
34140
77412
5199
99549
34886
20024
70947
30591
7547
35387
38064
67258
1713
51246
50174
72971
1233
74572
82691
53056
62717
53981
99416
95519
96428
51994
29137
25718
2724
79818
12451
17383
81035
41731
68504
96700
60333
30606
9469
82961
74367
39437
24392
43235
556
76877
8451
7734
8310
19133
56136
5258
90538
93633
52224
58469
38759
6065
47357
44388
37320
90929
80755
38952
76017
15976
88918
75717
91437
33385
16066
89716
37593
10649
11268
83313
14791
4934
23032
30423
43015
27215
8785
76585
68379
10777
54264
48712
85456
7811
67992
87419
50298
51605
70365
42127
70908
66263
25578
4336
64853
74799
85455
7794
34713
15204
29937
3466
99443
6343
88314
62371
96485
14479
34261
59339
3727
18690
50990
95200
32626
63997
24900
82300
99007
9552
6576
2838
60531
44297
31452
45717
50550
81976
85863
86080
25090
65928
78803
68161
60308
12017
49858
8690
72366
73118
24442
43258
51338
90468
70795
62802
76038
84494
96856
92541
12373
99485
22416
60215
64888
3403
75481
37447
13862
70180
66136
25272
45431
66487
18389
88039
11961
21636
37492
44388
1087
10766
10654
56651
1159
40586
65689
40337
65836
72153
91281
54030
88086
2425
88613
62934
39818
20497
54480
52140
12012
86524
81622
38699
86724
7192
32615
53752
56897
10919
42568
32527
95144
21046
82807
410
58568
72383
76373
42264
6867
41160
15305
30075
11252
72580
25954
62470
14494
7613
27526
64204
12516
16544
70951
65297
86562
18235
22657
73568
44035
28683
75582
28692
38349
24341
64670
68417
38028
36572
67617
93433
38694
91483
22996
71677
2743
32653
69663
58052
89885
94569
37059
47636
72298
41330
91980
52706
11884
21409
36741
14335
3502
8705
54887
75493
38221
76737
31111
55037
41576
55869
60547
27909
87508
45859
95059
85385
88206
52020
19969
57426
26048
70703
60695
32770
33864
60284
59360
59660
56715
55403
76150
62540
14739
94005
12028
96072
62303
21604
33689
86545
36707
93234
63754
69784
60669
18852
51173
49062
29574
88070
88660
17775
72568
34757
51992
29591
14295
38437
20401
54745
26141
5939
49776
73401
18412
41547
25871
47891
46036
43909
47501
40466
65482
41909
85003
23042
69121
41770
58857
30425
36511
69977
50726
84340
36927
22988
84242
45249
29694
92553
99839
23527
42934
27489
62350
24103
40651
27526
33015
41273
91535
24299
17509
61634
68872
31058
31031
89006
61953
86010
86108
7757
35420
65284
27742
73828
11439
7566
57699
18271
76676
5948
19932
94647
17464
98211
96677
5971
8557
57063
71552
55486
46528
57211
67617
84061
64130
81269
52847
60801
20686
4511
99888
87271
15678
49519
96746
57789
2840
791
48651
46209
6845
52736
65298
59746
8968
37108
74356
21264
51683
30921
33109
84401
9287
25164
38108
15274
36574
50230
40421
67352
20330
83400
12244
3931
34359
24909
85819
97807
95583
89334
30922
18593
7331
3229
28769
21785
40392
72991
88632
47716
23484
45193
20603
51488
99454
4130
90867
85685
18890
15856
84661
83278
99309
7109
43192
4109
21859
10923
81866
10649
75312
71915
76707
84298
75
82411
77000
67820
25705
51844
32972
26318
62372
53571
88
20235
46105
86140
15778
78437
16962
80503
27680
72394
78111
41229
9230
62358
62499
31309
30642
55672
68598
44613
16639
19018
62729
34924
29396
61173
29398
50764
76654
1273
62041
35576
10028
81206
45805
67916
65679
16754
22708
18470
74289
85590
86384
7271
65021
66275
72596
84635
19946
22501
35539
34784
54994
32974
39973
60216
6193
27534
25575
21443
10818
42479
63402
30872
32045
98719
6186
81414
12141
32634
94470
14855
53112
34323
23398
15510
7987
20314
10926
94348
88080
93300
5345
89027
49723
91015
94780
21866
75316
62160
83919
1015
98635
26906
61606
74242
58379
80144
75397
92521
61503
44163
97473
58975
6349
85701
83677
1533
54607
42285
95498
71949
16272
68653
19133
877
60920
82288
39676
78172
76564
54512
2985
9725
75994
58759
23112
78154
29916
73177
96046
68426
14546
77854
95297
26061
92629
31494
95489
77306
39584
48381
57396
62832
6341
66524
40655
96859
89898
76702
12856
70776
41912
18760
88010
80721
30008
13941
90206
91733
42339
38751
23775
25194
93645
19045
43323
88124
6323
396
85733
37555
888
44126
61035
10815
29982
43195
87520
24149
98638
78802
20218
36321
56031
19985
16466
95115
25254
80615
29147
28309
11998
720
96693
88241
96652
77649
15880
68542
8390
615
19441
26876
98874
97052
46960
36813
59001
50986
45400
49212
41968
89655
11364
79356
44423
95037
60919
95653
16958
47281
28520
45110
35016
85074
80782
283
831
33807
912
88444
17498
33067
57220
11820
10433
18062
31377
59692
3237
29762
44252
64382
61043
10557
10584
86919
19135
11761
66814
91589
63222
31606
60675
5566
3402
50322
12940
50040
13598
92416
29117
94362
19035
45586
33085
41831
39322
99217
10407
42736
34983
83533
42245
9089
16704
21676
38394
18774
38987
11247
76322
51900
40176
26207
21578
69604
88550
13979
1319
15443
7143
18148
75748
33126
75693
92431
35797
72769
36357
1621
40636
84868
33554
79979
47297
51937
2551
1862
18795
67811
1476
83086
33175
16081
79639
66988
68934
18799
79482
82665
92391
84188
23870
61421
80747
48570
23559
3685
61256
73177
83601
50737
20699
58465
12124
58782
5149
46357
86735
35466
65322
56152
75914
51382
58337
96599
19518
62902
48525
75301
10168
88671
3625
35947
23560
17425
7903
16453
46983
93224
90908
85757
67570
16718
49743
3122
15786
45918
12520
77960
84316
27199
71692
19428
92202
95073
49735
85211
77892
80526
33960
47889
77884
992
5090
67290
23583
6169
40655
4226
3735
82843
63551
11265
38356
51949
11371
66987
33697
28677
16137
16480
42061
4616
10351
59817
37713
28352
70360
48429
51010
53516
77093
54996
55399
3340
91183
78205
29166
50258
57862
59884
98856
97265
69474
35608
2020
37558
69059
25814
44129
97352
49482
15534
37998
6081
28927
89069
14565
7331
43144
80295
16340
52582
53353
6887
97552
57933
61302
22495
80304
62649
47511
14083
76250
99363
34638
58342
81491
39296
7927
66624
64764
4602
45349
81288
37380
99237
76829
16137
81227
95257
68162
22041
87862
48396
44265
6776
58683
47512
10383
85699
4167
43554
7824
59785
31053
90599
36369
18078
44029
34055
45496
3458
73408
77407
97995
1159
96885
60833
12925
39185
95420
45817
11205
94451
69250
94837
97246
94233
42845
95807
75662
71840
57726
44992
14533
88212
74786
80399
90544
65901
54399
63430
90957
60431
8212
79215
35704
58353
85333
21675
25094
82490
13907
43099
23912
90439
81389
72009
29560
8067
13247
11783
92233
78664
86093
11431
14892
50108
46636
73109
23083
12548
11454
12969
78673
55508
44601
41587
92412
95165
36538
52113
84629
42264
74522
8385
88229
26709
18058
98299
58234
82682
89906
42025
29594
53267
63782
98792
22542
16808
56424
16380
35508
34913
29557
33750
61552
46622
64938
18384
46108
16569
24634
69405
34087
37936
39530
85024
60578
76229
63261
89136
80734
50205
54737
8433
39902
45857
15407
46396
60877
599
49287
47248
2370
30550
77806
50400
26088
75476
78841
62105
25064
22241
69146
8455
79121
85140
7405
40800
95744
16523
50860
62135
86230
3848
68961
22422
36578
59809
4276
85889
50084
27020
41939
14355
52088
8505
63994
80209
14717
51202
11422
45764
23440
61794
82730
77766
41370
76959
93271
81908
53474
99121
93837
88318
79758
21736
32378
97690
38148
19793
45663
23318
23536
59692
92515
10214
91998
2418
44272
79149
43060
56045
29365
1355
49330
13547
3343
33592
49433
98790
77299
67405
56562
30814
65156
96667
73209
9960
45442
31797
20959
83187
59726
29655
38459
28841
25388
6552
71760
92170
38168
40854
76439
34850
24131
58445
23917
24991
71776
77374
99801
21712
94294
77560
71992
96806
88161
49246
8215
44643
36037
22671
18966
66258
75100
97197
88629
72084
28699
15436
50270
74574
73766
59866
17052
36402
77143
20840
25911
31961
79299
23673
50841
17075
38082
63571
61389
43876
25177
72720
79654
36573
13992
4924
35377
60376
28196
19553
68519
37499
28606
82829
86265
95137
11864
56861
99361
27690
78493
93887
13801
96658
61802
77674
78716
15272
55708
53353
44069
8365
67183
86810
38406
61225
16690
3670
42796
11337
45927
95395
35310
33419
30886
60461
34133
43663
31784
27377
63369
183
48586
55074
15227
9714
68769
44467
14556
93517
92042
30238
77426
9121
49142
49802
76991
37077
28091
77177
9714
85561
44087
52787
24073
52075
5482
5199
95309
77223
81474
31691
83067
42730
43299
33724
15673
97553
79838
76266
77184
40157
88283
12411
24248
29741
65561
36411
46560
59409
37870
67778
15181
85687
17619
54036
18649
44014
41750
2676
71007
9161
68535
96302
3600
41105
3467
34374
54671
45321
50019
43907
59123
60670
22075
61506
58093
95824
78266
33757
20954
77260
50754
27797
80166
69004
3790
3577
95056
83686
13414
83488
72389
33284
42732
91687
78526
69231
21744
90517
76126
95375
5444
97412
33108
36276
68619
23272
65716
8650
81808
60658
40892
49194
56633
34161
62435
44758
82990
2741
43966
5590
10286
91477
29541
91490
84523
65607
52519
44199
94088
20661
46527
92151
63517
86275
63267
29272
68198
59472
45740
36635
44122
20779
94458
34874
18858
69795
89027
43626
83044
45246
73304
91233
8330
45992
73540
27011
87855
68359
88177
77700
30901
12999
5832
52121
6588
34867
56480
33043
38637
24339
96285
7160
91917
80343
74384
4623
88219
3131
8873
29591
62791
23035
29104
833
10054
49574
59593
92277
28273
62255
4774
294
97892
7383
29533
83246
22813
49481
21183
88050
22490
43051
6811
6736
24305
6436
89678
14215
14570
93397
65993
14305
76468
94089
23522
24234
25921
17590
66073
87795
51483
11916
41020
37202
69522
82775
56186
62827
48237
16131
8646
58455
12318
30878
31720
41908
88357
29844
97735
8785
2990
8026
28761
47438
18311
69168
70708
65276
3397
80980
62588
29711
63341
81089
45316
34154
87082
23300
14700
56779
2484
28307
92713
33513
6408
86664
15547
43341
44028
24824
10486
33961
31515
48499
45151
39993
17848
84127
50920
9023
92806
19030
59181
22490
84751
75117
89653
29352
78285
48266
22898
55860
32229
73502
6202
26595
86507
7519
3334
18018
68728
257
196
33711
68493
25987
8295
23751
59844
83010
35660
41166
62159
404
91190
5736
96799
89683
73437
69377
52511
88991
20979
87906
91361
20287
87692
24735
12360
84478
7416
71437
86282
39416
19146
66103
39013
75317
4828
40027
38730
3322
83249
56597
77443
53749
69797
36682
35811
9853
13886
30814
20278
18369
20347
7262
21896
87682
62087
72748
13467
30956
14275
92207
81564
70628
49647
4576
45643
83569
59308
5677
26495
87021
59280
71347
11769
73829
76725
6007
74824
68968
17907
21745
51863
58013
99266
51107
4591
7074
16548
57846
3380
48610
11989
96035
55858
32408
25316
51161
7729
85879
67301
3110
66826
89525
96844
43912
55687
76518
25785
83182
57759
31249
12592
47209
76469
82266
39765
84486
60736
95097
76549
58470
50483
53903
26279
50994
9371
79910
2479
62969
42698
1006
75528
24383
71388
83418
68951
46623
21036
42
48263
37001
56964
33405
43000
90101
49363
14235
83765
50651
61003
58989
27666
1442
27982
96860
43888
2164
63421
75046
647
10992
27181
49195
80870
38735
78530
46892
37888
20329
55174
36823
14884
37003
33399
83423
17666
23284
60800
5972
47369
45590
7822
18068
55811
93265
83511
23844
3078
7140
32932
17288
61679
18079
13162
28334
75772
49962
18334
62182
43072
97411
20716
84004
24750
43769
74031
21446
7824
42054
21606
28223
62754
32137
88855
96880
40051
30869
16852
8301
711
78570
14867
41723
12917
99732
896
67833
92370
43077
41811
27393
74268
63503
73069
35599
84106
78644
18477
89416
937
86128
38000
37515
48684
65901
85047
37693
88394
55154
79363
47864
70900
79247
57810
23647
25395
54223
44189
83927
11518
11826
7926
32345
55348
49755
35947
25294
50608
55490
99875
23103
67151
67680
93519
32713
9661
56966
15418
62388
6512
49812
85264
61386
55310
65301
80441
73929
92693
58547
98227
74293
18173
6924
12405
92765
83787
96068
89581
27193
94263
13964
37320
99011
45223
92085
59030
28856
70468
47672
9371
42603
60888
75000
57724
50951
90419
15546
25125
12297
67064
99582
5000
60013
43626
50403
59637
30633
87678
53137
73213
64652
52875
5529
35200
52698
58069
51890
85244
48646
25029
44593
53387
15777
18603
44180
79124
59191
13589
33929
92480
35815
33924
8245
43018
87619
17802
83419
27862
18716
47012
88
30310
89213
51608
29518
5618
45655
61650
43040
34798
10624
29583
20863
86964
63617
55136
8252
16483
25112
35623
2657
27705
61024
95854
78853
15509
36458
85695
62990
50331
59142
90592
53708
7825
21508
91829
27383
71202
17649
9529
41251
69930
22040
99201
20885
53715
79824
93981
62728
32873
87018
12989
16305
23132
11606
70070
21386
80453
13379
24897
97508
5631
17716
89543
2789
66127
72734
11310
25245
47146
41873
91314
54423
91796
67541
85110
80557
42818
32300
1740
1600
86352
75617
70569
4000
71939
54064
763
12261
31713
2056
64165
97159
91786
79172
83534
1190
20608
30822
24573
68045
86218
93326
39362
99695
92714
21952
52488
32192
41978
96843
25648
46984
19915
56962
697
93287
92951
48759
77182
75045
64044
38389
23079
39101
48326
80626
77363
73480
15543
75226
19647
96960
27804
72205
5832
65577
13365
15186
608
15070
57374
90419
47049
52175
46033
44876
34867
59437
35184
73299
75168
49901
33292
43656
65548
5300
91966
38128
82300
25081
66065
6192
18033
60933
2269
56712
82511
24530
74684
10597
10760
59003
95515
94824
50373
40117
65074
38882
9728
48055
64296
87506
91701
17881
82818
75978
82221
34330
57598
99064
67632
80688
69615
6955
18404
36020
15099
74740
65312
95891
42029
13897
99973
5952
65947
28554
44372
87210
53420
97753
34613
94058
2000
19756
23545
84307
67010
14438
71369
57268
87266
59973
94871
28809
2519
28769
66238
65747
99472
51290
16178
67602
58018
95849
82586
61817
14301
14447
98840
97795
67791
18658
40587
32196
67599
41974
36897
9564
55560
36324
92002
5333
90888
93462
55315
15943
95679
44730
90491
55292
79694
33901
34355
90009
8830
39844
8597
35427
62262
83118
35346
34034
87132
32021
85206
88270
84720
89538
76376
57286
9186
50683
19660
21066
13897
33686
76317
66441
23486
75257
41964
95959
10323
43812
27226
69936
27103
9932
71172
2551
41007
33020
25475
29349
24416
22261
82552
29145
98918
19025
37264
22688
10753
96283
95226
14325
41530
6904
22192
59436
27035
31752
66988
75788
51310
55937
89703
35638
57548
92836
3340
96618
46789
43474
33984
54788
66025
22324
30359
79180
50567
47294
18823
68145
20870
61729
43353
43447
68987
30189
96649
7300
9099
49554
24
85172
94162
75099
71985
90855
48497
61899
54958
20594
32012
34963
77836
71922
29436
75906
78391
41182
67052
83967
54170
45355
49619
77884
41261
61963
22162
67964
52135
71926
75937
32718
38651
99132
88832
5722
35358
64726
97525
8518
40867
78278
70120
60868
91847
62199
61818
95314
629
94143
77960
36449
29849
44918
97792
78140
77189
48148
84422
46686
73323
81687
25810
55603
14765
95680
34744
85560
42590
14376
85725
76380
20547
9157
67364
15645
5213
27281
90186
16167
54154
40142
60341
23785
4141
4588
37763
24552
56288
27071
10217
58700
40896
77596
45987
4988
84598
75540
28172
40965
33972
50604
68200
36946
9076
8277
47748
8747
70657
36469
9722
83724
3781
95268
7031
4579
93165
67506
79729
55692
73602
6919
96809
91882
2539
32355
70842
49693
13611
91289
85190
99573
91963
57545
51724
65874
46805
56208
38976
54337
97545
91026
71322
68683
52931
78157
3548
45191
1865
31331
30065
56716
49901
33153
56973
47702
18172
52536
33016
1856
85413
57527
70547
60124
69862
72245
42974
3330
7542
12496
27752
36411
87940
96094
19488
26128
68029
47576
25414
29706
75900
51178
78844
81941
59796
98601
12152
38242
13144
38696
1109
38461
47380
95959
52637
88878
21166
96994
88775
23243
20227
52319
25149
80811
18335
55370
41034
32502
36918
22513
41936
12827
83627
48621
54988
83725
13773
94970
31350
48137
59572
59618
56633
67175
92835
29500
14348
72995
44893
34483
75131
11131
25535
74388
90346
67367
8340
33960
7787
65929
88419
11708
39787
70649
13800
51246
49350
9811
30320
73114
58931
66911
86611
84097
70374
38827
60854
66410
52230
80791
58827
66903
3727
69899
75833
18787
1388
82007
71639
70948
52079
45744
87947
17618
48118
24646
98702
96304
64380
81384
79622
85038
25727
27316
23220
76032
34281
46966
91565
33426
27740
50195
66076
44822
62666
11570
83377
60164
92018
67976
85990
9104
35583
74237
95129
44177
47183
43993
7947
59652
46929
50461
16477
85092
54127
49551
17136
60318
85195
69252
21580
8222
6817
62099
37595
51612
64945
36580
92015
42328
85447
67587
1461
47241
56933
18803
1393
94123
33673
51729
42918
65976
76988
84195
10182
49992
35871
53518
7253
79406
22119
63194
72818
69694
92812
42528
31097
99059
66802
21199
56583
49777
83123
97883
5635
16309
25828
5831
11436
5738
53323
57311
94393
28820
69287
42901
5948
192
12203
52605
75204
71555
46512
45830
87341
13396
97512
83141
43247
694
30988
29798
56045
8196
69787
26061
46241
67185
61293
53593
92846
21910
3271
20707
41678
67853
63334
1698
24079
64428
23133
76604
59521
46340
34395
64827
29537
33810
37154
78050
85358
70514
66970
36759
25929
70292
73817
95366
5099
76247
75544
27988
17418
20618
53109
54690
43545
28140
16236
3646
99363
47576
19944
98603
54692
36888
59679
95
7522
38291
15501
48720
52652
87417
14451
59536
7743
53015
98472
59038
98568
36199
65638
38545
56353
60465
35995
54414
56938
9156
79916
89008
30480
37816
16784
10888
79146
91479
66780
88082
10934
8757
39141
51475
13287
59413
33759
86063
56489
28450
60338
41994
25870
23083
46057
29076
49934
52889
98286
24343
45040
16444
22485
65384
63452
23996
12097
44066
27034
59671
68521
81670
58156
2969
42465
51232
38775
96684
44384
29119
63449
54022
49842
57538
68792
37109
43523
78451
87844
35468
14093
47151
29929
6433
96271
62311
56847
11492
79567
90489
43053
53546
75562
90662
96944
48797
25617
70073
68846
84412
24073
68192
20666
36939
20523
55594
63822
42181
57526
77402
41647
83063
15064
60333
47267
72890
71841
28236
74723
90837
25683
60330
11725
50893
56155
68640
78230
42814
89227
46924
8656
21072
99300
11007
69419
66604
18919
76487
99192
73151
64258
3960
66372
16269
52656
8778
6619
27848
72829
6121
80215
94411
82338
95739
18222
69760
70844
65549
29434
92584
57584
35003
79375
98934
14441
80930
69392
55487
21026
34316
97280
65372
8226
246
27085
54369
12410
96105
47600
37346
98476
2237
75905
21745
83579
28941
96328
55420
5857
87358
5726
6934
87501
48256
52358
10554
23018
21220
87173
23930
21815
7024
83577
69327
49006
39110
94746
25484
30032
13281
50076
38080
88946
78838
32284
49741
15349
64041
31674
6114
28327
33115
30448
7622
33380
88720
95665
78122
82655
54627
34200
36283
46620
30519
56015
67047
41677
87328
21280
12733
46725
5907
61700
38032
85950
34210
21788
62234
24826
30897
44609
36829
1199
61768
59754
21157
32500
33657
87843
84306
51393
34564
83686
80821
76136
2182
74435
57632
7752
32861
24450
39748
76698
85607
55650
60680
42378
42676
30998
28808
18876
94519
12633
92357
42082
18269
57208
52361
95981
83829
59483
82956
5759
32154
4534
21520
23664
88958
11380
48527
37934
35448
52958
57653
94841
50667
57240
10989
87453
37075
93594
64501
96517
87036
79913
8499
1817
11541
53319
11733
83120
53172
82930
14937
64457
33582
36029
72282
92794
71046
56364
59739
99610
36198
23368
65793
55854
44646
8451
84363
8098
54941
41139
81329
83286
59861
1462
56113
1694
52037
54460
34891
98795
51854
75728
94425
2624
27765
31582
4486
12384
15861
12026
80980
84681
71622
21323
22302
77015
32717
28724
30901
13807
93462
20775
48164
25128
39117
15460
71625
22558
80173
54379
39142
52274
83795
64326
11452
22617
56875
17882
34856
13111
99445
96068
43396
44903
30247
38080
1022
87802
14565
57527
7236
64245
24586
20836
53683
85237
63473
70385
24377
92742
68890
43590
54934
47254
17680
31066
98481
43696
97065
15039
5044
88020
11587
81505
18810
77322
29017
71848
41451
75306
69156
39203
7538
46719
45144
53125
6799
30
60373
27976
60024
21828
92825
56617
87744
95852
27858
58291
6258
51405
12421
96511
70340
65705
78278
786
24735
57223
44994
32254
27999
56235
52970
77381
75211
86239
1299
75681
42199
72789
1595
93483
2982
85917
66783
55822
12062
7925
11444
9701
95705
9386
74063
20731
48490
60468
43545
7659
78389
69022
63639
47293
52360
99017
42814
36548
93740
68819
5145
840
33379
97139
11637
28248
71098
93468
40560
63177
94437
18621
8407
30849
40544
46586
94616
96196
9035
31674
17542
664
95093
54978
84005
33829
74886
24866
56690
8697
52616
96965
52959
8478
3015
9696
78784
44783
98409
21833
95242
25615
80227
68639
92189
39758
35314
191
35675
15260
32741
16981
78059
95880
39201
84419
52651
40651
64971
17733
24719
41198
88236
66745
25709
82525
16296
90212
3465
56559
28242
89
7525
31214
4588
2786
51577
9517
94959
87805
69707
89856
27675
83068
42242
19448
88547
4878
93261
81521
39369
3713
51877
45349
33535
40798
89722
62551
84067
36106
55793
27486
22577
9316
45468
97976
27035
82846
17823
36480
3933
50675
11671
43330
11905
99615
1048
90669
87028
41934
46003
29771
21282
67108
56600
97321
11195
2179
14531
8198
14130
96644
12250
40055
18291
48994
51599
22520
78844
53986
97180
16833
94665
54408
80594
42923
81882
94085
91269
23510
14567
17762
71106
38114
15484
6477
98323
21265
33065
44139
87493
8848
75139
26883
60801
46605
72305
74136
41277
2081
37535
59878
90223
31890
99320
39319
86714
79676
76121
96589
45261
66935
71344
66218
79163
72719
3078
45060
56201
52844
76245
15663
85714
38195
60583
50006
41527
59916
97600
61573
4844
57764
68840
28708
91424
51213
8100
79137
17251
90796
71280
27266
92568
20655
74169
92253
86267
49284
53469
86195
36945
15173
466
67880
50671
15109
10612
10568
9175
98162
97006
78634
42062
98874
52108
65502
75193
8978
67070
1473
34601
80413
20983
38730
40971
60540
81469
50810
68571
2870
10095
799
20160
85433
22130
31106
61666
76938
21585
97102
52626
55906
72952
11238
40424
15049
88168
71507
71597
83360
23173
24196
57481
17422
86218
30921
34818
42020
44346
47184
83769
60130
19359
77413
34335
32919
98896
71767
36610
49694
67879
55435
32141
96501
51614
89701
84256
73796
33233
52200
63534
45235
29894
13822
14140
31150
34060
50398
60514
79569
35885
6490
40178
366
93095
41491
50887
74623
17191
36597
65207
10905
67832
50951
33640
17154
79179
61725
66693
8859
18350
15142
29375
87754
95852
49002
60582
47322
20113
64868
88184
36343
55436
56910
7562
23451
89061
87281
60303
23471
44195
18486
31106
22114
80701
43611
98088
91792
54252
52430
72530
31929
39483
77328
67591
87561
16637
46650
93491
89311
7614
62989
64582
11925
85574
65864
31068
45677
23338
55301
6068
3823
92137
2550
48429
91135
26572
32089
59302
37935
82239
86813
29681
68253
47236
703
94322
10745
25123
35648
52609
1181
51959
91192
627
92290
90587
55574
32753
4464
6022
845
78741
78011
98244
40103
26874
45334
59369
52494
45538
57189
69891
89537
86535
7138
56269
94971
21346
32478
89260
51616
31678
99782
85094
14800
91605
45521
34718
74143
55043
48493
66842
60153
28030
9033
20887
35550
75125
63783
8212
293
79462
81605
73390
15120
768
64162
36084
53555
83866
73518
70569
11887
54654
18038
12904
55780
72265
22063
53477
7815
10028
36604
71257
97432
62402
92872
76882
99029
42628
99323
4148
70417
85594
85915
41074
60625
77170
31020
39572
9191
1014
90822
97711
88701
13695
81150
16211
1739
59093
82705
57066
32455
87740
40082
88585
33498
99863
36666
78842
21056
33593
58521
27614
12807
45214
24677
73051
7029
53761
29376
39351
87020
18553
67284
38981
61814
64971
29536
63440
30005
94972
52386
18175
74255
31165
12698
37347
52395
35895
16030
93208
48252
63634
1806
42765
69187
50983
83413
10521
47554
38506
19213
40684
44565
5405
29481
90814
71445
94962
74908
5766
91558
1373
4430
62830
7278
46497
38797
61155
50585
72947
35337
44306
19453
17293
47337
23936
50480
58136
10165
34751
60123
61112
82224
99069
21011
17023
13409
82839
94711
91789
68526
24718
81744
5325
58681
73118
90023
30655
70092
29761
49511
14118
58005
7393
5923
39785
74964
15311
1910
34747
72548
90418
15937
31840
34602
31826
73256
31808
37144
7677
75655
82263
11684
56735
2248
42731
30989
8215
33121
23751
59952
63271
46598
96184
38490
60861
26849
96706
74094
85460
91071
60464
98607
52536
32849
93702
31431
27194
16530
72849
53359
38563
55151
97532
12095
95240
74679
57250
10926
25919
82513
90335
34566
20939
70257
89922
63220
20661
87222
30185
68145
58097
34585
49151
43470
25661
41525
8943
36345
71288
53116
50632
65022
90417
56695
87751
85604
96092
69017
46371
3720
79610
57928
41539
76050
75051
32935
79096
19340
80748
26089
63768
99119
15385
96869
21254
28490
5098
95338
5634
15171
51597
55003
50137
49988
63612
82995
27759
88146
42620
23773
34157
49654
24977
46902
41376
62219
52923
10183
24827
97253
33777
86961
6197
57226
16211
69825
52823
5717
30781
72689
29036
59675
18305
94381
45795
33144
22703
22790
79200
25913
76812
12164
14573
64994
61229
57790
70235
29250
69266
84380
8131
22822
81364
16696
36456
11900
83246
28112
15227
23086
38055
93376
46657
64421
93442
35194
21165
12025
5219
19787
42959
97180
83754
36202
70653
75484
99039
50629
68676
88426
40758
61240
26510
70532
52594
76060
49558
41973
88854
50286
92933
81265
92277
35922
20933
98669
97446
85082
51508
69908
31255
31360
67253
35886
97350
95093
17988
90205
68861
31447
36519
92396
11304
1810
60049
75703
48757
46317
55782
63290
31814
22490
53438
79197
48903
34563
89836
73731
34479
36789
21800
12528
35442
32712
36555
41785
73992
28901
63697
87871
26452
77690
76967
75662
82139
28596
5427
46408
77632
13443
78543
83891
49157
66041
23670
26206
40678
66233
25743
55791
98473
40997
53458
17179
30567
82327
22325
57626
22843
81279
61314
83603
37132
47955
9369
50372
84156
14786
47229
40325
11117
36528
35702
76663
10337
47866
32685
67448
22760
72633
52233
38888
28484
24176
14638
27684
94452
84206
73166
46054
40867
61737
99507
23581
75716
88826
94361
5518
20778
6088
56881
24271
20793
24939
29707
32044
17834
14178
86200
69243
31206
68338
65963
2570
63869
18654
83106
6582
2075
80688
21548
30985
12579
64068
15012
18012
80033
6511
2136
67214
20004
64810
38679
87009
92513
54668
35086
67322
64498
3568
54740
33387
23502
88549
63521
91525
73901
35101
26202
45314
95280
28085
67727
67248
4616
17209
1799
37249
24865
93801
41476
80138
60934
26662
28373
62439
90391
23012
85833
92790
31870
15352
68648
12160
78248
27514
11281
65476
93006
98559
36542
62474
58815
35259
28310
10008
94502
72113
46890
96936
44063
44810
73194
93104
37911
88394
99586
55278
77223
29853
28770
92610
47584
83964
30024
21441
71489
15309
87861
68011
76976
84736
87633
51654
12221
41794
94416
26730
91596
66374
49815
4345
71216
85960
86180
60543
29005
82384
82974
28844
62567
58972
99728
61688
43097
76087
94568
62467
12337
81104
60527
58822
55344
69669
47273
65060
19942
62415
79542
37805
35458
44356
6209
26984
68437
65809
66326
30945
64963
45101
58925
38923
23058
79649
73295
60532
38557
15096
92694
759
90649
92395
41899
6663
81440
56405
12132
45189
40098
51453
57884
86324
33752
78775
5569
78588
94421
5345
66693
45703
86376
95631
19289
87656
66179
93146
52109
32485
17479
52251
11102
44851
73681
92242
69666
62088
18655
94783
96995
89905
17582
76687
7125
5657
9157
50707
13601
77276
98200
35666
30730
32554
86578
21008
75509
83177
55258
28503
38017
15581
2631
86783
76380
28913
68259
58288
29767
24575
75151
27628
33123
65243
27009
99703
82224
53857
61393
23011
57648
94248
89965
44419
45043
86814
1919
55027
66916
59253
30830
17195
43986
34575
95066
41433
65394
31941
9911
38727
11095
32645
52257
96820
44303
62466
41788
46352
6291
71714
85895
86789
76844
5583
84290
46845
27187
87536
55270
83654
75171
78037
55989
98316
80770
91494
77838
84345
72508
61700
13777
52740
47690
42902
73180
38352
26212
78618
35547
17783
20005
39083
89904
31987
33514
21311
80325
32059
57799
82000
72426
21737
43008
87609
32334
4206
41372
98277
66134
60655
87118
12734
65773
41619
42984
46
71909
55862
43661
72459
3425
17182
59968
56030
88491
30943
14493
54716
19169
19038
10800
35399
22338
65610
89056
97244
85420
12985
9633
75751
72326
25466
24712
22757
67686
24596
99081
1127
31028
6623
81049
99003
56881
81166
64675
16656
77985
47980
73889
45350
39474
39844
64266
17695
85400
21644
29429
35012
19125
4013
68255
54978
44683
30497
95703
13740
27888
49847
93547
70570
10368
16118
17913
73058
34361
51544
8834
16178
1654
42311
30218
22922
7161
64472
2208
8147
27166
33838
46884
15665
79495
84382
99812
50718
93005
91360
27522
15687
16485
64944
44976
92243
13245
63338
54528
26780
88595
66117
71964
48915
79562
18726
42683
43928
54233
14226
49372
18347
17760
44947
6378
20444
2230
79666
72829
40745
26814
33045
45815
2327
82106
52620
31342
34601
72667
27575
70835
50912
14561
70132
8763
74389
12436
51285
21614
40213
21554
58186
28736
71447
30110
62846
44282
4027
32938
91606
33583
57147
17855
53418
25725
21984
30180
63950
55384
73865
23997
64339
43131
51965
60410
86301
34686
82538
37043
15676
26276
87693
70902
32246
19032
27633
32098
14943
98985
87620
88234
44940
43683
20366
99506
61828
39993
10587
55766
39700
4985
73341
4049
93525
33970
89713
32655
68848
34682
31413
85181
88705
73896
66565
54719
1467
84298
86472
38282
234
56108
22710
26227
30555
71591
69625
58873
83692
83074
94390
31370
92685
80134
51129
86077
25351
28725
84147
57847
52533
49795
22017
10275
21600
15926
76152
80418
28596
95339
45277
16353
55183
98303
7600
51418
72646
34806
29469
71931
81919
22774
49038
58
71660
24597
77543
96479
70441
8557
29985
82745
42857
63891
69551
18080
75623
60576
86724
13220
74014
43693
49979
17715
21351
30405
34908
82799
26722
71811
27425
63729
5868
60771
29928
80362
59847
11204
72104
54983
47573
88928
95644
27973
67268
15159
15362
21793
20380
72121
57766
55385
43884
36809
4377
75053
87997
702
45125
9443
98711
61856
84217
2137
71260
33899
41679
87183
37825
23660
17636
77410
60673
48097
23121
34954
69601
92376
78991
74033
32981
28667
66
27378
9312
96374
57213
11299
99930
26121
64674
21300
5618
82828
11592
59872
40075
59150
9761
70537
31686
30966
40560
20523
12710
91223
1167
33860
79169
84603
55225
54248
55283
38820
61560
19154
54406
65976
73203
54301
45883
79400
73949
92293
61770
65351
15896
9466
14527
14883
26043
39503
24230
46765
14466
83950
26833
86820
99152
88314
92130
50009
4321
6713
58373
45035
3967
89698
51009
69569
21868
60655
47883
22080
56205
98479
55777
91873
72666
34291
50586
98117
33974
1031
18284
7971
27513
33996
39627
79965
39728
49833
64137
28725
4144
2270
88710
95779
49230
77423
77825
7595
95278
75854
49377
96395
5714
47915
87216
44679
26667
33362
43363
28142
60433
24685
53891
45173
41684
17913
71041
46391
64890
82747
94665
88864
46828
12961
53736
70984
49294
59276
25879
22833
45119
83898
26025
18546
55509
56104
28400
60181
91812
49907
45520
569
77622
33899
30674
18957
10637
92147
28448
2623
10514
51048
48167
95340
48472
83174
16996
97786
77770
8391
54591
50534
53259
81747
6824
9243
57246
41997
93344
28614
12955
65525
67625
22764
47089
76718
89251
16095
16539
36877
58754
2477
83307
57159
8808
44180
14994
11750
44587
55724
97328
27076
48561
89652
57145
44827
83355
83888
50306
59885
68108
87244
32321
62049
12521
89849
83817
93461
36055
55968
80241
28023
97525
26890
80273
5153
5575
77549
95399
55427
9852
89718
54936
34806
54732
32574
41322
14426
48641
30681
33676
96849
4441
2358
99409
92603
79352
82476
60226
15229
38680
73047
2555
14660
42685
96581
93608
73027
57482
38925
96590
97334
23022
62013
40588
43416
34994
72832
94099
40115
32046
72727
86490
94956
26731
78559
50357
84689
85485
39350
847
65979
65088
2143
34727
10199
69732
72650
47422
13936
86641
40188
11411
87851
69606
8867
55628
60905
20465
23854
76788
59418
28645
88397
27140
48207
36821
65154
64046
35240
39268
81952
5706
10498
7355
54565
13075
99392
27973
30214
96994
99196
70627
98532
64120
46961
49990
45738
13717
11939
83568
58776
15056
14757
80925
53577
56233
58495
77778
55887
22827
51177
59690
97717
29614
60802
49998
71291
71716
52901
46082
28100
88658
38205
92069
635
11030
49756
51569
33860
35634
67392
26872
69929
33381
87776
27834
1810
86408
35056
9559
95129
29607
63057
38386
3432
73550
84409
65322
72225
60239
38810
190
41583
33334
68374
39133
6250
44496
95872
53974
61303
51698
41565
48571
13039
41089
90554
76176
4020
89023
71496
20672
7030
5262
65257
32460
91523
43374
1429
35688
82811
48348
99327
62875
15314
53525
76684
60055
26958
99470
9036
75049
53231
6217
46869
93177
2714
240
2936
9648
51522
81896
23971
45715
38728
95088
13678
34036
99903
10437
38859
76425
10411
80587
93889
52265
71520
85140
68820
2371
95562
58003
47469
38716
44369
44233
16437
69913
89077
66865
60889
29749
4252
23325
7973
96316
92007
77113
6191
5810
14454
64701
17443
49914
44620
91576
55160
80222
25976
3908
32093
72919
39241
3765
53743
88230
94015
56095
96442
41000
31138
43178
2944
61582
2033
3627
53591
46801
48231
40744
70554
88419
80124
61647
43518
94488
96697
81683
63677
78722
57582
35646
76980
15837
28594
10258
48308
22231
53625
30017
94550
96233
91396
59988
19272
86964
72602
45326
64823
22160
70758
78279
5380
89781
64413
49630
74613
35651
15021
55006
10675
95041
27105
57884
83546
91248
55280
56125
602
27952
87497
26007
30020
13069
18605
45883
91812
84174
95509
41567
30695
69898
96078
80740
7049
41830
43493
99642
51815
76405
39358
78722
72585
78684
47638
52553
42120
49475
53855
1594
95887
74446
20652
54730
6432
17018
98025
42679
65890
73279
56467
77092
15136
6431
5181
55859
44973
59156
22534
5982
99186
59704
21410
58309
9189
27296
52099
19773
83490
57473
10807
10001
38641
284
91498
90788
42872
54750
69496
15775
37078
50610
40035
12808
1156
819
12391
26506
65393
3063
20196
21497
41929
50427
10776
79564
14800
18590
24951
81963
56998
94752
16564
2662
52506
79349
85753
71431
68540
33194
54279
17816
97945
89467
14463
64147
7010
98829
48136
52542
4098
79443
63915
91449
53285
7251
74249
92015
8723
38418
59517
25590
6887
23998
99080
84325
73436
80732
47819
1044
64317
94005
42852
7334
97297
74082
62487
82330
38645
11556
14957
70488
43596
22923
59689
5534
9596
71812
47748
21731
52130
60156
64820
71644
59946
12
90679
26659
79753
99195
57443
26392
14246
90113
40731
86841
63776
24974
89812
44153
51702
49957
98046
26557
13396
7273
25429
32243
7162
37630
63889
56457
5119
82338
39410
89389
33593
69199
90551
49654
8188
29297
40945
36368
65470
79233
76693
81703
36654
3294
28666
45765
77834
80641
72062
73914
27180
25784
63946
75522
62340
96908
45590
70891
36292
2276
44308
85201
52848
15770
33507
9186
24390
4769
17723
98537
54102
37839
73713
92338
70028
57209
51545
57047
63367
72654
60240
48905
69692
28712
4030
22515
88058
77498
3575
32702
23437
8561
38860
63288
45134
21023
98006
10291
78080
83037
34407
12178
31113
62532
36471
93584
1979
30489
65641
83807
20077
1156
55372
41317
60033
10583
18180
97820
68206
98060
45225
2060
35615
75602
60021
15250
48634
76149
84995
58838
13557
41169
57697
95193
36199
2605
59297
57709
95830
59963
43131
62724
76850
82794
61601
86230
29503
59354
83439
26652
21672
62099
76650
75340
95431
81082
97091
83431
9290
89026
78374
17890
61740
78516
36594
24227
4455
54302
56779
74474
82924
70050
35353
93714
91765
90438
20124
93163
96307
89185
34461
85940
53705
39721
31227
35634
71622
12144
6069
39221
3487
76613
72930
20862
66734
47455
50847
18955
97582
69294
44837
25475
71311
41486
30876
19153
36812
99686
45192
69192
38042
68065
45877
48421
99181
56773
35029
40494
29360
74778
50348
51848
87208
19675
77714
22385
89548
81491
18939
19515
22930
29192
11940
12464
35460
72788
59709
46489
10228
36954
66026
89331
69690
44595
47683
31826
27617
25152
8135
19862
41753
76585
84880
51880
22751
90191
65897
62175
73518
99034
42610
93894
43241
30729
98312
27326
44913
70377
34690
68032
13280
28801
77108
15885
86442
16840
36319
46579
37458
99688
91741
71714
46930
78540
31586
48525
5505
36646
9798
11780
67062
24754
54877
61163
98243
39723
23403
11019
71372
15916
44477
97382
73141
46140
65265
34523
41742
10549
73313
38327
89317
73363
45210
80923
62420
4472
63916
62012
69496
34523
47751
29826
76430
48741
62951
49928
78292
27061
36937
56840
17790
64762
83569
65075
48913
15363
65699
18016
29047
57467
92626
40893
37659
24387
61550
6772
91888
75524
31334
68520
19981
55044
43797
35612
8765
86045
72686
30469
90071
46548
6969
57581
74341
1058
44283
81223
53927
23380
36282
63527
93053
25883
50713
33510
94977
26592
76475
41092
64869
78993
17219
76909
24787
61850
18298
90884
26484
8123
73697
60239
51533
48878
83289
79423
2505
16059
11631
60965
40643
76377
48959
49739
53092
77314
13049
94217
51942
61699
83857
68269
417
65973
77432
29849
90063
19472
12067
1327
18341
61895
28632
52856
2245
2229
84822
61150
63364
34301
5562
11291
52327
18867
88052
16526
99469
87971
51783
16835
76073
15031
91033
5278
93477
56338
8611
68617
25050
65377
46745
89118
72225
79653
88162
42783
99422
56813
46376
4064
95278
77977
64014
62980
84039
84196
14703
99788
14267
88137
15279
63091
73069
59708
26895
20886
64264
75263
72949
12960
51970
84731
2584
50518
60001
42561
50222
8665
76621
69444
72488
26487
45616
15283
12872
12817
27290
40611
52727
71599
58112
48865
44721
4167
31852
60850
77116
17851
47002
63450
28591
63318
43685
39514
96137
70942
97264
18571
49453
61044
95112
56433
80340
22490
52814
79363
73814
92213
65601
17841
36281
48166
68857
85893
43295
95291
74436
88533
10989
68652
34456
7410
21270
43167
91045
53731
51515
34446
7395
55311
87923
25415
33925
24602
53444
89701
90888
32543
78438
28266
64860
94013
14212
59730
54259
93705
77772
15061
91580
94201
6927
81767
38832
26124
14101
56300
76851
63464
99570
99989
24393
28845
68027
64907
2176
37773
66510
74183
50562
75229
83332
87344
19060
34987
69358
6911
77487
50624
2618
6657
78198
17672
4373
16167
22061
3592
85561
25037
59847
94838
91936
69579
57355
8619
49354
92155
68931
91470
85750
20925
80770
42352
92143
53013
31892
77695
14028
99824
2037
4947
43025
28678
65002
60258
33529
67458
48804
43456
18679
46337
39650
15312
28993
71277
94563
42367
86582
53306
52176
98453
51780
3646
81280
79799
86548
29600
76434
6673
92889
35744
14921
17182
57730
41645
26388
30563
31343
47884
76354
98018
44198
84269
4841
99657
34018
21819
38510
42239
77162
54473
83495
36078
37816
98254
74743
58872
40278
2300
65759
44926
78493
9513
20511
65237
49694
10399
73878
82242
40021
69659
13524
98355
95176
8213
43008
43901
72332
98890
74792
86021
34406
92386
8714
50811
7944
75301
90125
24419
40029
50534
2972
50153
59649
75851
75823
20853
94097
17362
30104
9978
25002
70115
96838
29271
60347
87932
34547
8938
84626
19322
55670
39333
33531
62888
92087
57220
23253
74225
81548
74832
17319
38737
92133
30198
77186
47245
21653
9316
67984
56768
95910
22070
48113
