20 183 10 18
0 9 0.8034
6 11 0.4845
4 17 0.9491
8 12 0.275
14 17 0.4748
4 0 0.6327
8 19 0.204
2 8 0.141
7 3 0.2436
10 17 0.1634
12 19 0.6329
13 1 0.9277
0 16 0.8033
1 12 0.8569
6 10 0.7035
9 14 0.6623
2 3 0.9642
1 11 0.2587
17 19 0.493
4 18 0.9525
11 4 0.8741
0 7 0.1064
2 10 0.1258
7 12 0.5924
5 10 0.4279
12 14 0.7027
14 19 0.1997
9 10 0.6898
10 12 0.3876
19 10 0.4882
10 13 0.755
19 3 0.8104
15 11 0.2179
16 2 0.4137
15 7 0.7009
13 9 0.1513
16 3 0.0125
15 1 0.9724
13 18 0.1166
9 5 0.2216
0 8 0.746
6 4 0.3061
1 2 0.8231
0 11 0.8261
7 2 0.0872
17 8 0.7748
10 18 0.6571
5 12 0.2954
6 7 0.2594
7 16 0.9896
14 11 0.2086
12 13 0.8478
6 8 0.0801
2 6 0.8931
9 11 0.5456
16 10 0.6698
13 6 0.3146
3 8 0.0913
14 4 0.4775
15 6 0.5485
15 18 0.5276
1 4 0.2652
4 8 3.0E-4
3 9 0.9899
5 3 0.7481
4 12 0.1121
11 7 0.3518
10 0 0.9968
14 1 0.0462
2 0 0.8877
12 6 0.4986
1 0 0.6148
5 16 0.7025
2 5 0.4006
10 4 0.5022
10 11 0.5113
2 18 0.7362
15 5 0.7995
19 9 0.3859
8 9 0.3093
17 1 0.9112
2 15 0.7292
15 10 0.2118
6 16 0.1951
5 14 0.4578
3 6 0.12
8 10 0.7304
12 18 4.0E-4
6 1 0.9045
18 0 0.3064
15 8 0.7647
11 16 0.694
5 19 0.9022
0 19 0.0632
17 3 0.9982
9 17 0.5049
16 15 0.98
3 11 0.0235
12 9 0.068
4 2 0.0751
14 7 0.8295
19 16 0.0834
2 14 0.5588
18 7 0.0343
3 13 0.2307
5 1 0.107
1 7 0.9371
9 1 0.7282
1 16 0.6736
7 13 0.2076
16 8 0.0991
5 6 0.8601
13 2 0.6118
15 3 0.4578
14 10 0.2787
3 18 0.4349
0 15 0.8452
14 16 0.3591
5 18 0.8005
16 4 0.3297
0 14 0.6573
7 19 0.591
6 19 0.6822
18 19 0.2518
8 18 0.6538
17 16 0.6176
11 5 0.9352
5 4 0.8758
2 11 0.4037
19 11 0.7785
0 13 0.7201
6 0 0.4327
9 2 0.1664
18 16 0.9889
11 18 0.4662
2 17 0.9246
7 8 0.0998
7 5 0.9905
11 17 0.978
3 4 0.405
9 4 0.206
13 14 0.1661
13 15 0.8647
19 15 0.1496
1 10 0.6509
18 9 0.7509
9 7 0.0974
4 15 0.2403
14 8 0.0641
1 8 0.8365
3 10 0.0142
19 4 0.3892
19 2 0.794
8 5 0.9198
0 17 0.027
11 8 0.3786
15 12 0.8792
12 0 0.6103
0 3 0.2488
17 5 0.5838
17 12 0.2196
1 19 0.9787
5 0 0.3474
7 17 0.1726
13 11 0.8073
10 7 0.7203
6 17 0.2355
11 12 0.057
13 4 0.244
18 17 0.0731
16 9 0.2281
13 8 0.0484
15 9 0.5085
13 5 0.1538
15 14 0.9677
18 14 0.6539
13 16 0.8041
1 3 0.9386
1 18 0.9208
14 6 0.0653
16 12 0.4476
6 18 0.3843
6 9 0.7323