500
946
390
776
423
419
841
542
660
169
705
360
780
882
569
924
198
215
72
267
450
643
515
208
31
534
128
383
949
279
350
145
346
166
354
272
395
926
658
513
359
218
32
338
747
518
908
767
769
419
231
820
791
698
485
181
126
240
790
531
712
625
536
963
909
851
712
784
964
837
821
40
783
454
717
426
700
888
122
37
678
309
957
644
621
340
365
12
862
550
86
859
68
880
26
787
640
975
944
359
241
10
430
193
255
753
617
215
705
939
49
536
619
950
51
397
835
714
415
224
602
167
266
678
862
537
540
602
651
620
293
768
603
761
138
268
770
473
959
86
722
421
972
277
216
855
446
383
446
826
934
563
91
264
438
510
497
949
393
132
372
694
504
896
255
558
814
580
530
767
747
776
488
610
200
80
927
76
140
265
986
305
505
563
48
886
312
814
294
843
801
793
486
113
293
420
976
235
753
179
812
422
566
393
19
829
269
647
178
525
108
288
955
976
896
139
665
1000
368
989
958
156
165
210
638
515
615
476
593
520
288
922
628
357
555
260
415
269
217
430
652
737
684
763
319
120
191
738
658
685
300
526
645
121
686
103
402
248
112
192
783
474
309
582
923
962
675
213
67
341
981
195
855
341
608
941
118
76
585
207
202
336
130
593
877
197
177
369
671
154
188
188
554
913
804
317
747
19
940
566
431
522
352
740
702
294
995
41
217
447
453
572
876
599
388
336
718
101
532
720
839
209
50
264
199
356
760
49
224
71
226
686
647
452
662
425
237
913
904
519
623
146
393
425
871
907
236
252
885
242
211
340
503
439
821
437
421
146
772
917
298
141
437
749
562
978
586
810
70
901
706
314
411
264
591
153
301
977
499
119
672
33
706
355
610
921
676
498
204
627
715
709
496
232
955
207
643
711
685
447
49
716
415
154
24
99
122
389
39
257
755
638
103
336
58
834
109
422
542
613
100
336
432
190
976
318
251
735
643
546
844
171
931
546
419
877
216
968
454
869
929
954
670
165
357
98
118
923
623
737
627
352
16
846
990
191
738
827
381
677
120
896
770
898
4
776
70
448
119
634
365
455
191
226
262
720
578
126
446
38
490
533
985
265
400
437
455
685
909
536
332
431
932
680
423
460
195
119
504
15
129
