5000
663
1959
4704
2300
7868
2713
378
6077
7254
6818
783
559
9126
2975
6395
1541
7214
6489
8154
163
9314
5312
537
950
6644
67
6411
9397
5258
6941
7409
7160
3825
2437
3602
7259
8710
2829
4141
3928
9851
4822
5665
9264
2191
461
3041
5199
9625
3806
5414
2095
3564
2712
2620
6710
9599
1885
8971
324
4527
5337
3772
9156
3878
4407
2039
4593
8933
2519
8778
1647
2596
9645
7048
2415
5104
6645
6352
8369
8483
2181
7417
1528
6864
8497
7521
4188
7473
9906
1336
2602
2989
8982
4929
7524
2890
4488
1186
8219
6793
3591
8433
6558
3466
9316
5848
8329
567
1120
869
1909
5536
6510
5085
3029
1324
4066
1537
1414
7500
4273
6460
9823
8508
5355
1713
7773
1864
1222
5753
1707
6906
9600
100
3179
963
5332
6167
663
9923
7539
7805
2271
1665
7469
594
5644
7814
380
9381
9976
9305
1128
7629
4240
7733
97
1720
9046
1103
468
9904
3864
623
2275
7533
8713
2832
9123
97
3449
2228
2197
886
1538
8248
7815
8027
2153
5432
7821
5217
4021
2724
3855
6005
3161
4170
9694
4765
4966
4397
6438
5850
8711
2085
7672
1510
7713
9195
7559
2450
7231
1044
6457
7316
6279
7070
8557
1565
5321
9015
218
8827
3734
4858
2127
328
760
7886
7884
6410
2898
6076
2042
8253
7859
7626
9070
7530
2814
8018
4412
3008
1950
6678
9213
7361
4510
3686
3546
1887
8747
2094
4968
820
6564
8854
4138
8212
8571
8944
428
9128
4445
3368
7534
5017
7231
928
9920
7714
3454
5151
3995
5867
9223
2207
6063
6269
3810
3810
5134
1901
9167
5568
8528
9729
5974
5996
5023
3209
5036
6898
6750
7824
6172
1484
2400
6635
4760
9461
6514
5115
8108
7054
6353
1
9433
1046
8242
6031
8978
3857
9457
1932
9685
1666
4193
3428
447
4128
2460
9851
2943
6858
7094
6025
8599
8543
7163
5800
1140
8966
4314
1374
1198
8563
1943
226
8295
9778
2166
8512
6032
3808
6958
8116
7831
527
3645
1910
7831
9210
9194
9979
4499
5020
4530
847
2541
5986
4213
2212
8981
8629
390
7145
8881
3693
8949
4714
2818
6966
9592
8558
9100
3140
5228
1183
5811
6818
1778
3298
1612
613
5938
3507
843
7130
4936
9075
1327
3656
9152
4252
7247
9055
9020
8059
3088
7515
6879
6989
1794
9392
2964
4973
5425
2106
5895
9898
1270
1378
8349
5113
9455
415
3808
8571
2839
3113
3962
8473
1962
8368
5640
8743
3373
2983
8656
862
4336
155
671
4221
7398
892
9538
1874
4464
7914
2185
9993
1504
3148
403
594
2092
7048
4113
2284
4958
772
262
9307
6427
39
7310
3074
2419
7841
1030
8054
9018
7617
1262
3914
6520
7766
1697
6603
3598
814
2973
7745
8848
606
8236
9128
8494
6128
5280
3561
9274
6828
2369
2080
8043
6694
9223
1643
8234
5278
2250
5271
3947
1879
8110
9994
2636
5345
5645
6062
8585
1532
5502
9918
5962
9027
905
5826
864
2299
7454
7210
8183
3049
8220
9876
6047
5954
1574
5331
2569
9720
1126
5910
1257
7272
5994
9485
4040
553
958
6366
7575
3414
6948
2636
2579
5605
4463
2271
8236
9691
4019
7051
3732
3597
7937
9661
5459
9017
185
8350
9771
3323
6249
804
5395
7057
4922
5022
4120
6800
4547
3454
9410
3123
7500
4352
9909
6522
6669
6112
3055
2809
4723
4363
2596
8
5012
2318
6940
545
3833
2709
1621
419
7118
9578
2619
5784
3849
2253
7962
5989
6159
4643
5119
8946
6741
3760
1663
9278
6899
4826
3276
2930
4739
3727
3634
6470
2994
764
7998
3845
2880
4823
7526
8442
7045
2842
9740
6436
7740
4829
6340
5148
1452
926
6627
8131
6230
1303
1759
8162
2010
9587
3444
9603
1262
4548
3527
7637
4289
5885
5139
1318
8541
6129
9786
8068
4887
8415
9312
1758
7530
8096
5914
1056
6694
253
7488
9209
4464
6710
4607
5585
8035
4736
7953
4608
5928
4236
4864
7894
4662
3826
848
6217
3035
9195
3864
4920
9591
745
5292
997
1570
2984
4958
2288
7428
368
8773
8173
7717
9286
7652
5171
8083
8601
8165
2674
4629
4101
1623
9637
5833
9664
4274
5949
5918
4896
9313
2653
3148
2075
1188
5760
3055
9274
2467
9630
8524
4539
4914
3216
2465
5388
7948
2547
9185
522
5059
3986
8534
3445
3474
8392
962
9792
2257
2009
1999
6170
862
3972
562
8491
5813
2824
4206
2182
1288
260
3703
4231
4025
3514
6719
8230
588
8603
3681
2898
4042
7292
380
5953
3920
648
280
6828
6351
5396
9441
4608
3042
3787
9463
1884
7134
1481
5166
7835
9847
4296
5749
5161
1800
3851
5006
8929
783
5660
2767
5026
9545
1686
6585
1161
5809
229
9948
8954
7188
287
3994
9544
3476
9758
2482
3002
8143
2403
4636
6749
1162
2869
9247
785
7314
3338
3930
7003
9720
7608
7846
8828
4276
5165
5490
8447
8171
149
9282
9835
6769
3240
6346
9105
9336
982
7640
5098
8658
4604
1546
6824
2270
7048
858
8761
932
6042
5351
2578
1462
5241
1524
6135
3938
2025
3083
9587
655
685
2055
1177
8284
3284
9682
2154
8450
6702
8976
3821
1692
7915
7199
4876
6365
4758
3135
1525
1521
8220
9011
7966
1083
9853
5020
1346
8016
5732
2876
8055
6355
9162
8748
9798
974
3619
990
3253
1493
8753
5801
2726
5554
769
5649
772
5470
5623
8390
3583
2241
1623
4058
1430
5704
8386
6277
9068
5869
2850
1674
4294
3451
5585
3566
5368
6088
9359
1866
5992
6635
3676
4973
3809
4877
1327
6972
1497
3364
7479
1282
5047
2266
7333
577
1470
7174
9751
7612
4160
5915
9735
4959
1493
8471
8318
6906
9426
8593
9179
3604
9534
5631
4961
3142
7053
8951
5982
8511
1495
6344
616
3987
8487
1117
9170
2902
7001
5745
6196
3723
8240
1104
828
9963
735
4300
9569
6619
4935
5947
9839
6276
4935
6285
7838
1787
2505
1650
5519
6013
5319
7949
8589
5379
468
714
1685
6782
5693
1768
2154
2891
4465
7392
1446
3195
1614
712
2337
6115
3070
3015
881
7481
1063
2408
2815
1355
1836
3451
7591
1350
2841
5538
1773
1779
785
3830
7607
5884
2273
8785
4027
4655
3275
3046
5469
2200
9965
1310
9369
2768
9875
6472
6931
5468
2866
6153
576
7108
26
8170
1124
8012
8119
693
3180
3487
3525
9685
3925
2619
7145
6626
6196
3094
3480
5192
981
9605
804
740
1064
5099
271
9776
8684
1445
8194
341
6359
6284
6683
3397
4288
8329
367
5101
5466
8564
7498
2638
6047
6186
9172
7065
7127
501
8374
4722
5931
6511
2095
2931
8315
7649
1330
8487
4883
627
6391
8335
3462
6428
5420
9016
6120
8804
9845
9383
2750
9958
5138
7210
4945
520
5718
8061
3937
6872
4624
7568
2225
4338
1606
2583
1699
4715
3731
1524
4358
2527
2898
193
1814
9891
3958
2148
1728
407
2789
9004
9637
8267
8488
7519
7999
4510
133
3513
2542
9369
5036
1978
7090
76
2762
4755
3448
1286
9817
640
8514
4078
2602
8040
3920
9441
3425
2430
1645
5775
6329
7365
8874
6660
4588
9631
4995
9646
9981
2350
5431
8472
2509
2863
3722
7787
4445
6654
618
7665
7748
5955
832
6287
6241
5469
4005
6771
9883
5670
4095
1034
8775
2158
6214
3889
7835
513
6159
327
5101
3431
3951
4371
9832
1094
6471
3685
825
1585
7619
1683
9633
9385
2290
4105
2804
6756
4838
5818
6222
831
2812
294
4263
3285
7499
3259
4590
1939
6164
3722
7743
24
3669
8170
6089
9208
2348
1274
3446
2783
9340
7750
9961
8304
3231
3453
2080
2666
34
9665
8281
6327
3664
3022
392
5409
4972
2186
8204
7030
4865
5537
5568
8536
4688
1804
6252
345
3106
9141
3077
6476
6353
8790
1782
6973
6651
7067
5754
4392
2147
2381
4708
6247
4061
2313
5139
4919
7296
1074
2442
1880
4177
8226
9344
9634
4143
2086
8276
2749
6420
3316
2574
6731
6301
2558
9233
6593
7800
1589
6680
913
9278
8539
288
2231
5775
3573
7681
3810
5304
5289
1481
6915
8397
9582
7195
4484
7407
8664
308
3279
7845
7806
3723
4604
8968
7900
2225
9506
4577
7675
9690
4255
5259
2430
4150
171
8028
5498
8197
7238
5668
6854
2157
6629
3748
330
6784
1396
5819
9727
1421
5760
4691
5153
6426
3079
4615
3164
4056
9962
356
4938
4157
4146
8859
7148
3099
5727
5166
7836
9323
1579
7032
6505
6115
3497
9797
4504
607
5535
7229
4734
3633
7759
696
6506
5547
2560
601
3144
4067
5380
813
9578
3316
269
8137
1178
813
1399
3596
3333
2977
5038
7199
5114
9370
8389
5739
9790
8354
2167
9998
383
4677
8865
4489
1846
3042
8871
9518
8595
5533
7759
7994
1099
2236
1970
29
4000
3739
5846
9208
7958
7415
4977
1315
9333
834
6426
5648
6580
9534
9078
5419
9920
1371
3870
4188
7913
6667
5511
9761
9400
4613
3707
2563
6547
474
7605
2047
9618
8132
638
6839
261
5958
3179
7597
3342
901
9588
5529
3026
9788
7610
1475
6531
9865
5600
5799
1140
1228
1516
6186
8353
7420
7610
6141
5691
881
4307
5151
7973
1215
3878
4481
4689
1682
8981
4068
2174
3510
2679
2430
7157
7911
6124
412
542
4983
5727
3679
3800
2912
5738
4555
7251
7274
5353
7123
7586
8996
9070
5736
2996
7600
84
7938
1134
6651
1649
2436
6358
5350
2500
6264
5198
8818
5264
4983
6477
6131
1033
206
7462
1175
6413
175
396
1917
2957
9035
9967
9294
7048
5411
9476
6125
4968
218
4528
2888
7643
7581
83
3811
7800
9159
8107
4986
7436
1320
6798
6633
2672
3779
6074
8756
1219
9518
8412
1612
2397
9508
4551
2255
3621
3589
6565
602
2611
8384
1906
8861
6522
8752
9370
3277
5134
4641
1925
7476
1465
2356
3248
1115
752
5437
4895
9360
3328
6773
579
1881
7986
8915
6266
2002
3417
1230
761
1629
903
8858
6682
356
8428
3789
7630
2305
2701
7809
8752
5325
9401
529
216
2876
5123
1574
6441
3716
6097
6108
6302
30
1161
2447
6606
5576
3839
9944
7507
2914
2568
9557
8978
7810
9264
4610
6806
7159
6004
9468
9306
4989
6822
614
9810
4756
1165
4535
4080
7471
4506
3651
7176
6213
1385
7008
10
2520
5660
2751
9305
282
7859
7666
6610
8549
1927
2703
4791
4831
457
1567
3564
9344
4628
6046
2392
237
5973
5986
3987
6976
9242
5216
4276
9678
6473
3535
6644
2562
3770
5683
3293
6790
3361
3172
5502
2452
9678
8187
7762
3601
5350
1075
8765
9077
2482
141
2372
705
3599
401
6184
2141
8840
1311
9693
2335
5183
5918
4528
9539
6226
3361
5741
9724
3622
1929
4953
9953
1931
7410
369
1483
4169
688
8827
544
9935
5564
1989
6941
6436
2195
5852
1655
4410
2500
1506
835
1971
8707
462
2105
5849
2619
5932
9768
3332
4022
2642
7864
2690
6054
1360
6249
3472
1686
276
8893
4066
7495
9614
1197
4649
5271
1753
4119
1075
234
8892
925
7047
159
6732
2028
7260
9414
2950
5029
513
9205
6014
5524
4334
8160
7727
7414
8818
6206
6145
1480
5681
6734
5483
2301
8813
8700
9590
9343
7204
4545
3563
3451
9706
7961
853
1220
2888
4215
8247
4664
5635
178
3654
8076
2580
5130
7387
7709
6932
194
9109
1960
6435
3187
4769
2799
351
5408
3707
7836
1710
1153
2721
402
1808
8422
4065
6217
30
1931
9064
252
4255
47
5167
1186
8640
4056
506
7562
7164
4792
6377
8890
5802
4049
6440
621
5860
7769
2872
2158
2567
6464
5185
8547
1635
3931
5476
3126
6338
4790
2187
576
7835
1077
3488
14
2945
5027
6251
3554
7315
1458
8531
5988
5087
7339
6619
9964
4234
8619
2609
1316
7633
4462
983
8008
6045
3113
5565
8199
3221
7997
2858
5573
7720
6181
4018
8775
5554
5857
9452
3454
9786
5451
8034
1247
954
1327
209
1756
4780
2938
9938
5116
2096
5177
9601
9199
453
3193
981
239
8599
2413
5860
7843
4834
3068
1667
1882
1005
4719
6507
2983
9979
91
3240
1149
3446
2913
9322
7499
8434
4102
6528
3733
6635
872
5434
3882
6425
3206
4963
5752
1974
2021
8188
4424
620
5011
1288
5889
6670
3292
277
3750
2461
7941
6713
7966
8618
5578
6932
8420
7121
1780
6461
1619
7515
4166
4908
7145
3453
4635
9753
6827
8444
2224
9699
9011
906
1662
7005
3455
9973
5455
1536
922
5194
4169
5228
5966
2371
5462
5950
8826
4963
7590
3068
1614
5169
5697
7505
7306
8825
6190
9176
6440
7626
1930
3600
5547
7338
4832
8750
1540
8347
9563
9587
2581
3672
4493
6264
3143
2100
7277
9519
2657
3085
2344
5444
8581
4433
6959
5166
4572
3557
1424
9315
3510
5387
3551
1488
1254
1949
5098
9155
9546
6580
4234
5891
4091
2244
9760
7271
4593
4509
9267
413
731
2018
2500
385
5166
7658
1761
8233
477
5202
9496
6094
1042
9811
8541
2184
377
6064
6289
6268
6412
834
6006
3170
3750
2865
5193
7070
8904
2792
5505
9361
1932
786
2071
2485
587
1300
5066
1783
5038
558
5731
4306
3259
2191
7183
1371
4530
6025
6298
6867
8491
5938
6083
2979
436
533
2858
8935
2814
423
1126
5342
5236
6265
3246
5199
990
1162
8160
670
8794
1914
37
8463
5214
6177
287
2450
2725
3479
4360
3736
143
5478
8276
2798
8971
4894
8937
3289
3485
3713
6762
6205
7004
8159
4314
206
9008
4947
4027
6819
9203
5279
4339
7959
1545
266
9868
7944
8178
4957
2100
2854
6138
3187
636
6028
6413
1889
1603
7837
1090
148
3317
9587
9779
2895
42
3230
5852
4651
3993
6127
3876
2529
4600
1130
6268
2073
5659
1344
9437
312
9942
3797
1697
5311
1449
5467
285
1402
4632
2905
2572
8345
3928
7227
2704
1152
4946
5914
1256
218
1731
5713
9930
6224
3719
5950
7143
6817
1731
4556
6850
3623
4886
3632
7469
3580
9969
9411
5052
516
7037
4557
5880
5665
9008
426
4028
2092
9356
8234
1802
3083
2731
2451
7251
569
2039
7926
7597
7955
8476
2992
9720
2904
8859
6105
5117
8313
501
8575
9181
5142
1425
72
8927
4446
5139
1155
7649
2762
6682
5185
6697
7847
7112
4031
2069
7713
3328
1707
5935
7062
3143
4475
9925
3449
3459
2512
7591
738
3688
7734
5510
3048
9190
7636
3248
8207
4634
6745
9
1923
1558
166
3137
5778
6369
3357
2075
6190
2704
7079
1095
4811
4006
3045
7445
3887
332
224
7408
4477
5281
354
7560
7059
2710
5771
437
7889
2756
5140
6019
7340
3318
4578
7481
7628
8331
810
8622
9490
8906
6866
5753
9378
3918
7998
4550
7194
1294
3941
2470
4550
9388
2010
4420
5197
9623
6490
9952
2402
7378
4445
4018
9410
2599
3303
5967
74
5826
2660
1026
7883
4711
5431
9412
3481
1754
3456
33
9923
9174
22
9671
9293
9028
7187
2118
9631
4694
6065
1149
3806
625
4909
6180
7814
9717
2706
1798
3409
911
2284
4491
5381
7382
318
8608
9255
7039
9937
7057
2100
509
4038
5226
8558
3206
4938
228
3443
8043
7812
2862
7662
5722
1920
7704
1508
8633
5004
6721
7557
170
2095
9149
2133
2266
2231
4705
5436
1750
9411
7670
4063
5012
1962
9383
2554
8499
2311
4823
1862
8778
6391
8244
8898
7079
988
6241
3690
7800
492
5750
2969
5506
9015
4105
1801
1815
5748
2488
2393
7443
1624
6672
5605
8732
9380
9585
8270
7936
2499
2622
7789
5994
3756
2654
6321
5829
7207
5195
7351
7299
7838
430
8255
2954
5303
147
303
638
927
16
1742
8561
6555
5417
957
28
4638
23
2759
3428
9958
9893
6059
2669
7122
452
8837
2919
7642
660
920
4560
5803
6749
7424
6532
7707
1040
8242
2150
5939
3965
9239
7336
6710
4621
2098
2172
2531
9070
1983
5761
2141
6972
6241
542
4932
1500
4735
8271
1020
7163
9891
3529
4177
5156
6008
7190
8429
3980
8880
1850
5457
9061
8890
3002
7
9148
8033
8464
7686
7963
4792
5564
1865
2880
8395
8397
2769
4788
1745
1079
4436
9759
1152
266
4321
2131
6751
8192
2820
5133
8356
2909
8113
575
2541
5317
7238
3537
6797
1859
2777
6333
545
7072
1284
8577
4847
1375
5069
2126
897
4109
4985
1116
5322
6428
9738
8082
890
3040
5171
6151
8081
3806
2834
6670
8663
8070
6538
4403
1465
8801
4060
2147
7803
670
5526
2251
8774
5027
1115
2786
9793
4419
2319
6206
1818
9545
6718
9523
3710
6725
8051
6094
2433
6555
1889
1498
3355
7496
7953
360
7002
2908
3147
2903
5382
4427
6615
8832
7547
2684
9463
857
6294
4195
9843
9095
3019
1601
9217
9795
5326
3596
8812
9047
6237
9120
1480
9707
6575
4010
2853
6651
3639
7845
9463
8318
9373
8719
1249
2913
7277
9332
8991
1811
7279
644
3693
9241
6014
3289
4931
8438
5580
7514
5770
5449
7337
7610
9369
4565
6043
1337
5828
2687
4178
7856
5426
9149
7653
9377
1520
8376
3397
2467
2014
1132
8643
4779
7246
2478
4530
6819
1040
4944
9359
2129
8840
3528
1071
5364
1077
9980
9259
4846
3217
3440
7534
9403
2347
8484
5982
8553
7773
9425
4558
8669
8555
6643
1484
5895
9897
6320
6423
5038
1466
5879
2765
1618
5109
4598
3777
3535
3498
5141
45
7320
467
9102
5800
70
9963
274
5878
9167
7429
1958
1596
5441
8513
9976
1619
5577
8005
7377
6874
3215
2660
582
174
8702
7605
9683
2195
3717
6579
7507
8871
5195
7
3802
3618
729
4606
3853
4936
9203
444
9679
4249
7623
7865
6877
3819
9931
5853
192
2509
5491
5140
6083
8973
6293
5976
1135
4207
729
5345
3544
4588
7761
39
9488
3398
7560
1214
858
8395
2704
517
4606
4954
5477
8524
9132
6772
4878
2491
1107
380
5231
7201
8867
7459
5504
9553
7915
2760
3847
4294
9359
8598
9475
5728
2835
9549
3010
3076
3262
2457
3906
5425
6430
7630
9334
7494
5125
8726
7655
5504
5241
7428
658
8926
5919
7526
5007
5064
3847
9269
120
4306
2007
6016
1189
6310
3254
9823
4182
7846
9884
5276
423
2568
5991
7640
3482
2244
1748
9168
5627
8686
669
4796
3301
3139
1451
3833
4611
6689
9585
9964
6393
799
5895
3949
4280
5373
3068
5132
2828
5262
3249
2126
4385
2751
3429
6550
8697
9598
7292
955
1368
6659
6023
552
5522
3158
3471
2632
6510
7660
5096
6848
2685
2655
2137
4034
4252
8914
2729
6622
5555
9212
7137
5068
4774
1673
9921
3718
1268
1469
1653
4722
3367
2622
1743
7354
7200
1699
5298
8228
3076
3908
2439
6090
5448
5272
4807
5552
5856
3514
674
6897
546
2436
5802
2513
7580
9282
2665
7427
8180
8624
1170
2966
2508
7624
4223
4854
8045
4402
5873
2943
5263
6955
6884
8978
2196
8724
775
2396
9593
807
9615
9377
5251
122
5305
2345
820
3921
8818
332
1304
9658
1526
3983
4236
360
8618
8513
8170
9810
3133
1679
3216
7961
9633
4316
7221
634
9311
5317
8134
3454
1755
1341
8196
6512
8405
9304
1781
3315
1337
9523
3759
3380
5373
5051
8375
6872
2592
9996
4090
2300
2115
5258
3651
2685
1341
1061
8873
4602
5361
6796
7816
327
5204
7146
926
6635
8986
6151
9422
5428
2970
5759
1485
8073
4637
4127
6411
707
3307
1220
2280
3979
905
1865
7757
2330
1184
4231
5512
8735
3219
147
6786
4317
6842
8759
3176
3656
579
1448
668
4047
348
9917
1536
9877
1616
9276
154
9990
677
716
9521
8657
1227
5616
5070
7047
2391
213
5080
8099
7239
8630
3502
4449
5715
3316
6901
3835
5287
3130
9396
4424
3306
4671
7072
426
3364
9621
7572
4556
9459
3395
1390
5203
6964
614
8978
8649
8383
8500
4469
4687
9084
9398
9259
885
1571
9921
9306
2902
7216
5222
3055
1547
5267
9910
2190
3597
2646
6585
2213
5095
5034
5942
5663
4342
9973
9807
4491
9009
4241
4099
5545
9012
1134
6769
6743
4083
3819
2143
1922
5829
4916
188
5468
4139
2217
8541
4943
5380
1338
1891
8131
477
3207
4028
3018
4314
5990
5003
35
8594
7543
3151
1042
1834
1114
4133
4933
2676
4937
1554
2279
7548
2009
7320
5986
9226
2211
5654
2874
3610
2898
4224
8258
8062
1016
301
3179
5079
2177
9343
861
6293
4495
5227
7922
5750
6139
8168
4531
5598
6698
1285
6722
7814
686
3990
131
2970
6157
6395
2922
5198
7165
9845
7134
2469
3296
7020
8354
7874
4847
5153
1383
1417
8155
4229
4627
4627
5678
8855
8309
3944
4421
176
4889
8682
5560
4566
6331
9847
326
2201
5451
391
4194
7762
2494
8666
2216
5615
9463
5372
5744
7021
9614
1855
4980
2380
5808
4679
865
3372
3113
6163
3432
2183
257
478
1913
1468
3641
7527
4470
6453
8433
2199
3462
1371
6837
1169
822
6642
4883
6102
2503
8787
6474
5924
2724
4242
2367
6253
7757
51
7129
1060
2240
4494
1131
2998
9387
9570
3341
8402
2266
6296
3618
5409
3503
598
1934
2890
7071
8649
8463
2170
7959
8980
8578
3537
4416
1682
7674
3134
3175
1912
6107
1378
3533
5642
3980
7464
9114
5694
1128
3095
9035
3445
3269
6237
1346
8967
7485
9518
7741
9740
8662
4724
9369
2626
4613
1102
9490
7084
1667
7431
2510
4149
5784
5174
5208
2714
6341
1003
1731
6254
6432
1586
925
5895
8038
3402
5195
5154
4583
9520
5256
7781
5207
4978
1310
8610
737
4029
8784
3279
8743
7621
2715
8296
4977
7437
9136
6764
808
9750
5028
8198
1248
1380
2118
5091
9539
9959
6997
9794
289
3580
7371
6111
280
7821
197
9054
814
8984
194
8567
5626
1146
1359
1185
2368
88
1323
8470
4618
1522
9452
9537
3030
4998
7141
1089
9500
9008
3652
9361
4124
4010
9806
2854
4185
3289
7778
6138
6915
534
8808
3517
5469
1157
5082
39
9270
5418
2179
5017
2488
843
867
4621
7491
8471
3792
2992
4712
4782
3371
8442
7870
9765
1341
7969
1221
5079
6487
3791
9838
4527
5191
9244
8305
1665
2161
1980
7022
3569
7611
3366
6291
2185
7736
8663
5852
8702
9271
1379
6472
3890
2848
3808
527
8462
3295
517
8924
3913
4751
4066
2701
9074
2276
8986
7012
7695
2740
4803
8900
2720
2276
5099
1387
2096
395
2839
9794
2495
5982
571
7288
7048
5107
3879
8264
934
9063
2123
5354
7100
5027
857
3381
612
546
7081
2576
3945
2083
6731
7983
7328
1313
116
6986
4081
7845
7566
6730
529
4160
6550
4682
757
4533
3693
7732
6968
6678
6954
7355
8955
5970
3642
2873
3949
9935
2711
7493
2324
7526
5785
9536
6692
8115
3779
7763
6008
6915
1319
4372
4939
5802
9186
6058
5857
2133
514
2468
2554
8173
2891
6919
3626
6161
4779
8469
8708
6549
2577
6597
2299
3788
8798
1014
9837
8484
4701
8192
1772
3673
2163
2988
7817
6870
3997
460
5973
7007
3450
5325
8411
6765
7292
2259
4742
591
4626
1813
4578
7676
320
4251
2564
121
3057
7125
2737
5276
2682
3077
1323
1767
1542
9006
1319
1453
8404
303
6168
277
8258
1636
2453
1291
779
1520
8170
488
843
6926
9692
956
2755
4420
4742
4539
2635
5380
8843
2420
4983
6629
5072
1497
4677
3828
1807
708
4444
1929
351
7301
6294
9640
6759
2280
5269
2503
3502
3168
4934
9065
7328
8759
1443
3245
1684
2166
3367
531
9452
9988
2095
9633
6342
3668
9698
2041
457
2312
7204
9944
8996
7347
6150
5953
1649
264
6740
3592
1886
4607
5518
231
2049
1708
7491
6446
6192
9390
7591
1190
5523
831
9628
1969
3738
5895
6224
9496
1259
7344
6985
4636
8842
8874
8645
6252
5103
8356
4094
1993
7337
7836
5784
3036
4982
1444
2396
8278
7041
6125
857
6352
9006
314
3335
3620
4301
7863
2402
1818
7259
8418
359
519
2657
2344
3334
9897
2069
8885
4042
140
2252
4591
7069
7100
190
6477
1760
5280
1171
3024
8883
6378
9110
5379
2216
2061
2411
1444
2205
7201
2385
6270
2571
6091
5900
719
5922
3729
2783
7804
6128
4683
6934
6054
4923
2064
1113
3921
9089
5723
1474
1064
8590
6698
7920
7218
4493
6789
2695
5423
5017
5213
9627
6108
237
1776
8557
9544
3023
2921
9193
4820
9445
3625
7115
7320
8257
7567
4332
7158
8246
8842
4774
5972
4470
7826
3763
8826
7570
5703
7026
257
7450
1852
111
8791
1530
5973
8333
4981
711
8980
457
9334
9392
9396
1888
4873
9929
1550
6823
3234
8349
1729
434
4097
743
5821
6150
5788
2389
6434
6955
2650
6116
681
9009
6185
7323
7428
291
5137
156
2172
3125
5691
1385
9405
7869
5687
3309
1135
7809
3786
724
9739
9617
7658
7196
270
7062
8829
3603
5611
1916
3930
6113
901
9812
1017
3552
1818
9339
1318
8265
3785
4449
3117
1874
1159
7377
8411
3666
8715
8666
8132
2503
8319
3635
4471
6045
7086
8073
3143
38
7369
3549
5285
6461
1302
5398
4283
5324
9259
6486
9550
1765
9743
9416
1097
2655
5322
1626
5656
5639
8039
8576
44
6687
6290
8664
5202
2239
1078
4015
7891
2953
8305
6337
4877
5153
9467
1968
7034
518
5974
4960
7938
5964
6594
1204
7549
9062
2778
7263
34
3253
2388
336
5059
2067
6816
7536
7145
5363
5666
549
7003
852
2871
2051
5849
1438
4026
7036
7781
2906
6879
5014
3899
2191
3121
5983
42
8689
4464
8223
4864
7466
3713
6923
4859
676
8364
1297
2948
5731
6956
2847
8051
195
5708
76
9340
6294
8855
4500
5461
2018
6819
3712
1131
1934
9992
6484
7259
9308
2638
2931
5052
5804
6746
7910
3962
3692
7958
1375
946
9952
5315
6641
8884
8239
7708
7986
8593
6294
3370
6962
9072
3257
9704
486
924
3830
5673
3044
7831
9059
6493
5682
5805
3391
231
3928
7830
730
4006
1967
4252
8527
7315
9673
6729
7940
7248
4079
5424
9998
4815
2803
3171
5980
437
4263
1962
649
7483
2713
1679
863
3626
2647
3720
5257
6121
2459
1193
602
5636
5040
6563
5570
4953
8378
8062
6359
6282
8810
8608
2436
5571
2807
4378
2669
4148
7348
8272
7919
6198
7264
1927
3500
9811
9155
6361
8034
7737
1689
7459
2016
4212
3152
9932
619
5960
6138
818
5127
2720
7724
6789
9479
6216
9737
6665
7593
9895
2399
4332
4681
2923
9115
167
5841
7190
2331
4187
1614
1866
867
5741
7413
7423
2991
5687
6606
7331
6037
2880
1575
9670
9533
1803
3464
8434
8523
2698
2691
9531
2532
8510
8105
2643
7853
5038
3580
2429
676
1477
8992
1300
6092
4403
3507
9812
9034
2233
9433
2880
3104
6179
7576
7874
6257
3101
5498
2450
8701
8576
5952
1107
5603
1103
5019
7514
8631
2445
7419
4560
9574
138
1088
210
314
9452
6269
190
8615
2417
3853
4600
4781
3404
1151
3476
7097
5852
5286
2548
9028
8201
2180
9787
1696
4928
4940
8505
4508
8575
8499
3071
6873
5500
1584
2142
4392
4421
901
2015
5278
1060
7670
5184
7978
2863
9502
733
698
3911
5135
8376
6719
5525
7619
2056
5231
4428
9369
6444
1314
9071
9347
9034
7404
1647
4149
5257
4807
1914
2047
6920
148
2066
7298
2725
9097
3568
4681
7145
2564
8647
526
4832
2972
4734
7013
3158
1024
5751
4199
7661
9992
8709
2196
174
5050
9064
5130
3536
8255
3353
446
7404
2595
3507
5124
8618
1285
6450
5988
9023
5486
1653
2832
3749
5062
4971
953
4706
5634
5454
3272
42
6629
2590
5775
7063
1679
3968
2057
8006
9152
3187
1155
1005
12
9537
6327
3533
9888
3784
5105
8802
8684
8930
6514
2557
1633
1481
624
1169
4295
1395
4515
4793
3265
2731
3152
1636
8242
8125
143
10
3239
2318
7596
7256
8996
4570
3591
7513
3556
3043
3789
2383
8540
6863
9340
2431
3917
8689
5990
939
384
5445
993
6177
721
8511
8303
9997
883
6441
6064
5845
1136
9922
5696
7096
6238
6177
6104
5098
7188
6935
1810
720
8414
2196
266
2230
9333
3349
7807
2806
9828
1842
7040
2557
5225
783
8402
4711
2254
9864
2739
2702
1976
1802
1147
5946
8172
5243
5498
9390
1183
7246
8817
7028
7383
6644
1336
3129
9072
899
8729
1305
5562
2724
6634
225
308
4484
8217
2399
979
3111
6705
8203
2639
5080
8579
9685
549
9860
7922
5273
6337
7354
8136
3432
4155
9041
2953
7063
8977
1552
555
7848
5862
6540
3687
7666
6848
348
7285
2282
5098
2653
4603
3801
837
4544
6847
620
6703
5557
3401
1451
8426
7074
396
7271
5377
4152
9535
5766
5350
3104
1771
6771
2876
2430
4131
2648
1285
792
6909
6842
2951
1498
1996
5675
2088
216
2959
5790
934
4803
5264
7036
3279
9584
4321
6138
2423
9078
3994
4643
3363
2933
2190
5224
4650
3646
2230
6344
4178
443
2944
1855
4965
3621
8283
9120
9212
9302
6949
3151
6722
5964
6375
4699
1563
2587
467
1955
5653
9061
552
1510
3681
5014
6170
8331
6635
9350
1184
5780
736
998
2335
665
3911
2939
7535
93
5229
7770
7072
493
1814
7820
2273
7255
687
9380
538
7567
8143
8586
1818
1075
6343
4647
3468
1131
104
8980
6571
8134
8164
9597
4396
9363
1843
9244
6724
2302
4188
8220
6104
9343
7411
1520
9930
7770
9647
3488
2015
2728
1640
3806
4122
9275
6534
6684
1789
9795
380
3732
9817
7309
935
9038
1815
1295
6258
7615
4809
2176
4913
7689
6243
6566
3115
1341
9405
6684
118
9410
7926
403
3955
4859
2692
1876
5556
1985
3072
9500
114
5386
7649
1228
1803
4445
8454
9350
6291
5663
6647
7390
9187
2189
1454
4099
6609
5589
5319
222
281
9322
9977
