9876
31915
12810
1814
50767
83045
43932
82283
5526
91560
44386
35400
63056
81994
27266
56449
7287
47497
94770
27175
61606
85960
8316
78152
70445
83317
51367
33089
7721
252
31910
47153
58723
3798
84914
32706
74828
17758
41096
8433
67172
66537
50876
66402
58801
1322
35234
5174
95882
97443
31696
39581
74569
45404
39611
57057
86984
33526
81079
55650
83264
96186
59452
53136
2648
63472
57032
69264
62010
66431
63744
13833
82580
52072
48225
44266
51986
42049
51650
5323
67514
25308
17197
68330
13094
26748
43563
48538
40669
84654
3577
27324
96360
40972
71097
17701
96764
39162
97628
43354
36496
523
19070
14698
32288
70423
97956
2785
54838
85896
21755
74278
8029
6402
86269
18324
24374
11674
73621
75338
6518
72668
16045
10021
2182
85029
42927
33600
4423
26678
8180
9376
33459
35875
70987
32804
13671
56590
47945
93658
92682
74224
87964
71480
68068
53605
11959
5903
97432
49621
90031
13829
45912
43941
92267
40967
1793
56241
43558
11214
1322
39072
33122
59356
18738
47041
99099
12992
5794
95860
882
73139
37098
95750
58928
1846
61507
43265
83524
60833
32704
43656
93179
59273
80342
2502
13309
48714
94603
20618
37288
92379
52237
83546
54202
21113
13669
25278
5163
94730
65047
53565
16348
20474
36050
38523
65496
7185
9456
67313
15447
50350
6444
12468
41739
45914
75429
94125
25527
8950
53836
83865
19832
739
14846
89842
86031
1353
47764
61987
27150
61664
86142
37236
35715
68512
66228
64465
24793
7940
75915
8195
83707
43086
80827
2566
13191
6127
55547
18021
28001
90219
61001
21983
96470
43697
77200
95475
74677
99053
96761
82928
46525
94806
100
75513
36437
14111
1404
27056
52732
73360
46936
57060
6737
23854
17332
75074
42360
1455
30586
38575
1246
64768
61698
95476
95826
21894
85392
43217
32627
82836
60815
7025
42387
88306
72515
38694
63315
75798
21318
83308
55269
21356
76589
70350
96769
93366
95043
21995
12756
57137
5151
58817
91634
83480
69962
82898
83008
66043
7833
71812
81286
7524
75347
31840
62657
64932
8847
6284
5595
98855
89684
48903
2607
69956
70379
61050
28106
95911
90338
20900
62508
16578
70515
68907
68339
12286
56019
49265
30308
33602
60410
57159
71101
78066
85749
9029
70147
60510
54855
18558
80799
77347
23933
35471
58470
16494
51801
18008
71547
62610
80665
30294
37155
96561
3167
10967
88336
33025
32629
91231
90328
24596
5943
43626
48209
75729
25113
16575
65088
2043
81538
55135
34351
66383
76160
65356
57976
52302
44033
22202
64507
34598
11976
22875
73447
34179
59808
11320
37763
44640
15582
8213
8624
99441
96939
48007
75962
83735
70667
89496
23759
52835
455
78847
2026
74027
91544
33186
15129
10612
99056
52737
79812
11105
92329
6627
79406
54444
56891
98886
55941
42356
34094
51260
83192
39834
76074
53916
93280
44792
4466
46481
52116
85854
11732
99933
50704
53863
69345
93180
62257
53498
36417
85657
87203
20931
8218
77173
24656
36728
34306
38417
57914
24988
69008
73718
2865
72419
22911
23538
89128
43489
9516
54259
47493
22406
64618
12678
56701
37570
81147
44498
97868
38229
10520
95532
45636
22514
14422
31875
29467
95826
67791
60693
28993
58648
97836
7396
83846
41951
11335
34471
29882
60921
51270
74287
50130
46381
75907
95827
53125
766
20124
8464
38186
36776
20683
71323
92457
81108
12017
48861
57544
13053
41483
6748
79610
10778
96504
81198
5431
23953
9680
99444
47435
99802
15553
25140
42762
68877
88878
37482
94537
37489
69570
66524
59352
89468
12177
28257
43234
64617
19032
52286
99594
6646
96594
39989
5696
51424
85605
57309
59082
79450
62719
40962
45209
92396
15455
44579
31739
23386
10527
49080
388
62544
71593
32087
19477
36788
59040
45730
56901
45289
80828
52992
94127
36291
17124
92539
66374
31362
20227
1485
96717
99797
11420
5204
13399
71271
14632
76843
6718
76806
79378
16592
86530
99781
68674
14986
43112
70706
55097
56944
85103
57122
67849
22946
21210
8149
5822
46695
11883
51378
16465
57844
79790
29618
94786
96306
16066
39940
49822
71446
10841
96202
90247
58459
99109
90818
48166
38712
58663
32572
93248
51850
15821
11740
29010
14366
14425
35010
10574
28843
59699
96386
46706
17081
85150
13188
31925
47265
83959
54374
5684
57079
94579
62608
49252
2461
15045
31639
61993
13224
80888
52906
74958
6330
94278
38274
70809
74416
21977
44019
95516
4352
43603
90244
55609
32719
4878
91632
53565
62711
86513
99815
25221
15031
65793
79378
94133
67378
1321
78056
60522
55644
76914
73556
84235
80098
69063
70626
4757
6830
9748
30474
93180
54776
44601
7236
66324
10703
38797
57188
52102
88612
425
64582
69708
89542
3430
66243
40543
7540
49104
21088
41649
5109
29834
13160
20941
43005
89687
26229
46952
98174
3312
54092
50649
12103
53411
19678
32275
54420
7386
43035
4855
49811
98021
15083
73011
80555
596
53663
6884
81632
57115
88998
48983
75168
96689
55691
47405
23037
52323
58536
4903
62868
96016
47224
89386
20496
72537
49867
20598
48416
25495
72352
69896
93138
91147
83440
75313
89486
1864
14836
78022
19936
17298
37274
94390
54922
42522
58144
70499
99941
18917
87019
95512
30919
87429
6078
76420
6631
89864
10725
85340
60909
5114
21143
66805
84323
57284
35995
56520
7208
4542
1531
27237
1520
68758
62164
9909
31429
50934
6222
94722
10691
67871
72442
76599
7518
71438
52302
41750
39962
84156
19923
53733
74232
64336
54722
55959
94261
37821
20797
55485
74952
5605
98804
72809
35522
7751
19733
82463
67188
70152
69801
99529
63473
50893
87976
99595
24333
24033
97550
40119
47076
57691
17531
30650
28383
5255
78190
53200
42761
99126
93479
72881
38491
58386
86968
79601
24621
84832
2629
74262
25742
38061
44322
23174
76909
56448
27286
38261
47500
65791
11367
49553
85888
80313
80871
25829
39807
30925
37530
60183
18818
31712
29868
62075
62438
70603
89023
43595
1878
43666
13659
14558
89799
27902
51901
2525
6520
90780
69172
76327
5226
13881
80773
85240
15958
48515
73463
95742
15583
68361
42090
63720
45895
96317
95337
21939
27506
37915
61262
66548
15550
89517
41131
63592
30177
68874
42054
7670
11505
71316
2581
92710
47830
85716
29813
19447
65204
99785
20583
50407
43807
80197
34073
67430
57053
45705
74927
28878
4846
43726
79945
66965
67918
80676
85209
48036
82278
71076
51679
92509
29793
1670
74359
83491
28344
76187
33423
97449
71720
72450
40357
42010
33881
33517
64851
16895
91772
46395
32000
5845
25292
6204
85613
47426
82658
8442
65600
88938
18718
97219
21208
15314
47153
26180
43168
76952
73167
86102
96151
6783
55561
88987
28414
5039
26466
75955
9889
70783
21874
54827
22996
34292
75075
89479
98676
54066
73739
99683
78040
50143
45016
76748
72007
86942
25453
38157
93467
15942
16844
62929
92530
65265
59762
68432
15509
10922
40745
70436
68351
10853
39458
27179
55016
43115
2212
75602
94751
80551
82466
59529
51123
24005
1400
50146
79008
31465
90615
97143
39405
18565
21476
9775
44080
63861
79866
86220
74424
63080
78449
74025
64484
64908
32416
338
24889
59716
5628
230
77189
73721
67157
27331
55261
5948
2036
65043
6857
84737
91323
92312
48936
79153
47533
86871
18457
35183
58912
18879
29601
94816
34027
64614
42675
33307
38189
38334
58129
68302
75275
18222
93873
56805
95544
30568
12273
25033
65401
42407
24470
56472
6962
56724
49274
70298
14721
37920
139
79363
67404
34628
83481
6817
8580
96388
36928
34830
77604
53793
87912
64067
56154
35962
68613
42955
98009
95850
6756
44640
1638
73417
32529
13915
59248
52843
56831
67446
26214
26491
83633
8683
45540
12497
45195
93406
71169
93199
60804
70144
45502
77850
9619
47707
65086
72046
78294
44841
52457
15891
91583
54226
76586
22440
24266
90751
58042
94325
33046
47515
88885
26247
94862
4412
5936
48292
43990
93483
90812
44952
51839
90706
35204
30621
26246
52399
49387
20177
8947
53407
58244
76456
12671
29948
54171
85384
57151
85440
45879
54984
41691
70246
50373
36392
1735
86653
49634
69129
13264
79121
87757
21303
45994
30589
91660
60656
929
95322
80820
86775
9397
25732
61174
47109
1362
86393
53676
52861
13391
82901
17146
84513
67990
69510
32937
8928
4567
2017
84250
87138
1571
13537
81
11975
14856
53313
94186
64638
74192
98218
25768
66192
59513
49013
7131
67502
52770
66480
31363
39578
44069
923
46742
41895
32552
81459
73119
57454
250
50172
93767
39695
30415
99930
42154
25290
2810
41197
18680
47426
13343
25728
26395
14419
94436
17326
36318
27469
55984
94734
632
67406
846
88370
29905
69954
81354
31256
26155
90330
97353
3394
87356
77731
30639
76511
216
13359
15825
19005
51852
27646
37649
56119
18691
6235
21559
98382
42882
86686
22348
68244
33661
3046
33588
96139
97000
32854
30658
1673
10040
2416
33849
89071
31002
82296
19669
32010
22963
1298
32799
49420
22395
71162
61239
44956
19794
10963
86092
69469
36954
86994
93475
45799
7564
66440
17519
92352
83117
60539
97440
70812
22450
44685
38324
3724
88173
97469
36204
69425
71164
91754
64831
31449
88791
62271
45528
48961
19763
80067
75728
71944
18498
75429
27303
95144
44072
28571
34340
94966
81122
33885
68864
86400
34091
583
79611
25568
69225
72321
25391
41760
47040
50291
41045
35767
1606
94877
81603
86136
88467
14940
32066
63278
43819
16931
85645
28767
64066
12559
31138
12241
58369
18580
24748
94191
12214
51442
99624
31449
49754
72979
49537
69790
76943
55610
9752
15248
93041
87694
44667
40793
36431
68591
79546
93887
19349
86903
84063
84113
68670
96526
49625
65999
52528
31785
50840
77909
37634
88082
67427
4199
31630
75759
63410
97461
39648
92726
79891
32792
23566
47159
10695
97963
52162
61826
76899
17800
38723
60866
5457
25429
32602
85919
58168
76754
77330
97997
97594
15892
44186
75761
94917
38762
35391
1213
2736
65137
79441
48434
77303
9648
95557
4510
69063
6465
13754
60440
61181
25692
39847
82327
65639
62543
37319
52228
43128
7055
60930
87821
77826
59494
61344
71452
9443
19065
75067
15196
62751
35962
87547
82045
15563
9712
47587
57324
17490
29483
31846
7913
48298
74507
10221
64071
41745
21029
93410
53757
19346
84803
69252
13637
10775
15619
47774
41880
49440
33216
27452
76722
17583
71161
80367
54838
69468
2004
70136
94938
78648
97597
64690
31413
7598
50407
34660
32576
44652
65397
97498
58445
8933
66768
49225
85863
60239
99826
73608
39828
2255
21396
8180
19287
94032
77156
97695
98271
21574
10988
48798
34937
56966
14156
26304
85961
74618
65673
43656
8613
39204
64629
31168
96132
9865
71268
75662
78719
27010
68467
52659
65647
61908
87903
23500
29272
34665
73981
93419
15833
26552
56823
98503
21585
69286
36965
75142
69963
66821
17760
6170
80804
89172
16217
27582
5878
1266
95386
55229
5283
83664
91329
33571
77427
13043
38781
18728
54362
88363
98505
36961
1401
81575
10415
74807
86764
8147
48138
99742
39043
28321
63795
92639
1100
58038
76589
76932
29623
25473
8003
78983
74441
93871
36800
23966
87523
86636
36664
19618
98604
59170
3514
52684
9020
29017
72931
16041
18074
26045
24353
37645
70344
47913
94936
6972
33793
96918
51925
74270
43289
1467
91139
91595
28740
16361
69353
72535
97606
45403
44634
69998
5648
73368
68794
37267
67552
64721
68248
73435
41315
17617
61295
64788
34560
2354
7421
2473
72736
33355
32444
67074
3273
25171
35208
8925
68210
92500
55056
29760
92980
25956
16540
49430
2849
33425
26817
62353
63809
78807
5944
76805
55185
16135
70761
22402
27033
63733
91703
69933
78538
25051
90266
50752
90523
44584
37834
67897
65498
42043
77892
39446
15551
8124
22616
63592
1543
81954
88639
32992
97527
79904
17107
54162
99956
67884
40680
89723
4473
68793
55463
81133
61617
8216
44248
38419
24091
58279
85140
34902
29902
56589
36631
79735
89304
11720
76638
94423
40822
62594
97816
82915
41243
92687
53384
72333
25131
99578
97413
73155
68550
12203
68677
20474
18494
73589
89360
2245
44540
4853
59168
32702
2483
87909
84249
40514
18935
70221
62001
18651
85353
66209
80156
41491
92223
86272
57735
83496
16783
16098
22873
80814
45236
45308
98555
83772
5423
49531
47818
66384
65413
22205
3601
96400
94190
61884
85780
73049
34044
60621
69297
26335
33472
46523
49411
59302
71693
47868
44715
98258
60051
30058
93501
14937
5450
29497
13530
84152
71146
6292
90010
33759
10258
46652
99471
53150
39236
83712
86856
64991
44256
65072
84376
38396
16554
57535
95876
7463
81099
81734
89001
5753
31655
5987
97756
61998
73141
94658
78333
11923
402
93392
93871
10646
97183
74972
35579
28650
7510
57959
85026
89733
65938
90475
23545
93296
1473
71446
77340
44084
46036
97246
3886
43544
74785
40114
49573
87870
85685
25415
2852
2244
36789
57121
27247
84822
44814
31803
29713
84161
26383
52707
37002
60789
65889
64347
98650
98317
38106
33934
59633
73682
42139
11964
72985
25181
34882
77014
24728
49097
48305
6673
33818
93472
70726
82781
58018
90756
56621
64287
8892
90610
28924
40051
47496
42621
27825
44873
43116
90850
33859
39673
61970
96271
51845
56470
98734
42678
36470
75026
28390
76477
26131
3463
26325
7030
50710
87692
6468
26214
57227
57776
32570
13781
45296
13769
92685
9645
2965
77235
45980
55646
41739
74185
13887
19884
6262
35285
79109
5460
19362
47082
66176
576
45228
53743
82675
15250
94251
39792
85698
8620
93139
24969
72750
33716
22076
34338
39723
8853
55977
65775
84688
3046
73245
68711
40781
34819
95649
68731
34694
5952
22092
3534
985
18856
99891
11810
41616
18156
40943
87012
47767
93128
41353
65943
91928
24023
27437
94536
70794
69936
66375
84512
81286
82655
76955
25698
14568
90338
28562
75844
54655
58084
87953
24170
71221
30358
26600
52132
14196
81634
78683
77
74603
82015
12275
42474
15949
97394
90419
24332
94081
47096
49938
66648
79415
20696
37764
40079
67199
438
23380
93367
91414
37318
69860
32802
78077
60487
81941
66454
39061
99635
77098
34210
87933
44384
33874
87297
23662
63432
39479
93812
21603
51476
54630
61822
35087
15291
38792
16956
15698
26424
10046
76875
2201
58234
32519
50678
81259
11401
77482
42991
22282
48800
43700
82467
9582
58568
46270
66708
52417
36989
1676
21309
37384
83155
16824
70648
24877
11896
49921
16614
66021
26511
65647
55714
65908
6088
8812
65941
91559
37499
38719
96650
68857
65121
50974
22026
20970
21828
46623
94594
95779
24835
82108
64437
62717
56237
81745
7240
95255
16331
82327
21018
50406
74729
10326
40915
77496
19935
97875
53861
840
78950
67060
11114
47066
72167
15917
11514
64954
34408
33077
16531
20776
66362
99612
53632
52546
42821
4994
41583
84530
79784
6360
57876
54494
55845
60055
18716
3892
56139
36522
41402
10175
48696
70274
57055
7154
59346
25992
73183
98955
90900
24474
40539
81235
89143
43042
58243
43730
97049
64548
734
38672
14908
65715
46863
1356
4602
32114
55661
64880
54258
31423
5900
41997
52696
42302
96003
5552
7980
82751
35282
73992
62012
14746
15264
62435
56736
97379
35726
38775
90913
15223
89919
76550
96228
93797
24405
79872
53535
61939
25970
90758
51247
7048
22034
84302
21915
60637
18177
45103
46855
2366
23245
29569
42279
54099
19303
10484
43293
85357
34181
72362
78457
89009
8781
23190
17463
84687
33100
57396
37730
49163
10501
41756
68843
6867
80181
87186
18604
91997
61843
98300
67592
81580
70071
1897
67464
14770
61678
34466
88131
56853
62203
77015
96324
44891
77055
40188
73472
55177
18068
7700
2694
5296
2473
9108
71037
58638
55705
70748
27201
57844
26047
25520
52438
50842
20675
13038
45858
21376
51145
9197
81743
91454
30071
59576
28399
42065
28335
96792
8019
42394
31884
38081
75608
44170
92532
57270
3497
74044
77481
48147
35409
69356
30919
79616
12285
36740
9617
12244
33578
56403
17476
85965
44670
50063
20486
87886
26368
8663
22177
86775
29391
32102
34231
49194
57481
21413
83463
61855
92366
2149
29013
85573
31734
10263
13159
37470
97047
38191
12329
69248
85432
86864
75924
80984
42228
19216
86012
98193
4502
13733
75949
83998
92236
41184
50654
17097
48143
2866
76422
46146
58598
80907
60807
63419
65471
98262
33291
59060
310
83531
36009
23572
8699
76711
89134
28539
57221
56661
73558
27567
78224
74341
46269
40785
98643
45556
33990
71947
84460
28469
87157
22429
79407
72453
71962
76662
20413
35347
44976
67384
57124
53761
55168
62940
17249
65822
50749
57118
28202
18032
59304
51378
42916
87270
67591
67071
46630
28439
56620
80706
76763
67676
24993
81888
83598
26610
81921
91441
86233
16571
97195
51192
28271
29300
95937
61476
82875
53254
58452
19250
15228
83744
52648
91905
90608
11782
12829
71706
12159
59347
87012
88334
13824
20736
53127
26965
53424
80290
6122
1318
63815
86165
70687
76510
46633
93040
52776
71234
49239
78204
75262
38132
40876
64179
77577
81513
61231
23419
53831
41668
63258
95601
35846
15853
40606
86290
68310
76125
29491
82699
57267
74319
79676
51856
64854
97337
3853
38308
85449
19139
97683
65430
8880
3117
39647
21007
64002
78602
65644
36377
60661
69982
56078
65796
58860
53768
54055
10735
14835
84006
99780
26194
96045
32131
43393
20510
82489
17854
13406
88211
12969
11222
42855
54398
23908
52425
197
39076
19433
35403
59501
32926
32940
3001
6813
13479
72913
68314
42552
70402
62778
5752
47275
15489
9592
36464
24944
75876
45313
43387
15954
81185
3368
21770
73711
70025
91544
38169
45534
27252
73809
88629
29680
24061
41321
61008
38822
92078
34116
79383
49775
94245
78590
10150
9618
11173
6655
86193
32293
41265
84168
55663
80033
87002
96895
18642
24960
72309
78018
22502
33989
57812
2268
72432
68621
68905
86270
50078
18929
78662
65166
75548
34588
47811
24599
82600
3284
7676
51308
6150
17200
67268
14718
10405
4222
53425
57571
79139
94825
85675
79951
4650
53924
26830
88471
17238
22575
41481
89509
68919
97898
17785
18079
5425
36823
5210
74578
62613
42831
57528
94133
53091
50993
11787
47186
48087
32572
77507
17002
95456
15233
5603
96266
9918
43470
63959
34481
7899
83516
9775
83133
76290
98340
847
20215
86628
56245
87805
46245
54555
47866
4474
27289
78614
8808
81091
34724
4457
18424
17188
6512
53740
11603
30394
49520
66248
59918
93211
99939
41882
94715
88539
96016
49951
79606
48600
61857
36158
78891
16149
45250
96270
60930
50112
76749
85660
24831
13679
69939
96382
61867
41634
88018
86194
60759
41163
23169
20857
49953
9936
62836
607
48425
44266
37507
19408
72691
75006
24672
48426
33362
46636
98771
14095
37618
39576
39022
62101
45824
11462
91005
75033
82784
73382
2928
68421
97280
19958
72525
95052
96412
32656
40534
9427
63589
55983
31536
71572
47647
14791
81222
4529
54734
99629
60793
10499
55826
20862
18640
7329
36755
16378
71536
67087
83701
33052
9806
71246
36837
72155
97410
8551
3340
27631
51963
89020
27527
90306
75419
6951
71845
66462
92884
88046
31886
82846
68233
26997
45188
57227
43247
9956
1443
388
55080
87984
42907
55703
2046
25545
20199
26273
13021
43294
58952
93877
36064
16765
72459
49397
36549
81464
80443
45763
96442
15587
666
49995
71339
18285
15412
80788
96190
99774
27534
3280
56657
59511
63012
2000
32461
54952
59755
67786
27728
94782
22091
75499
54664
33748
98635
22828
87371
12552
44222
29557
53731
58071
90160
39689
62714
48652
59194
50182
41372
9053
24413
90537
43501
8151
53403
37548
69420
71648
41621
53373
20803
65849
47126
35391
31622
57583
85985
8803
58597
95477
80321
83582
39274
37356
42151
91734
73309
76661
20374
77018
30658
55274
25814
5422
13159
308
84919
5039
85563
78164
98053
21741
93416
49769
5133
19142
80581
48467
44802
39311
64579
96913
73398
65629
8897
12685
81160
43040
47628
52778
99334
93111
88573
76762
37023
72143
30493
35332
26905
71523
45058
2328
57077
8387
71160
52894
63082
22697
34483
26179
21235
87502
30719
8661
99165
42750
47639
46189
72250
70670
83596
27077
6953
54845
80210
43298
76207
46100
78376
85704
29120
24706
75707
83707
57085
44757
79739
90181
94717
45353
45063
23160
8312
30634
7003
79151
54404
30271
4703
41348
96213
35796
22545
67161
21851
39469
86931
51022
27136
59820
22670
48451
1587
78711
88751
51124
93455
86378
96643
21013
2770
21169
58710
98401
21448
16611
77964
38682
7294
70745
83654
6856
2321
73418
6018
6373
94492
19969
88320
25752
51286
91790
2804
48701
18538
89635
18214
88785
8320
18400
52547
94659
47696
8457
87876
77856
5244
57564
48466
12629
62876
29223
26529
36801
67861
60936
58104
58225
6559
47407
61307
19208
22426
25241
24990
36427
75116
57033
9829
87343
68947
53673
82272
98701
90222
68573
84798
15498
88771
97586
93049
65731
68196
2017
2888
63030
49490
43038
42444
29079
76408
63033
21017
84991
82297
37015
75760
35111
67855
17275
70125
72178
80036
38255
36888
54877
87471
86483
14308
74160
26198
68765
86379
53948
4728
39290
44967
74142
85474
1270
98190
84447
26753
8643
84071
73436
94586
46701
71355
42270
21300
61243
12836
77022
79564
33210
19931
37782
58685
89216
7823
33152
74338
97403
80910
98674
57403
16153
95881
10882
36020
37041
37474
49358
77866
3107
29831
69129
76054
81593
30095
62499
78039
9936
2475
37074
216
89348
38079
32324
81603
72152
92141
14270
37471
45014
38902
97287
85518
2085
36538
69630
45282
93191
77849
51788
57079
1713
34764
47835
26723
37326
20402
8831
38495
45700
375
78369
41917
6943
67586
87594
81503
9292
76353
56178
39206
30139
82023
36251
38239
3632
20886
44931
44971
13189
47268
8704
43079
71511
95371
5210
53654
86590
15651
57901
5568
59670
68640
12670
41723
31175
68742
63089
97605
26389
18423
53427
9473
9663
68493
73727
1133
40480
56632
15793
64168
32923
11233
17104
18072
29599
15205
2985
37749
99741
52198
60565
8206
48432
90372
30921
63861
56211
27537
55050
48705
78177
72996
97757
79486
48081
94751
30557
75984
9857
46981
60310
53924
88354
1242
35658
74575
12977
91288
5940
65121
96888
33767
29297
62251
73863
15487
12008
38349
5280
31093
81085
35305
15845
52127
16224
1744
81541
31369
96137
24797
14974
45453
67429
54974
72381
40650
79696
43402
39668
19559
76621
50158
60709
20304
38611
36506
64000
81032
71702
2801
45465
82011
46127
82029
627
92676
48014
41513
73430
94569
93750
25513
59034
45000
36180
61355
25231
47241
60556
92901
35676
57901
46317
8460
75219
78360
96657
58862
52651
16926
32074
34853
10564
16045
45611
25790
32513
87105
46098
4443
36836
36770
25385
79180
23872
54152
22252
74799
87291
89655
3459
70154
68290
33678
22607
47988
70299
72467
3718
73272
93123
70511
43161
40847
82851
7171
94491
69020
79350
97437
38429
15314
86905
682
73340
94757
40461
62455
52270
65657
3739
10990
5455
58905
93429
79795
90922
34446
13331
451
86927
85846
72059
32476
57747
76817
78825
33103
56245
88354
24521
24372
17384
79906
47643
12368
14092
78859
27620
60425
41567
29155
72297
74051
75645
61460
12469
76730
46985
4240
38757
10357
67189
55827
96498
15270
58941
41639
82180
63049
10943
28494
96497
14546
58418
80702
14932
74546
16826
65427
64701
85428
52841
15350
40841
16461
10819
78841
85123
98431
85411
68401
93917
7885
94317
42898
19556
77208
93581
22793
93839
27636
76568
36943
73561
70535
3541
91604
84388
66716
22263
91451
71828
73148
23049
6668
38807
34119
94970
69757
48689
33556
68161
21425
75116
36242
19417
50709
34746
73883
45210
67068
95432
61480
79884
30966
69536
81281
63247
31087
27965
73411
69169
71418
51180
25985
88460
53120
55115
15714
14269
20753
52273
17881
36515
78952
28843
70308
4159
86609
35582
35777
55161
76091
864
54317
72580
88832
10898
51202
32792
2578
97789
56026
59925
39127
93345
76479
10023
24475
22426
53866
57098
88203
33427
19281
58135
77128
46741
43452
64326
2168
50638
41708
33716
52379
91063
92293
80597
92292
84947
13963
72504
44318
25673
34884
18936
26215
77225
16561
87859
38062
99335
83198
47747
11627
28017
98004
26270
22521
14022
75503
46165
36545
13056
38565
12354
99178
69811
67558
13869
74637
19891
9297
63176
65763
76282
16812
3023
30742
4964
22535
65667
64884
32898
42663
53888
2957
3261
20734
34075
41490
53767
79413
97670
81385
61352
10698
63312
17923
98963
42126
23221
12636
88378
47624
65753
47198
9632
58855
43198
82074
35
53124
23218
68551
99282
4652
22607
95963
43491
90987
46959
50740
19306
68162
14256
70158
77559
39824
93602
99723
49885
68855
91774
40071
15977
56245
80143
72366
65171
89097
85467
56597
42533
69976
98877
70929
21176
63718
326
2013
95410
2821
24145
64352
44247
77033
17783
18530
68487
53333
98469
91015
2725
75327
18418
54814
88887
54023
69294
16077
57002
38967
23077
44972
35329
31097
18122
66564
93340
64152
81977
29407
33092
9950
16229
58150
39657
75268
6649
83491
81682
57333
16015
93756
96537
83616
46479
53662
74129
34308
73217
68806
86306
18311
12660
7501
55912
86703
52584
59151
1496
51838
25830
67702
77180
33950
8282
38353
71340
63311
35554
99280
94841
25180
55897
32225
12374
22437
96821
39676
65718
64104
52926
45392
18825
13407
16852
41996
99536
10586
1483
26432
73688
53854
7366
78132
47974
18604
62423
80190
20155
96890
90762
72573
81845
80485
82556
19365
632
35798
73019
29240
8623
6016
30187
34312
39747
75410
70539
51842
56871
22307
6550
21919
57674
15712
1840
46091
37272
36279
32567
75911
93134
52075
1529
7443
57310
91020
78406
5021
78089
24631
90615
75788
60835
96670
61027
64492
80546
66408
21482
94488
72665
3271
23970
95219
71432
99292
51821
85225
37677
17099
5853
95769
6157
90097
3374
72827
28060
4275
29564
67088
81543
35995
33245
49794
42232
12340
67636
4109
56071
37933
510
39279
17351
25989
31899
28920
17783
70369
37300
57185
31258
92128
39661
69238
79175
63601
24461
3864
7011
56257
34896
89650
81161
25701
40378
87774
75617
51264
8792
87736
75345
60259
1542
23158
947
35924
71996
55125
36094
28390
12351
89409
1963
73326
82136
12621
73247
24528
68409
49442
38176
63499
73303
71818
28432
67896
89271
49916
66974
25793
43523
2345
60714
15496
85602
12509
5337
65789
34610
90020
26137
13739
2416
49793
41630
62150
40861
3850
32254
69949
71182
62290
43126
97602
47463
61553
8246
94976
44971
6096
66366
53812
70491
98172
27768
52157
22165
43631
62385
15104
32419
30397
53611
44566
48066
48082
11311
152
42264
47549
59497
34453
44918
76060
41106
61333
67252
55336
59715
65663
30377
27513
25947
84559
50858
18486
51487
24236
67756
38122
62280
25807
67352
33594
86571
72632
43835
85728
83340
41875
22744
46823
7796
45311
58726
25003
5712
80352
62321
97546
62388
89392
58243
66732
89913
81682
47453
4965
91097
42901
65399
55298
45631
12309
16901
20694
81494
89783
85575
6299
10035
18621
681
67869
30584
93090
10742
77512
47433
76652
45791
12076
93808
24237
96900
11002
94095
92393
7753
32194
66595
11604
5139
12338
92568
3823
8112
34013
33496
53280
293
66876
77222
76718
68452
43413
26320
71726
78444
62870
75406
73268
81980
35973
55124
72106
35974
80735
31351
7809
75213
57726
64329
76944
34627
66880
82433
12395
97945
53153
28550
4178
22979
82608
87780
38976
35
25955
91184
2504
47664
49349
62313
29251
99111
39393
23035
75190
90009
65569
28551
70708
97749
85318
35420
28866
27345
71213
8339
75326
94036
18459
97392
70977
15105
95428
37309
52197
85608
93
70641
62724
61676
95159
99618
15027
17103
76952
21249
63089
14765
3319
36960
60744
4768
99870
45511
59281
68198
54809
99596
26649
44175
8750
36220
99521
22993
62504
32014
99476
36775
75386
77529
14170
64399
9497
39951
65887
55827
83695
23453
22689
61024
11991
8103
64670
37946
28430
53019
18868
34535
32278
63080
49564
23714
62620
55534
50235
56555
80649
11165
23673
54763
54621
15820
22886
71938
83129
46362
4158
39014
26186
46312
36379
29324
90386
9723
80188
20312
66859
53741
61856
5638
99651
19296
66680
18269
81712
50939
65074
54953
42394
929
76500
94415
44419
77661
21147
2104
38249
9426
36768
34720
30228
54231
20847
29176
16272
42083
28325
85355
72584
82055
82926
94890
52148
21640
25525
56125
39313
68833
27246
83442
85508
84835
30193
88260
18908
6400
81639
18944
49244
81011
31379
90224
97287
32418
77877
20367
7783
82734
73184
22025
37772
60151
39363
92768
92372
99093
9895
35371
17351
94155
41822
96942
40696
79906
24183
70114
90912
52988
53093
47443
2507
2049
82413
42993
28616
41830
84409
81486
10986
15518
85654
93201
39676
4880
2661
67023
40020
57779
67894
62479
87501
38286
99839
52564
26913
29569
80223
23358
77508
16609
71028
70580
90366
23545
93542
70723
99207
83979
69896
79953
80186
72716
56066
93822
96507
80620
69966
5561
48119
19813
23772
79636
5873
91835
65434
86057
20944
38756
32105
16758
21645
29890
62910
27283
98039
96066
79011
49072
41841
37189
5481
73983
21402
75623
83403
23526
45751
29175
96240
56182
27622
81037
64354
46140
25273
95383
52830
14896
28195
17826
21346
56647
61425
99503
90720
84263
16118
75143
59324
23968
18218
66963
50250
15157
49109
37321
29320
27170
46018
49395
44709
8544
12724
55850
51834
48985
62168
94066
11620
89863
94271
97291
14070
39197
69502
43237
26260
50878
62107
69125
70763
40664
95767
8716
98045
76998
61365
9877
47204
9545
41455
19085
30459
58784
69913
15678
76201
80750
17088
61917
23247
25402
50268
80340
89752
77930
45117
92642
45434
70143
76370
30256
32047
13576
73713
7758
93732
72523
35243
88431
97592
17010
27412
73158
72832
49286
9921
49177
17058
44361
1048
23299
8654
59279
90635
66677
94464
96917
28317
7314
41972
92345
32011
23130
56409
18143
61755
8256
48323
23257
55145
51315
3809
63702
85341
78951
48974
98279
46236
24226
86498
4879
33353
63343
32032
53211
66994
39574
99037
51449
22295
31217
31404
79692
56358
10321
99985
45664
78139
48590
87108
91727
246
80416
2243
53314
97570
7937
72128
46273
25838
58030
7492
48135
6750
80000
91535
99359
69880
76106
40470
48141
72647
60754
64573
46472
33878
99589
84102
52848
98081
6546
23397
2103
29103
29681
64073
31518
58083
52365
37010
88716
23376
30784
23523
45819
82910
95212
16066
62806
41962
36782
9120
93811
99452
11778
28169
23615
7313
53565
19834
40687
32003
98374
35112
71407
96565
87606
74733
98156
33600
27344
23196
41142
31441
50555
13730
81208
37976
23056
67813
61456
56171
59565
60448
6888
17206
37388
50610
62593
53644
19974
1190
15236
31916
64568
61791
46227
68096
5756
79309
76643
16047
51039
50900
3453
74052
14009
40238
73894
79705
89673
26953
23703
50977
34106
26846
14459
77062
49461
13190
22321
42684
54442
74029
67760
56690
77491
74328
24233
67758
57920
5261
89814
88207
28084
38205
85846
14598
80565
75772
80378
52635
26910
21276
23529
34819
72250
55950
30321
47306
77589
69788
97397
19450
38175
631
62840
56178
62609
41654
43895
21094
80798
87351
53187
15834
48590
92449
3468
84129
74834
53072
50490
1369
17134
51111
87212
80887
52502
67664
9143
6325
29129
34972
15149
77475
90722
63313
86029
68517
72349
65888
60592
66380
36257
55643
17810
86416
36079
45384
25059
34181
75782
96672
27513
16553
91200
14022
54845
470
19240
49936
33758
55088
91910
6984
46448
20100
39190
29741
12187
29253
52013
95030
16045
69521
25805
76016
32931
8627
93861
71264
31556
25945
78390
74238
66759
25268
71682
45673
97667
10327
39621
63429
93222
51687
7468
15213
91282
11461
27055
26867
87534
23512
61804
74900
23116
52144
8248
13641
37244
21630
12622
8238
79718
1323
8124
29746
28997
93708
51579
84339
41711
91729
67422
84442
72903
68404
46462
35749
84370
4367
90505
49323
37110
67272
67312
3718
99126
37760
32849
59322
26877
87969
40916
62880
77723
76967
25909
16387
90396
63849
43330
92707
50576
27990
77031
70780
20366
64338
40165
50481
32863
11570
39292
80162
59536
18959
50307
23318
18770
61271
66332
62981
67842
81966
39957
7776
75206
53428
57877
70859
18083
22219
93314
20864
28301
22207
51474
66621
20775
46275
2090
80463
27413
80489
84120
91353
74990
3365
22040
57098
5449
93593
71952
50769
614
54056
8147
7248
76767
89788
86034
45272
39680
65502
57735
90010
1995
26577
39734
4847
58424
86675
46317
1715
76043
77332
9305
43376
44487
86828
63352
86945
83024
99339
27151
17085
34373
89370
57053
54419
30198
30396
11998
21306
82165
39355
68183
19567
83550
70860
89462
84133
67600
15431
80892
32019
98159
17402
61031
31037
7283
3748
46245
69963
14854
7977
86630
17837
47554
9057
33037
79215
75204
52666
73905
99758
87528
75066
40853
50495
16421
92101
59029
80958
13324
84974
56930
45101
55541
36914
38118
13041
74090
44980
79443
35507
65184
92708
6403
70374
45238
55966
29826
42
10623
21334
1726
77098
11300
11971
41880
14819
40149
10823
97542
63690
86439
71193
54268
58706
84301
6162
69349
75004
97342
28959
25886
81713
43743
33190
4824
90798
59527
94465
6200
76581
60712
6644
63486
74237
97455
4853
74995
17187
28539
57402
25574
35199
15657
77585
19139
26759
12665
87368
91747
41981
56805
54666
13280
36688
77161
43548
53617
48870
47351
86527
31909
85521
54745
69200
63152
26665
37782
76289
78861
31999
17075
67775
26523
17666
38787
9909
16143
94208
199
98918
86787
11896
32493
67645
89041
61046
20564
93383
14395
93161
36842
73481
53714
10517
25867
22765
14414
47715
99868
90209
81544
27086
11753
81411
31176
13175
64329
93480
59432
96241
50812
24834
18553
29057
76545
26107
76270
72293
22835
36107
90012
81709
70224
11456
66338
99980
89558
99946
31233
45349
79404
868
56771
89299
2978
16127
80778
84018
36936
84288
44096
9901
4779
42686
60256
44456
90258
9041
65022
74455
88863
88581
96285
87851
68339
66289
5766
4854
45147
59888
92401
43545
95592
31975
38425
28197
33997
16550
88383
10226
62641
60294
8503
72175
86075
12551
82291
65916
22128
7214
72237
37308
50917
22449
97523
54837
76615
3738
83525
87202
57123
1769
58732
8578
4957
94351
91666
57134
46174
61035
35115
96419
19206
15980
93932
76148
47701
36566
47244
79365
74640
50442
52351
66717
13934
29028
54687
73622
499
37734
49861
7992
67414
32240
29658
72519
80193
31728
39475
16548
27733
81465
56137
89967
34974
58962
60167
48708
60930
6465
48135
37758
3485
30291
44641
39306
50947
39927
58342
9060
90671
86719
9531
59574
81556
13346
30583
16881
81996
97172
24015
98404
85047
10254
58738
32000
64768
56966
54094
42396
16652
21138
59960
9187
9633
51209
24911
60818
85582
57627
55860
74413
83354
69117
14034
78808
18362
23985
12823
35013
78050
52799
33086
97437
30505
11425
85266
58951
81065
28542
28740
62741
2294
37930
99194
66770
225
89614
31277
74616
90562
1587
20136
71411
4628
76469
48643
8391
80650
89990
52692
42895
37808
87926
23970
33579
42596
39168
46922
14543
20974
16694
31900
13206
60615
2862
66456
40426
90091
8673
67911
29337
37024
83764
909
24227
32440
99544
81332
90398
27614
46823
67903
38037
80451
29591
77600
76889
1824
39079
91362
99498
29650
78534
37585
704
68741
84309
21338
4949
46137
98036
34184
9875
94149
10541
43314
4631
61474
62552
20310
36666
39267
30618
25316
80520
3422
14864
98622
90773
88707
66784
28602
37212
82890
29486
84541
53212
77271
36719
78362
98179
79774
95944
73503
69132
12294
79401
17483
7986
7675
64007
70087
59696
36141
54527
93931
72346
90809
28330
18443
32150
41881
72053
35186
90069
58528
25812
482
77242
86144
72092
80828
52037
41768
54689
16581
55560
32004
14572
39892
66776
33869
57510
58777
289
35837
93832
21781
11529
3442
29899
38583
23248
83254
53343
45372
30177
54279
19698
21481
69555
89106
4218
93022
72246
4235
59673
82685
62803
31540
18771
60553
71265
3737
88562
77657
96063
47183
13463
93368
5610
15074
78008
89401
76898
58713
87017
91101
36975
85370
96963
43253
69053
49980
75981
64470
61854
86996
15351
72822
21949
91031
36965
42059
38277
65827
1161
33635
40292
72531
54483
52482
10495
6665
95914
55001
22839
47112
41356
47639
15724
23137
15317
715
50956
62672
41182
57692
36019
20054
23892
86985
92814
56030
85513
2181
78824
37023
15263
89685
14638
51153
13676
10812
2558
29753
34660
53445
62593
37735
4415
13600
26818
81015
7672
9354
1293
7400
26917
17751
94486
7839
75069
39038
45423
99303
95799
298
81951
75278
29530
65436
87911
31415
73737
121
40686
92499
1688
75066
68930
27585
57478
85585
70847
99494
87431
22746
93328
2823
14731
62641
57580
35672
79047
4501
97338
35142
18181
68411
35079
57194
68963
49043
52341
93269
88270
66356
34000
23037
96414
43312
63385
99846
64133
22299
46739
27170
38642
77829
44919
42524
61088
89182
77814
68088
69290
26617
7671
32865
32456
20753
81973
8385
6805
4371
84481
55531
12947
4992
985
8208
39187
8467
66367
41211
21641
94281
38825
62894
38668
60690
9369
40069
23056
58666
44330
81651
89635
35129
14529
18584
42117
66177
11693
38233
36538
27108
75723
40008
37534
3592
75940
75838
7433
51626
61265
66603
7119
2130
72679
53463
94954
70170
52775
20903
68974
97612
27283
56567
28371
24101
87230
68073
64794
92457
55549
23437
71874
19781
84112
65438
56571
86713
75693
43951
53389
74681
23785
71937
71039
52694
65450
46018
35601
81955
62943
36752
63201
82452
81526
78809
6929
60586
26697
82860
13437
65015
92923
1115
78105
5692
95512
40704
87904
21051
28494
60324
2965
71570
44695
42540
37814
4533
56935
83471
53766
36036
88438
23826
39309
82525
28176
3842
44048
33767
40050
12120
94618
43017
21348
24009
67723
50868
96454
90783
52871
78328
40251
71344
22003
52781
52566
15243
66466
45572
77579
96951
6326
98893
72552
61458
74423
9200
66415
44997
71835
66776
46563
4535
42317
80680
4802
84042
66080
7004
70838
34103
25187
83964
81997
91502
77692
72865
22537
44987
96721
96465
19421
12861
10594
43765
99454
39818
16227
50001
70902
3793
13584
81202
2021
7399
20137
33979
88854
62291
89750
28916
13925
4814
12272
19994
27762
69788
36661
98034
4348
82723
26559
74700
19541
62582
14494
56605
84282
94554
4418
70944
11937
93852
38473
99489
38258
780
44949
10475
21258
2901
2173
56335
84696
77633
6380
12561
88991
60388
82867
83651
69643
15084
90549
23499
17524
62384
15959
40361
64778
27159
6281
44205
35113
23835
95004
54928
73100
47557
55392
90448
31562
49574
46457
31780
36268
18765
33193
94597
63698
90243
75653
25226
8191
77875
30611
59724
98703
18708
19332
24231
14255
96843
10070
74061
11387
17172
7290
11190
86581
45332
37258
56553
61338
18005
44965
38841
68744
70021
20328
99639
78526
60064
47210
83888
37881
22382
2033
70420
45277
10048
51171
55421
23003
14070
55168
88670
84010
16618
20727
80887
10095
70941
47500
56958
74412
49063
58508
6037
94153
23854
90968
96891
89946
46904
41834
29304
10463
15867
2807
11439
17206
31862
88012
33934
22765
3751
29399
92539
19517
56564
71766
82132
11874
94905
6547
88835
39748
27558
2137
71616
36775
63077
42197
87773
64181
81704
96431
15245
88452
68765
49970
44982
87515
40385
14207
1744
40013
85887
70383
90757
24176
12145
2152
20625
94871
69977
58416
45077
63207
3467
14637
58492
45493
30646
71320
22305
17523
76039
20893
67167
69619
11853
70459
28318
60160
78966
60596
75609
23518
5767
7726
9998
66336
53958
38958
47443
33244
78000
32943
27898
62002
9665
92591
43290
14599
39808
79018
10054
4599
56182
40530
89445
55168
55648
29110
56371
34756
72941
57205
97948
62300
1136
14873
72837
87152
91564
72033
12146
22204
48079
89974
77381
15024
93221
62093
26018
35026
18298
44450
93524
52889
40656
4047
82058
96295
62626
77181
88009
17907
29327
30992
4907
78904
76983
287
28626
73900
77517
45965
72389
15536
49603
96473
92261
1497
11761
83110
76248
71393
66802
54642
98601
62519
75009
27103
4278
7891
4530
24568
50885
70565
29744
83668
35293
25680
31238
56981
69347
41578
71338
19916
82020
83517
65467
74073
93601
56482
33682
1164
12345
50625
1897
60173
26989
40620
48015
45693
2917
27257
41663
19022
26712
14761
44659
27698
87251
11208
52712
56334
72125
51897
19893
30829
41934
22708
99260
10245
5147
55987
5359
70143
39953
20644
72683
45701
30414
61027
82808
58078
89488
32442
27806
44051
5438
25689
71262
2619
30140
63346
13993
72856
84238
26664
67045
81147
71493
71022
79699
52305
73444
82959
49772
14718
49836
38072
18158
58596
91178
60016
63074
98830
51889
51958
32433
66426
21510
22493
43391
79462
73024
96797
52028
16837
54399
8865
66448
87154
13194
62633
53986
22038
19557
34116
30087
61621
2838
95208
93907
38733
98566
67586
13177
8446
89493
67558
76521
38055
16310
65168
28144
60083
90478
54848
75721
56373
78292
76349
5151
99099
44302
17441
23519
58645
20723
77888
99947
79787
10515
80676
13908
72171
36443
96772
27631
31802
33677
97302
12710
63118
42639
29893
53321
62873
30630
94922
78134
72404
82912
29814
43468
30365
18696
20524
36036
1336
27624
47199
89544
12980
57580
22854
23601
89023
73123
10542
74882
20207
66200
29445
58950
97591
10716
77590
17384
26246
52085
65368
22226
63183
85555
12223
91513
83023
13607
76839
83803
82239
49625
99097
84777
28661
6692
84407
50230
21062
6054
13292
86305
99606
63365
59989
9606
53516
37944
80996
8581
59802
65704
62269
28793
37052
66534
28126
17189
46401
33779
8839
3152
3346
5416
17888
34257
66175
37960
81204
36893
20197
43915
96071
10689
7771
99602
8648
50712
83844
44818
29886
76819
84940
41267
89943
92574
18058
28757
11238
61213
42121
92289
35429
36156
33696
28774
88640
13939
90971
83422
11585
37657
79930
76992
32387
68427
84122
90552
80069
86721
51871
23572
76924
19143
71481
32504
96458
44436
86048
94021
95558
29492
48207
22086
64259
64378
4434
9465
82287
1634
5296
42979
96540
78867
68539
18179
45734
79063
1542
61416
18189
36775
75632
62570
5402
65955
56873
16813
81435
19365
12556
85359
53641
91500
76406
61555
24131
4657
17363
25267
47191
12421
75254
17646
46743
95380
52935
86820
81125
62668
55284
32733
67176
55289
51952
57011
19319
6037
81899
60060
70443
29111
5607
62084
92153
76368
31481
2641
77763
69976
29195
99180
40036
56334
77472
38237
72751
52891
93703
34824
81460
80746
97
99121
80149
84730
64519
18528
99691
77882
47359
65266
52011
83222
62069
21800
67578
34842
27746
92770
71477
21524
93395
59866
44595
87253
18008
71734
55927
93417
17266
51803
34080
15379
16091
94702
49411
92441
17046
43155
11343
28902
48497
34912
24020
54706
27332
90597
19113
59178
34457
67672
4772
70604
56753
56812
11499
47965
41494
69212
25032
20569
67893
21832
1786
75384
81384
65608
32990
92086
83884
1573
92614
19510
65864
23277
30481
49852
20271
187
58103
18199
67293
99893
98135
37182
9926
80945
94519
68345
45568
73638
71324
33405
23708
3351
80724
59763
94652
94155
84464
41604
61307
86936
13408
1794
1063
82625
10850
78740
83171
58685
10346
3835
9201
85162
12492
38926
47501
80952
51677
32026
57482
61817
84102
98005
29774
23314
82118
43180
49909
34294
78778
82361
12961
53064
97664
9189
37242
27049
77299
2674
73284
2416
41768
10777
90144
81273
45691
69859
86224
93791
31937
32103
17894
87564
13420
65930
43833
31470
58041
76788
62275
60180
44892
70378
86888
52213
11926
19544
6965
91827
34262
10888
35093
59863
77209
22151
9835
82560
65904
90080
56410
25249
82355
52632
43398
52166
71965
17103
33537
7607
74336
85827
29746
59117
29224
77572
78042
72695
84169
66295
10483
30862
63221
44083
33253
83012
4097
28666
15832
26339
3409
6716
54779
61419
20731
64360
8941
5241
34196
20686
16553
19784
49253
55889
24405
43383
11632
44844
94630
15191
66975
7364
84956
93034
38771
32693
37104
79543
49869
20427
48579
81010
9346
33025
83714
75604
9285
58114
50217
79123
71106
93500
48992
76847
79117
29017
34406
20138
28014
83707
62026
3266
18591
1252
66962
96335
52821
68806
96262
61460
76796
25149
69738
99851
83142
71194
63147
45733
68162
4384
24751
97391
89357
48863
95083
35917
98586
93099
85890
46803
36945
24160
29309
95107
28
37703
55798
14073
98444
3174
82505
72994
73601
9741
27996
57560
20944
49790
16471
63484
86320
82572
58574
74802
56718
78135
16664
15446
99204
24311
47052
91355
67999
7593
38040
19121
26901
23345
30283
15967
31319
19017
96929
58407
5870
99431
39495
87139
31353
95927
9708
41844
82373
53458
26118
90776
79967
19211
21817
2000
32574
86190
58991
61706
68654
85870
74878
39401
95018
82248
23108
40639
62185
8996
98389
57783
23817
54111
22096
92074
1466
21539
24193
64146
99792
17069
42218
14350
75851
79464
35095
97696
14246
86377
26006
92302
35102
68942
40413
70085
60195
12710
59284
54124
13657
3272
41285
16613
28386
46860
34394
56944
75406
62710
92579
66112
5975
80974
50612
91961
74451
17344
53115
41093
51551
75922
67460
72494
35004
49612
57068
11497
29562
49722
88819
66952
66268
91217
55676
98103
24892
48772
41337
9080
22686
73299
72478
57796
85316
68816
24456
66156
34559
8478
99144
3215
61348
37664
37118
81416
15066
87249
91460
50589
76058
3027
24460
76300
35636
28206
38218
37712
34325
54707
61413
25314
17379
58204
2919
28948
21668
73479
26588
52940
23307
76003
71522
65290
41815
98033
79491
11892
63920
89658
90378
28409
66733
50609
92162
43540
12886
92965
93642
8050
17751
14087
48175
16454
58035
77680
70602
49416
47838
57678
60782
12228
52373
39963
44014
67327
76161
6044
92803
39479
94999
26604
98085
47088
36898
40089
83986
26987
45276
30570
72023
23401
5278
33997
81344
80789
10543
56064
14618
5382
96118
49710
53069
96718
19780
51582
47935
34605
11654
40056
90162
65952
57869
6370
12374
35970
23814
85429
51975
87147
23641
34512
65535
13373
88046
18163
8498
46464
85129
29576
83218
9926
21236
80014
52746
32309
13314
71422
40470
85248
14444
53843
84648
32300
30981
34786
48447
24540
31586
24634
54935
37228
49229
7055
9130
81529
86636
71769
53213
77274
19477
64198
25302
24542
19351
3937
41889
92461
23895
12688
22510
58188
5066
70189
14019
76564
19022
84542
84037
29739
24148
4416
56016
55252
78329
49386
82646
89011
56800
26165
72757
61493
33895
25461
25558
95394
13381
30354
44854
37561
38244
27315
14830
30056
55940
78946
21530
19303
60015
30242
37512
12755
13947
78019
63171
62180
81687
15991
94245
17436
53381
3021
13572
24804
81568
76712
30356
4895
81741
42699
91194
5359
66453
41695
58602
12348
40253
87253
27108
86637
9907
2545
55374
53571
7504
46628
68135
19105
92245
45057
52776
686
82825
72640
77265
86095
85273
64761
57286
16682
68696
53616
15215
76454
6284
65591
49414
21599
86342
40661
55185
11534
8016
19483
39110
23624
58330
56825
92413
32185
1609
57802
57341
66476
63181
51908
43757
30234
63439
43242
62526
85996
69111
84535
79674
68366
94691
96654
3584
82228
86556
67003
10559
53309
79592
83408
18259
69355
7131
19845
45800
34742
50900
33646
20226
62320
50999
54101
57080
21577
59334
7316
88415
98055
2783
88057
16244
73346
9342
20698
8033
61825
55675
42416
16147
53205
84644
85946
66419
49665
87377
97838
58460
13167
10029
78365
531
48237
10924
13377
50659
87524
6559
75254
51903
30563
22987
80087
4096
12387
40903
54981
59839
22347
79831
98744
45433
19199
55011
33173
59091
28700
57217
51884
43960
36463
25875
30003
24671
79017
67501
23575
10850
76534
13140
22145
36140
62010
18877
17879
74577
21698
24067
54071
93211
72190
29424
37720
24545
90717
4307
60413
15166
65
98253
47873
32425
78782
53862
42094
78656
74393
41054
82874
6034
63897
83865
32532
5444
73116
97001
8916
97905
94102
5801
62922
49586
50367
51565
67516
1972
27639
13244
58611
39375
67373
62180
59928
46480
13192
61650
3212
55731
48358
24661
68430
29212
28859
11323
86672
16182
39875
40803
52380
89299
36071
73023
92415
95662
1844
21070
36672
73110
70488
17015
42078
13445
5696
8301
8904
52687
23464
15935
19003
67836
88099
9637
18843
7945
61080
20758
59568
70871
80599
65704
89067
56586
54177
59351
59439
98896
9191
92869
88644
40482
95358
82069
75583
35090
46373
15021
1038
24629
10381
43846
77213
30342
73916
82163
97504
30185
23102
62009
26132
41925
51541
4133
51105
9851
50072
14249
88310
68260
42401
28584
76209
8991
78101
98806
98570
97365
98282
50844
77029
99799
20406
33947
10211
77704
80431
40664
774
91412
52784
1111
35620
32211
4552
95564
2128
4711
77567
48374
29879
28492
32849
6160
69897
6209
52094
60002
26997
37727
2571
25759
81826
84765
98494
38139
29333
15683
35048
2484
17335
47222
43408
98173
18166
95138
55049
84267
1957
52840
99355
32201
29347
33545
43097
25903
86514
51859
85485
34020
69036
43267
26088
29436
93809
28625
13182
43806
32609
99243
12904
96101
26662
46565
1024
45473
2997
25078
39614
22610
43477
57410
14338
80918
86568
85204
31973
94690
38517
58794
60901
67841
24640
65184
21731
80974
12198
83635
66964
38769
47611
15774
1639
25514
43090
81444
4161
54896
82677
17028
10779
79798
2812
67190
74621
93778
43106
83499
71507
76160
24985
16863
7920
89872
50515
95407
59007
44846
73834
50744
90215
6671
7815
90804
57551
60607
52416
36393
45427
4322
98746
79942
86183
31618
17394
55065
47628
74856
51770
6504
48889
64221
40498
37232
78745
59486
83636
47479
13374
51289
37097
61349
46247
96761
11387
43185
15132
30599
28473
73195
93654
1664
93292
63872
93717
15945
91951
16635
35786
63589
20167
62917
30400
37557
71311
60766
74599
96937
13108
37917
78655
83589
91363
8601
15232
68890
70877
82476
83813
74911
80459
69473
97506
71310
21009
67120
18762
76749
72507
25745
18213
14499
53922
75321
77136
23236
94907
65059
67414
29297
26520
80790
29201
60297
88076
73068
68714
63976
28442
20760
11526
12254
20972
3302
38892
42568
20415
92393
26201
95704
56878
185
50590
37171
6584
96713
45315
46332
57347
1981
27832
26865
17559
68796
38249
75364
67002
76459
99829
19227
77393
71377
70878
61842
96018
60547
17379
80834
48035
14629
5636
16927
14936
22817
14321
28224
82892
63746
88228
57017
71183
72732
60102
3595
90679
66309
66461
33405
69404
12906
3687
31969
96385
93730
33385
26659
7894
69648
42199
87451
46794
45067
35168
6787
27637
41224
43968
8254
40197
92091
86321
20202
47265
34683
65915
99350
14694
76062
51443
23893
95530
4732
48836
53381
72000
79256
14136
49479
81347
1025
63729
44683
30594
84790
33106
22631
43419
23861
85776
47445
84147
54387
65829
8827
1607
81855
36433
41290
68132
41313
5644
13391
61780
11189
86584
89982
60023
89243
33291
40707
31748
96193
3511
89690
2222
10302
14947
19914
26477
20643
59491
99576
55244
28205
53647
32056
17337
77701
52071
33637
40317
65825
52536
16719
22902
92826
56295
16053
64133
5574
56069
40476
86197
92874
14262
93008
44013
57958
61683
68516
20769
45723
18330
7804
3244
13187
3654
59578
40410
77922
43930
35040
13896
44704
7335
87240
92093
42043
38285
75429
43447
987
99935
13232
95059
7894
28149
71704
68279
87985
98402
39532
20515
16325
98785
74908
81037
51868
28466
49171
12293
55315
18428
85485
23593
64841
83412
69851
21927
30070
93959
27029
3476
83657
41860
13060
8542
19146
31745
97222
82869
42959
56434
55994
54793
53544
68309
28811
9771
52820
54537
85806
55319
39272
83825
96671
92268
16919
32713
78587
69148
799
55856
39407
94373
32222
15311
38370
33255
27024
79036
97114
49811
94842
37637
15792
61129
16364
71010
75040
47201
86147
10497
41545
13005
65340
29904
92475
77008
90879
88258
58383
57863
74062
90006
83313
80444
30525
80517
72726
10398
54795
76220
89714
68843
63154
48067
75505
87548
96560
6857
50348
71627
90996
5738
49002
22975
17072
97053
22090
50633
32668
81635
62475
40204
40487
17098
5781
44124
81355
56253
83476
23026
41341
68667
41280
89045
60663
58470
25534
92494
13200
9548
62974
55125
96959
88038
48198
27588
76006
94501
64267
15686
11842
26088
12749
26140
26720
76572
47417
57904
32875
71394
61188
27563
85071
18361
88007
49694
10965
21340
96977
44231
11395
19096
84616
52095
67764
59306
31142
56075
97013
30781
18004
17873
11024
96726
51212
59737
95253
61652
82489
80330
12160
13390
32864
12625
97989
60879
35633
50094
53441
27795
18488
80721
68287
18662
55882
72950
66195
23327
39336
74786
10364
99191
37204
88098
49870
71038
95968
96222
19058
80441
66956
83919
58785
30466
85809
89387
57929
20259
5649
59678
61201
29388
55023
59502
60652
96208
92955
90378
5206
67972
49409
5615
3391
88655
64227
50961
43235
81242
94859
59536
58408
89113
15700
20488
61147
98022
72769
78130
87599
78787
37807
35353
99278
10388
59732
67909
13485
26379
12167
24697
55656
86950
81668
11320
15358
79824
98724
55397
79689
25219
14588
38473
60171
54800
29877
91842
10725
78964
65396
83556
41218
17639
62755
28497
96700
54309
22853
10642
47356
29340
25325
48266
50141
3155
51051
84460
82341
27838
84844
90348
94376
76999
24867
52156
86457
76220
41729
37814
55014
19412
92434
25163
96120
83961
59456
52317
36638
31092
83200
8524
4168
19420
95883
79874
42533
71791
61430
22902
24765
42646
76818
96599
64366
24052
89047
1339
46113
61270
17266
53411
59795
57536
70989
79599
55296
86521
93581
75714
28877
40026
63659
67288
48023
57231
14618
88865
51978
87194
68990
9012
89013
56750
9918
43410
30590
82825
51188
86123
48851
49893
91252
10691
27070
20537
68603
34892
31352
93582
69753
23282
43246
2923
96623
72238
17063
45210
28888
23228
42000
11626
80259
89642
77013
28441
88712
30963
70795
34886
85002
51471
32336
64790
9328
63568
69457
39418
21817
98872
87636
38372
8402
89444
83469
65121
79098
4192
85759
30671
31419
34002
89311
97005
84414
14388
16833
77415
9471
51206
97887
5650
10073
42399
1615
79742
21201
12023
88473
75780
9273
27719
96791
73720
72914
42180
56599
14892
13143
8432
41722
79400
13622
49007
53670
46908
25892
12703
21165
22538
33767
59869
11085
97249
62305
54375
73915
49797
81677
55300
67870
66079
4219
73239
85366
90739
69744
15557
86723
60260
34066
91453
31927
97075
85171
38931
88038
31894
27185
85008
31441
85882
43982
87653
3023
1101
28344
81547
49569
6356
69131
54966
96856
80863
69384
25330
77491
57006
78330
85478
29086
53778
86929
70608
22559
30550
31871
29339
57724
7137
94127
9119
17829
99843
35784
45271
86898
62299
9295
78139
49427
30420
45572
8869
34951
65571
57508
9017
11948
70299
4306
55256
46573
78702
59117
17788
90742
87125
84440
62034
37350
22824
12599
29808
15917
97394
65943
50346
4449
41065
37110
39406
74411
51848
6847
29711
46598
4479
94273
10941
86993
26536
56738
55951
90697
22478
68478
75540
73731
62540
87731
19426
15222
70601
9723
27387
81057
27210
17508
27291
11901
76212
43712
3191
60372
25173
59913
46421
82931
10067
58504
69967
66571
50302
90804
34474
89316
355
99011
95546
68362
39371
37328
68007
66581
88507
58405
67427
42921
28318
86132
43485
74797
80753
72781
80225
97423
7165
15904
55935
18864
39022
24823
55543
43614
10844
52143
94625
78288
86043
98573
15431
64829
20059
70646
57655
3647
94135
59814
45250
72477
41576
83862
86359
83817
21774
83736
89114
66313
20602
2259
64949
7935
26763
46216
64342
36553
61690
25618
41449
1004
1949
11508
13488
56773
15076
47040
10881
61411
78532
11074
40987
73403
3353
96258
15545
43291
67954
41337
15100
62255
17255
82778
93736
9007
6477
47372
9175
34936
12673
96723
876
16179
68976
74487
29923
48804
64618
78912
17751
9627
2459
50130
59515
9943
45650
46921
67835
88768
91749
81523
10284
20024
28429
95344
5563
79140
57349
4439
47069
21886
42489
68972
68271
23637
85066
44780
18275
20373
79735
61088
72896
87632
64670
6536
60737
4135
68872
27653
52358
28990
25445
1741
1726
76410
28840
60078
99633
52649
20595
63361
50696
63729
25312
68344
6612
70292
37189
61957
41097
97821
34386
54166
29097
14439
49819
10410
47926
80468
29465
64552
84932
85616
54611
55346
29745
5875
6248
6634
66244
36203
44831
31448
27242
50471
44864
28748
13184
33217
1258
31290
1116
67500
97310
2267
50380
28026
93044
83078
84771
97937
8102
46761
31612
73278
77558
60383
30051
99745
92502
54491
77088
76372
57589
6704
19692
10700
65741
97407
69380
89861
94615
72828
23267
43019
48566
95879
74969
18218
74868
15610
58792
68893
33769
86654
5914
71734
13132
8779
64873
65135
4493
69829
71784
5095
26016
96600
92329
72724
74214
13646
80899
53661
66155
30886
14742
93583
42683
79610
67391
11351
10875
50672
29434
21646
24966
41924
63639
28118
5505
13725
15650
58183
90188
93778
83532
30103
20587
2632
14195
74492
92094
33324
78800
30962
59910
60763
97707
8497
97534
58735
70814
99935
40209
67463
88275
91556
32458
28223
2529
3127
2814
68708
40381
11577
10895
143
49877
33392
92372
51764
69428
97373
48797
76100
49763
93916
14391
55507
9820
90704
63493
39460
17832
86819
37449
48903
34468
16998
85202
31985
62789
45822
37267
63880
11792
49851
82443
70918
7813
94095
20923
89357
85771
72456
91111
83326
90864
43043
5434
89970
29424
57902
20845
1943
3871
28356
33499
81150
59921
38033
92382
53942
38682
25348
93115
94492
9936
93055
27085
70831
64996
25648
52683
87796
24058
37817
57118
4839
24058
2903
10977
79083
21470
68534
3242
28208
74000
70015
62326
30008
40213
65846
81872
92879
23314
84898
64473
33298
75453
57970
16894
56344
35434
9568
1146
1139
79833
80471
88553
79142
53063
88592
74588
89656
60517
29522
11723
13141
70484
82776
55371
36849
44669
20634
46069
65808
47654
55185
76226
54067
66217
88443
11113
6492
72959
46929
66308
7001
64943
56584
9796
5706
23926
67922
81755
83618
80457
18542
68761
73783
85366
14012
44884
86479
5507
18906
63141
88136
32143
57490
98226
4890
46306
84976
72545
67390
5255
81303
3001
65815
82567
25024
8282
43609
7589
43313
25174
70284
60161
97140
11763
74533
24278
12048
68014
13454
794
69566
92518
51073
47601
79640
84995
97970
54161
97432
72709
55946
87389
33499
7372
1547
86797
85719
48862
72123
43920
63300
38595
81961
93054
81829
48347
15648
28350
83267
84081
71883
42742
42638
16286
57205
11549
30483
41482
28891
6822
95011
80321
99954
24520
20969
67678
40210
96243
11126
7610
82530
51491
2138
40730
42439
27402
10028
27999
34884
36346
1270
92265
81223
14502
64714
64159
6921
58759
67230
51042
93341
13571
69731
29324
84715
99808
88004
66545
20799
40518
30960
54212
69292
48400
82509
44049
19757
77008
60992
12161
76096
19919
71430
55490
63354
26787
74317
55622
51302
23232
98298
56704
8940
72875
32333
13712
26981
81719
16893
90854
58785
39102
76417
42926
50673
70981
53760
22488
89159
45698
45932
48223
83699
59991
15364
59993
24321
25428
77357
14448
86816
84506
52430
33771
14595
39790
31106
64285
85475
46365
30670
1848
86618
53294
90625
88598
21781
13450
57657
21081
57832
67890
13539
27570
72230
76196
21908
37892
91095
80824
71277
68912
70275
79042
45894
58176
72187
42772
77489
58729
57907
26660
73817
19668
88350
80188
28859
73014
9798
63045
17521
35751
38710
19794
51753
35921
25162
88970
47886
50891
81135
74086
48590
89898
55777
7786
39988
33379
53299
16375
32776
61675
23600
58017
61191
96065
22056
85252
88162
76246
94675
98830
94221
87639
29964
31120
30928
52755
59936
23347
90326
89739
27544
76552
23157
43982
25972
35037
15891
80871
88640
86825
61091
62173
82702
64319
43408
51562
71015
63927
14119
3586
36692
36432
272
2697
40909
58186
51065
85875
63926
94157
68270
75843
18638
32861
76809
66349
58003
13512
58477
21531
87682
18036
73373
83476
60099
33082
40750
47946
43515
83433
96800
65666
52248
22450
42599
54509
18621
59845
63101
1219
98419
46546
48610
57110
50687
67810
49209
11600
83112
78741
85316
99910
14042
22919
23283
8635
64554
58745
64662
88720
20749
17188
22213
94701
47425
46177
22508
14506
58445
68580
8220
85809
7889
58420
15885
16234
25707
44374
29617
17580
85652
14850
77803
24740
1335
99
49953
71123
80252
2196
30944
50757
64967
1124
9932
31599
350
38339
52313
34429
91015
22514
28357
72196
47073
25292
56480
82143
72571
19478
52376
45237
63688
99286
84466
23235
23445
41732
33643
77607
66063
92201
36246
24459
27044
13167
97348
58064
99192
56764
88253
84507
40718
88353
78933
8150
37608
97071
41940
65920
48744
26736
28342
28273
58766
89292
84899
67540
46900
45402
72976
34490
33393
78926
46608
16880
70120
69027
45079
27148
51636
83601
12306
78262
35424
37736
62619
55652
19940
87723
30356
64487
56694
42969
7865
99561
55322
51040
79062
66515
55187
60909
80995
79701
99089
18114
3181
35343
49665
94624
29696
97762
7186
30159
97002
68911
94396
52489
59925
2068
49980
63016
79745
56931
51874
98421
55744
82400
21388
68939
24852
67387
61381
80008
89929
7567
70554
99063
34540
17020
15506
94173
3138
22421
63190
60559
96999
62115
85047
91705
75757
15147
86631
31743
11064
6382
42618
42788
82684
57181
54469
84624
18183
55472
42859
97911
45827
79176
3572
22200
2523
30296
26326
1158
66664
84496
67523
68344
17908
75550
16001
60327
95360
77144
29286
16568
1876
3468
48414
55685
56092
7752
13147
81816
82243
95619
88380
58086
62467
72035
35258
27991
85084
26006
3429
85808
94127
59983
38298
9315
39866
92995
62277
11674
38598
55133
70323
38
20523
56252
76167
99924
73065
69845
55091
43309
47620
63561
15001
41331
29138
70114
54877
68660
78018
62288
39552
76075
15348
20394
10234
86099
32906
4119
45718
85319
78663
2938
78671
56158
59540
52472
57814
61948
3404
80438
74632
82985
57
3975
35959
53111
51610
64547
15698
26652
76191
38187
93060
74216
41761
21849
1456
80977
62065
26317
45978
68132
14712
35885
64098
8849
5987
91413
82387
96565
23582
50488
26035
63623
33532
50751
64702
35084
76494
6765
7885
32433
12972
39907
71541
41512
20398
85301
54844
81526
20144
51387
57037
98181
31258
49470
82946
4844
31161
89571
12602
85125
48581
31748
18507
47652
24786
96975
58159
37484
80164
6717
61807
91746
10232
34229
70891
91579
66492
84105
42969
56447
71383
35406
35675
22644
