275 92662
33895
6581
10970
33801
39274
24740
15353
15543
5426
30281
11460
29687
25365
10126
20927
15890
38423
24371
27510
12706
41234
2095
34331
16939
18140
19179
17165
11752
39756
42927
4686
13686
40800
8524
40149
19400
35493
26245
27861
37188
3353
27050
25074
39653
32598
44533
42740
15815
28994
24327
9601
36208
37488
26407
44316
21782
32480
18759
5994
23937
18212
9599
41363
16329
30343
6644
46080
1892
8328
44297
17324
25430
32856
39922
44519
40017
8702
30351
25599
21549
34082
17441
11246
9392
875
35093
6077
3184
25616
43435
43494
32655
26568
28495
33257
34199
17568
40914
2784
9311
21502
22573
3628
16544
15551
6471
44719
10714
29895
38227
5478
811
6715
34341
30547
15251
1347
29303
31328
43771
19423
36804
30786
14054
4957
44203
21328
23528
8468
26168
19371
222
39221
36676
32916
19847
24224
28306
18831
14740
17736
46282
19331
25540
23822
6511
22725
16922
12708
44318
8401
36621
37572
736
6065
7366
15866
3553
2021
5243
25545
3889
21743
9086
16894
20359
40271
31312
21723
35035
21906
33686
6481
5133
5414
22003
16437
701
27755
32022
32295
43721
3524
5829
12370
12616
31886
25726
30810
42258
41869
29359
5969
34934
1847
25235
3433
12968
1968
12446
28410
15783
40813
174
5041
7154
39511
42129
21125
1622
31600
40566
26905
10473
25051
21664
27498
22503
1385
24915
6566
34493
33038
11961
35624
11182
529
22414
23476
1494
6637
19728
23213
30642
14728
27212
9512
4011
26770
36789
26010
30528
24351
43477
29305
3247
30927
34664
16364
32534
12048
22664
19328
34353
16418
748
38777
34727
9304
46242
17530
5860
13710
21328
41577
2041
6212
482
27295
45417
7420
11302
13719
43734
23620