3831 917169
350759
107297
364577
286949
327883
40455
389577
359727
301418
290321
402480
276829
227645
60497
93980
172553
361439
346836
424542
184255
76153
194026
444056
344718
137002
103488
46658
218892
136794
210120
338425
175282
299342
380441
337891
187077
259539
444566
429006
6740
24466
338724
363767
310997
121385
80567
167852
352562
129696
60683
370880
289802
37692
358920
339007
295803
193457
103647
42543
179958
89131
158554
250267
398452
71386
429006
88936
366648
9418
393751
427881
342586
286052
306362
416598
305542
100749
312398
218367
440952
9465
448497
159941
414793
348403
77958
452587
218862
185328
34433
386257
147130
65050
286156
346982
224208
192053
194451
311500
61267
51366
187995
402144
38196
408630
423480
449377
234626
202521
174074
244341
248661
230839
184590
91655
314396
279436
432294
189368
212071
1916
194221
19995
198377
213765
187435
289476
54003
303141
288318
369435
451750
98853
211426
369044
339206
418983
54888
187295
304767
133592
401726
83447
294408
198987
278634
301505
362726
442143
390368
443165
167472
23006
147842
220989
306576
348555
254785
105289
122231
111158
421670
83072
320564
10049
350581
26939
106169
75970
399967
434178
423251
90052
318180
381782
198316
187430
40213
82059
247401
311093
181456
353365
142225
433238
337445
168384
94542
135297
150914
69021
93617
450030
242102
254532
77426
348968
444480
384073
141099
305844
428553
301726
239785
315178
260675
9403
400248
394446
36779
70647
71667
447580
198022
137486
385930
192523
139338
420682
80467
312823
147429
238821
151014
331213
285383
97599
396535
309742
390761
457580
291316
166365
268819
56409
219955
313478
454554
10690
324133
114129
121829
424428
195418
251934
12721
369713
106836
248377
162731
87660
286487
359246
285143
107526
363507
70031
290260
285238
51289
341390
366464
48721
336613
345751
123960
412330
81836
13727
1607
332009
325605
232173
329238
27277
273692
416319
261544
456915
21373
442715
77282
78520
337657
400189
107612
202774
169157
399409
379392
150179
283818
301390
246293
339847
73889
356082
220691
104403
98743
129467
110307
332689
85612
333307
47890
397148
244144
447753
55781
439390
432488
201967
223964
44517
134150
21568
343652
133100
265324
322500
62026
44558
117484
16821
52691
20176
433611
427203
413808
454940
223715
341248
103356
327823
328765
50619
62472
77830
53428
433026
11625
154759
339791
259007
130489
22067
179527
407121
118670
417345
27784
124384
102813
145545
38543
418725
61977
239304
125073
305181
363977
424608
245805
345009
418630
35615
70489
70950
123069
151354
415372
166766
350006
350835
333031
362474
351466
356169
189301
170392
242223
301454
88920
371152
378017
292775
289441
205287
107960
45097
192228
458320
288760
32563
61026
97938
221771
349469
399002
44843
298071
234792
15150
228487
28240
244471
97192
310820
295948
362716
107087
14466
190055
275762
444722
106470
139294
399014
193926
415578
375953
190749
429662
187753
452524
222536
57934
178985
177837
180301
117415
279813
148815
94705
165420
422771
113573
239474
159511
183848
296882
315547
318213
169005
245198
121088
52182
207217
226446
58305
348306
404860
18512
177718
40461
438496
312422
92079
242110
429674
293187
292247
213590
338168
311791
482
405452
168440
392618
173334
82452
230300
126533
338048
143648
234847
85050
279560
210006
433588
350400
103091
341523
354703
13079
457738
243065
304993
71933
198041
392457
85323
164921
374270
190123
42406
68232
275165
176472
378125
222689
430085
440011
411516
378059
326578
117252
60425
234604
129996
258046
262516
159507
148733
258531
229076
172673
163632
114009
71469
56134
15097
332135
313826
262141
353660
11978
136664
72782
43746
153087
408053
414954
416333
322818
59730
293056
447114
250409
274236
424233
46611
270139
294323
420488
379924
5409
220846
398490
457783
341233
239681
201612
94766
314153
448902
111767
448432
334442
311318
152379
223366
20667
166908
187802
361990
2318
402527
289597
370797
245642
180469
355041
362272
192916
105353
186761
241670
124876
395744
212811
199319
213283
212728
119609
211821
145849
299586
267671
417198
94211
93724
429880
207987
36061
46416
196459
25593
40916
323178
19065
458458
283468
355106
120278
446406
16430
342494
43016
454992
433518
450985
240888
439046
226164
303592
190983
376839
262350
281449
267202
299443
176719
312197
269403
170715
410027
49406
174233
265753
58192
31548
206316
308289
89547
312245
282813
190471
59426
346514
420010
102866
149426
47108
138809
315924
218998
189660
24307
129075
163179
286701
371030
353276
319355
88793
87825
270688
345726
408276
357080
141417
363262
263818
18643
169654
409414
412336
232924
232324
452090
17303
24004
250970
427395
171644
304681
405536
375833
233392
238707
236893
173595
44703
207543
190654
256577
366911
70838
433179
401958
25177
271314
88373
33115
221094
52389
178640
12001
216380
329396
2309
274863
417995
342439
345742
130008
31579
35780
221615
49177
166128
234080
385588
110486
55705
283403
320185
62508
216199
379399
244365
385194
71273
387462
165969
150015
208504
389793
166827
145165
164866
28019
11255
21984
366498
175416
230091
426463
22056
386196
418051
366856
179468
203229
189942
355834
346311
398649
135887
149590
130864
95075
336475
107766
363296
220099
252817
274800
261685
146223
43294
392750
161267
251982
125856
52426
20411
370661
439413
334368
223890
260362
61120
74747
296954
48542
321431
293320
256751
10793
147868
6138
398211
407297
218925
260694
440598
210997
357145
79239
263669
342152
291268
149315
104515
373908
251624
72645
449349
418629
319341
172108
391473
417148
436543
207261
318990
247663
81398
69661
177149
89302
200381
258623
40402
119321
351351
191079
298252
58250
124625
175871
176415
11010
286502
209503
77543
356954
213314
109730
111814
206682
385387
81431
55332
251272
258084
159375
340986
82297
133303
177678
188335
40317
97452
262760
456704
440523
204028
379982
317641
370130
295182
310992
386982
217623
398965
344801
191885
259061
208583
223442
159811
53564
211403
40439
115077
192351
162480
293485
10401
108923
305190
236835
193065
249009
343154
395090
8712
263073
101616
449101
394521
306336
147196
423783
334023
395359
81929
205032
88335
310426
545
332902
227847
399955
101343
449805
419746
91353
440261
75063
191343
158312
258306
181351
161877
150756
245021
331941
184804
266348
430034
33607
98898
378315
100770
444335
416
300930
202958
334498
386598
188459
59297
157926
298171
237905
124187
82129
214298
14608
256957
450220
157989
201190
270368
187199
35024
85630
259364
194547
414651
257242
40832
228205
325304
319797
308394
206327
144797
249511
445108
92674
122321
241716
66603
192170
387732
240759
180661
107540
76502
235296
199050
376322
405646
411388
299139
255175
197618
57440
323981
433060
335715
293778
273195
103418
13292
282073
277415
391504
354820
88743
32877
275394
260367
76978
286715
39420
349790
46141
184612
438006
299800
422421
348724
346005
73455
426462
77811
367190
235101
441766
139842
449450
340056
89045
377514
215278
319928
309579
441497
378729
425145
121726
407124
347674
443974
12476
300343
74619
248755
239415
359029
313555
307991
320177
307602
64259
443338
98711
242214
298626
96274
57126
26008
86563
401450
364105
390938
268070
193824
388706
178048
334922
15739
310318
218714
377015
444400
352850
146187
9442
391085
324543
270959
378891
18886
83376
252297
367397
299069
360850
362575
3927
453801
312387
54863
314656
392905
188299
318
101808
318336
152682
67557
210568
259161
51662
67069
329859
349462
320160
201366
324035
95087
19673
273979
288811
405446
268938
270267
212259
113093
79064
300015
116827
427863
297138
219155
363895
60238
395787
271306
335780
290645
76842
140309
225619
438066
362288
16019
399846
408136
309635
259324
144715
244021
208788
313824
96946
44317
107694
268909
200231
386401
358052
301933
272309
10291
241222
255100
15940
27467
237971
447663
375226
42738
37046
72098
94288
280367
215258
434398
74979
72637
132818
98134
280746
450857
339339
224408
383398
33508
18090
457873
254320
103047
247629
294878
294720
310431
44492
38717
175829
165346
112166
368240
201340
1291
275659
411737
198828
76115
329307
199766
70925
365231
126849
163446
414172
6342
61762
138480
204094
311635
107278
111697
162379
343734
359893
209228
124765
246978
214132
96811
348418
367462
277646
247082
441580
445017
189262
254558
126451
450449
193868
61212
251717
398104
85487
73163
72961
317468
66494
95779
199218
219053
162608
115750
234979
218122
180868
418518
319746
233217
165118
398260
356735
65229
144935
109606
261704
59507
441093
74967
72402
416856
253172
155209
416601
428049
139101
446855
177383
123234
284111
224400
313276
90812
216348
123821
243589
249125
82631
492
375516
15321
304001
177124
340630
150452
431240
260592
416877
109712
143710
87819
64750
130908
77728
387616
284359
439959
373568
263968
115196
455336
34463
119649
381317
212753
307886
416186
307738
368845
239993
157227
373179
293964
100074
163313
411497
426686
386104
32475
455830
13982
117893
100178
220999
89984
319131
13164
50871
220726
105223
298285
434479
83218
124785
171875
371210
350827
360571
203657
62492
322068
120421
412556
447500
333326
398448
342063
421640
385341
176136
316970
166925
370095
304604
394903
202180
447633
193670
81083
144141
6357
21961
246843
148114
245463
18027
257445
281984
312239
173209
173527
233487
184417
381511
427150
369975
270580
344762
120983
306861
96425
174295
249734
221690
134335
43087
435951
157330
442580
125009
33791
176813
326581
311735
100765
114492
324144
160261
378704
156817
162645
443363
105740
199363
77971
297281
93906
163709
329943
386129
446076
85124
296770
363818
429865
181507
335399
297961
439833
406880
235303
374255
381818
306251
129754
281447
254973
112702
54001
295473
42825
210669
99415
236637
272379
254678
1537
343525
206565
374356
151368
342310
70819
428435
299979
315382
292446
287608
107018
39361
310216
323506
107753
243262
448950
416336
66845
383400
356809
159614
11923
187921
48227
155394
439544
73605
200295
318794
234151
311976
32889
162786
68223
343033
194399
139294
148277
196080
181576
155636
172565
75067
62913
79141
236293
144075
359280
331090
387054
229154
103626
107276
386745
560
258381
15246
346450
86968
299885
135168
18886
290618
46911
98238
206687
45624
42917
161953
127511
58701
327965
336352
24140
118528
365531
213709
120719
114359
387397
142937
323824
386684
155032
272122
322272
329520
241770
139872
340099
127691
398432
43867
29983
382897
189984
21695
158389
260203
361166
370991
396780
162833
399749
322318
260721
98776
440254
401333
420825
281800
423219
197030
347016
164941
408272
344492
126450
60322
26490
414769
335926
444371
222422
34394
368782
82985
80819
233991
143433
103686
140290
143197
274146
34853
85130
337895
455119
209244
208528
165536
321788
67412
10065
273052
402460
98891
222595
247132
385107
300319
52335
44989
91334
184329
453093
288914
50056
58617
257331
47064
453739
230029
338855
419856
388479
394069
248237
33804
345673
154058
257473
167657
58620
254978
331699
257421
100494
421948
134019
191180
273154
171281
320353
204975
225411
136604
227960
5792
271663
379900
323052
118524
93861
213519
381222
380671
360119
149086
72380
47833
225415
343307
86606
399839
345177
130730
352431
12968
394905
111632
16066
388197
107705
53966
115637
382885
143215
86588
259992
6439
2910
238519
418265
315027
122294
173972
273568
193923
264848
387575
279546
11519
70139
451467
137884
326991
83476
240668
409212
280431
332086
177140
106651
418279
347160
361496
137682
342552
201949
412562
109842
412396
400666
74511
54290
441799
228659
223655
83054
212609
378180
226177
44359
340151
156857
383373
271713
60565
149255
218114
415363
25924
335013
182787
315282
88556
246355
427383
159542
365772
323129
128202
158566
271381
168438
149011
272503
169643
11380
28855
448808
285215
117119
112400
442866
10153
421158
437689
191948
271230
413414
394573
13288
323225
98870
389115
103484
406337
295029
259698
11733
233471
95126
84160
26314
49505
201771
148813
414988
452335
370011
320433
456044
98318
306664
196733
220036
412722
387792
209256
444119
381852
88193
315161
217582
96198
269984
339972
314212
81068
185094
116974
222183
155862
366127
322698
315753
110864
93789
281331
54264
14247
426356
391756
210673
92407
57937
195159
385010
150415
133070
357596
318215
85210
22332
120173
128363
230381
112149
315732
71480
395438
102646
198753
19336
441498
365890
298469
342885
228950
258379
191278
120487
207132
63257
297133
318472
199435
181146
283488
207893
37239
444741
362810
451952
59192
66451
206975
179430
3280
332027
149673
214817
102295
300277
450770
35737
363791
445158
131115
109765
129877
40775
284925
16044
351283
285099
413378
103140
70764
293010
271991
209952
417460
345011
64787
45685
45131
221749
89357
456633
49491
57595
451909
428190
66460
325460
26215
81837
352282
343876
138175
98939
150256
70042
417485
347799
70101
24295
198859
66263
336932
166092
270439
224043
433387
231216
399895
153552
250873
69015
123054
48069
396048
351423
279298
152247
225266
197901
71715
244538
171289
325559
24052
265374
175366
140357
70914
270978
363562
399753
277277
334670
313388
275601
92031
321181
159314
86722
125063
210509
116987
146617
135807
177585
446746
42659
423008
69787
332416
325801
207792
266043
423287
133388
17968
60183
67744
417040
22090
450710
210482
376901
50254
139593
406712
167932
147725
17422
98597
99380
452430
177010
407718
233052
6422
115593
456862
386766
390552
37204
357897
161002
168394
413104
39694
353870
292220
403353
210404
5712
456981
176618
164192
338284
10404
161991
49647
153929
162292
346898
336799
18883
168388
46843
372149
37063
358463
83281
371027
209636
88303
340674
85377
178870
179309
168003
306457
226473
36507
268090
330370
221947
116622
95065
101270
265796
41800
406668
336611
365297
297933
87902
268060
4525
38936
386769
64440
2395
158511
144223
151483
338032
242912
315468
199999
304150
75489
244253
291208
153744
315570
258588
271200
179641
143578
11629
295000
330481
127994
25377
353685
384241
99629
358133
270454
211840
450938
239303
27211
392873
390656
127797
220999
348744
185860
290015
280733
285808
367342
131120
180979
198821
162718
340841
421560
289953
247122
18297
310561
221224
257534
6082
43413
363503
306637
152904
285897
35318
85176
184574
172396
33532
49709
125836
186086
18235
338504
434510
117458
186513
211589
338625
148734
73344
125347
439610
424112
371886
27488
359570
307786
422432
444108
15259
432758
426711
192792
252515
349047
217262
207071
13815
152501
210816
44990
186754
426369
428349
225920
182762
225531
69600
82603
171346
251708
157173
422094
232863
291973
170433
414767
37450
165636
396264
402765
399276
307019
183372
65876
365505
313669
26866
358948
186171
305090
432924
339997
124324
129931
142242
274071
61603
182070
259263
431145
202717
444392
339839
131806
436619
264063
447952
178028
116918
97085
89600
257938
173166
335746
192848
212970
55226
152245
56959
128540
190072
418998
266378
416813
358262
29140
208047
52948
424854
286984
339644
457738
278125
247587
352388
165828
77181
316512
62936
345009
267296
2890
179905
448955
168464
434537
332891
419028
239641
370217
90954
114970
229330
449521
370077
313742
117961
206705
105516
303024
301939
128550
102897
210778
384159
366433
213879
393343
298184
247306
42178
23360
4100
315760
142812
374438
334096
451575
117153
58681
219940
241962
294543
257877
272388
431093
433914
401841
346703
309290
227477
31937
29820
15146
153323
47790
256756
295828
333930
91446
27787
334156
430254
132458
45530
207672
103033
361437
362011
51630
44523
137029
326797
288671
229115
115518
133375
46017
442114
358922
300346
334364
348683
145988
330899
228709
333224
211325
21157
167756
354176
344207
15016
272678
5139
371115
114940
39085
48404
80539
427453
90476
311596
400648
95440
285026
272738
174692
126397
142183
216892
92549
222252
155942
43644
317533
129821
392837
97743
60922
29342
420331
397275
136191
101998
63559
235741
427177
68045
254127
75750
285713
209538
435268
98371
231924
224036
132039
404285
65217
132
238170
452507
319084
5596
82140
136268
94271
446508
331293
380099
171221
353528
205745
137652
356561
279504
97193
182385
384613
217598
390430
292803
82954
319412
192493
178694
116603
60890
385940
19374
99140
279998
270259
195288
47300
263248
151627
136904
123176
149333
123981
68465
417462
394315
40110
279808
121901
22818
435805
225054
328070
396966
37950
376194
275173
174367
343485
142324
15915
250698
150219
153872
173095
56288
161165
399901
138230
302212
3300
379853
278996
77453
277575
393413
9969
437805
440695
24011
92437
35153
210214
403257
62082
55520
371009
161251
401552
113868
74407
317497
146252
451039
126725
319040
161052
389965
420582
262913
100897
339965
236369
148287
200310
399017
176451
258331
394784
117294
219221
149652
399900
437055
341331
246301
320676
303005
291984
346444
18806
420135
99643
139461
39161
373590
278417
37161
421717
37170
108879
91184
47119
166770
216402
41057
398817
376956
316945
397580
14435
199685
392815
251644
65790
446201
414714
93961
422952
106967
26979
102388
97080
453375
138244
302323
8905
22823
358257
33232
127655
1477
418438
157645
9459
215561
123282
326899
273186
83741
70408
311949
189362
359293
413679
218733
202954
6175
255605
238869
170558
400749
250305
298505
403255
194571
173686
439710
441743
49350
94162
331216
294898
404860
115137
130308
290980
453540
362303
330449
364801
396461
146753
363189
107982
276393
16411
450695
453049
154143
242865
183558
25489
51626
406443
424147
208964
68594
452531
130161
282697
383572
405780
299267
48448
224816
266150
450255
95315
305607
172741
225826
142325
355035
128225
314511
185901
391819
262807
355849
124496
293087
361798
305068
26764
198096
356732
210215
30445
423361
221977
17162
222797
359732
150060
185368
339755
356219
369302
155606
398642
68171
19751
193358
28147
138084
245067
278658
36772
24709
115471
173301
362245
164518
288796
424109
197516
447304
306376
448244
272935
206490
250724
292329
39385
330360
318824
16093
441510
367641
100081
323136
57541
144698
432226
149538
329406
26191
55748
404867
226469
190740
4823
158328
12006
101503
49207
323209
149546
231538
387503
255477
448304
342422
420066
210399
178317
185287
96465
444368
60087
416752
256118
287199
286007
395898
38145
50203
283649
396973
451927
221890
14647
114829
7755
340997
312232
20592
331268
379503
178288
279372
356883
416164
341668
345443
181131
11790
240729
278209
369636
43197
186876
70267
147649
393466
75437
63147
134739
308375
429226
467
275050
388592
255379
278652
433847
399429
70474
362716
163184
19255
179491
74192
325446
417336
375475
91768
43936
208305
335948
174991
14245
51375
395595
448637
147048
281481
442347
99474
201622
33807
45912
310751
384941
431923
450843
79811
233310
106284
126068
397234
207850
414274
56300
13217
226706
185067
253912
330523
429583
66308
256128
268113
93018
62177
381505
65199
225742
33354
77653
112183
407325
431618
213171
361947
47107
268226
46909
191479
105412
348494
131538
309296
210641
414225
240989
12490
316990
101042
14867
99286
178521
331809
141291
295679
371785
246860
239511
410251
440119
61357
282266
5963
103232
61051
104321
411968
313455
4835
301959
450855
218552
134367
34482
191764
230507
389504
38413
60849
414567
216606
279375
215858
217865
108599
341835
267986
77667
24144
398333
185155
156318
192997
387075
364894
100816
297727
274095
217901
180305
314926
308764
155181
337887
135524
298361
68950
151389
227178
211364
429962
170588
40042
322789
5933
6040
271205
19950
132995
147659
54423
293567
198534
141178
246482
166338
197591
19116
363115
99257
177540
198398
175484
9758
306746
67615
381890
403587
34993
225442
193063
177571
164677
371841
272831
387853
106993
53636
113738
451506
15023
88852
221374
365482
122595
181990
262252
72789
300007
332683
264575
378291
292648
235952
222952
116878
10940
125066
364245
214768
48305
355152
74123
365759
273845
230893
74716
443748
342432
431677
74970
188084
109504
456311
21118
44208
408520
30983
390575
211655
312697
406928
181375
84142
164031
107873
261907
311712
326301
60771
168593
86847
299245
407273
269844
100523
157043
293895
405009
435534
3250
311688
450811
422499
233810
401170
441796
435403
189255
5870
435201
346468
19999
316784
423938
110366
18420
319612
98490
311796
433278
220430
349426
168714
316684
182817
246752
187682
107529
418597
141195
189664
78714
371917
221421
380118
409885
377805
454770
241814
341359
329294
428829
19540
305259
28508
131983
253160
15678
174160
29890
134387
337815
152856
83296
280051
23555
418870
317665
111280
261167
159935
108113
351294
98677
273785
120234
162174
185774
379804
40648
53995
241334
124327
406059
162829
93461
71881
214565
435300
129220
120951
72720
16305
20913
342651
22873
361410
448466
236366
325506
389644
118589
187437
343020
226173
134950
380225
314614
35047
364713
124925
119877
335492
139600
193297
290980
237605
287256
34143
443177
210387
141092
92147
223213
448411
78587
388860
221223
121765
424699
205534
276092
1674
16336
148592
226808
322998
165825
378592
35493
292779
263039
271866
305047
439838
439032
408244
357995
74612
21708
378644
328162
216072
210272
246497
373472
31822
183546
49769
5075
176462
282618
22962
168405
347952
419725
315545
105619
424591
13827
311132
73166
317069
127150
83010
436522
35129
170973
426115
431540
453120
371033
250907
109775
73260
179866
452084
342376
327520
413033
402354
255649
89728
153715
430585
398092
154817
413192
136347
275601
66632
315277
344346
343297
44827
455043
246237
398385
184643
171736
60023
117614
125952
374057
443739
29550
68629
374711
342307
21124
273187
398380
71950
301116
200500
223638
204875
441278
123347
432544
110943
82308
48211
394415
194416
319082
174631
56729
308378
49016
414862
412159
223728
67123
296494
53076
56833
174909
200290
220687
403672
92010
344943
423551
289661
426727
352810
182694
139453
404520
355652
67420
113126
344836
388354
379424
43031
36642
194900
190898
350572
183495
25394
193306
322100
143784
38683
337275
149757
438399
255267
188782
426730
110347
413551
345406
434156
372319
116564
166753
263574
396501
188720
105670
120063
391599
231527
223018
192105
297895
195397
103128
26755
400560
430703
291159
342067
458179
86146
349293
172259
133012
1613
185116
364577
369698
8200
4376
108283
237390
40146
437047
385357
14355
435840
106529
139302
255171
160709
213416
374556
236561
41861
16086
9728
294296
279148
171518
306696
223533
315807
309438
12220
15048
412349
348537
388832
213088
70671
208346
413160
125074
266151
257445
291067
237569
239658
215694
250414
230275
39272
224219
96902
43250
41048
107117
341779
301891
316927
363988
302520
394812
97647
427292
323915
294390
418206
128532
143099
127536
238321
162534
292492
359337
178941
96459
59054
392105
1470
343549
302708
87825
177595
454684
13670
136514
344659
59068
275692
373115
112161
364756
162911
2290
134867
366547
219423
135161
195186
229275
403986
284554
368964
58429
328879
441073
1181
275230
29742
273584
297911
375196
186173
237962
321396
450309
206361
448551
9333
101503
64758
130194
396623
322701
183277
395690
291430
200240
119099
22540
439519
82496
270935
112466
346060
108699
234587
411767
212096
188744
431691
92208
453698
36556
217059
256223
130479
72391
411400
284134
298541
332235
115911
59508
19112
88629
116565
431290
285760
104883
130857
116963
381507
20823
432294
276289
457138
155341
125641
38876
163216
393189
205128
73736
439112
250860
262365
275864
230689
123659
362728
128528
303198
153495
257516
66417
350819
213507
117748
28191
40506
169233
378435
98724
41276
355694
125847
186421
52526
309637
76234
408788
18844
222129
67386
175108
130621
23954
354710
201906
170448
337041
249047
359959
14267
115679
38976
437666
175065
309829
427206
170554
146941
317713
68551
44392
306252
111318
175597
207820
445988
331002
246352
131407
59673
103158
189980
373299
61903
323004
46114
415584
160587
230581
368531
76733
299919
207060
62143
166925
321958
279133
251579
272982
151102
348481
341380
42118
371776
550
181591
315148
134071
37654
206894
372487
101048
320530
283244
151652
455173
273921
169330
300515
177340
77007
439616
166255
245834
92481
217296
439397
163183
278414
427949
246385
164648
86139
356914
380173
340794
12397
410237
238319
218952
290507
213756
370348
401625
351016
254209
393775
367161
352191
127992
93608
97135
153603
402172
68520
113157
383873
326677
435155
183024
342598
241067
385579
297456
107677
374733
15800
269518
324258
130591
181277
315667
423042
303660
404579
393755
148748
61943
347663
159826
185348
345829
99109
404628
106730
416159
157253
283847
356731
444099
125867
78199
121664
316821
454350
204860
290139
362575
203132
244902
35895
192554
279666
76989
371662
421779
293548
280017
168952
146137
207472
417037
138756
244685
17297
263871
265331
57766
108449
320667
367094
352022
434684
182427
108160
127342
260927
125285
307275
95309
439825
118178
145301
216696
173145
374375
169188
205435
299480
451486
130580
135993
141263
58736
264542
5861
222159
289969
317576
381693
135051
434745
255895
90448
300669
254132
227865
196598
348098
198190
240836
285722
31357
270210
219041
25990
68106
7713
11589
258196
313842
103465
186503
425258
350571
72760
282337
153174
402207
390959
395067
136488
43362
316270
160898
141877
278055
213136
379431
293374
46464
355250
389349
161279
228539
198568
221659
275021
80695
325646
439355
328522
74544
93130
374016
193244
327440
23951
133249
333505
150278
17254
437368
349048
238436
372762
67509
355159
288559
74829
171503
31818
228186
326173
274367
199950
59515
429345
166818
442337
153069
330278
340596
354567
414955
408807
179994
126323
60446
180939
189902
46321
126567
360069
129747
310658
92612
330481
391418
359742
239841
457563
150236
45224
213779
217755
54289
394848
72320
416353
341661
147537
84299
151035
113210
247879
41720
46820
55017
209647
438200
88881
205356
405016
126212
244322
331330
97869
97368
243396
382957
94564
300028
453193
389958
64366
296564
290408
218489
9261
230504
223647
270076
124415
134492
47338
355862
250318
223157
213066
290654
385021
98819
8359
211029
51300
13030
390682
32056
456500
2557
241062
314776
451594
369716
198106
115641
320564
254510
390752
20335
197839
216314
29769
83517
98668
367828
443084
215020
29881
420616
301901
11376
406255
189976
176010
153493
355922
309324
454930
303035
48796
280388
391124
115499
365349
127203
348803
191530