60
26364 76713
48313 65378
82310 163481
98411 114833
36472 91239
23480 35391
32624 105992
13736 105972
46296 53980
88740 128407
47141 64910
77459 156813
97375 117039
84447 175594
8908 63632
13273 70153
42024 137222
17598 111941
91859 116293
2751 88217
75422 138382
6236 46982
1530 74281
44273 98809
78800 139953
23311 119842
92687 115880
80371 134006
61604 68059
34168 117553
64248 120444
129 65296
15532 15608
46768 85497
56907 118523
48277 49074
18332 67787
18815 108926
3829 59313
97618 126390
50251 59341
90901 94424
9828 86885
66442 130875
11029 80075
39834 130260
59401 66549
87544 108733
50330 94957
71272 154504
79018 152798
60512 104710
49490 95243
95812 109826
4063 40220
43903 117953
17486 47023
57677 113890
25799 88779
68971 81662