96
61273 73997
96286 136561
84962 109164
84987 118975
88240 184967
59704 159104
57272 62403
37021 106508
53454 58840
52122 91918
49616 130995
31416 120452
26260 125557
42856 95095
63960 70592
68319 143279
4049 50569
29997 54735
13921 58849
68498 155422
85524 153685
14174 40156
16053 57267
15185 65677
68383 132078
85905 166259
85429 144779
17492 95549
37434 85111
48786 121169
14050 45726
30193 102740
34170 88634
25790 69330
35581 124895
89613 178899
23806 116423
20951 90223
4944 72264
50416 106826
794 56393
33687 62833
46269 50106
33029 112255
98846 119261
48029 56042
47734 125128
16495 95392
96466 187319
44026 135097
6791 58272
36501 77356
34009 100940
3592 44314
54319 74866
73353 146681
83289 130521
8056 76168
11189 87757
39667 41033
35749 131480
49682 86930
55786 96089
2542 49310
200 29981
4428 69009
5982 32393
99965 169254
26165 37049
38204 40138
44086 80628
36240 105768
93812 138702
43903 59596
38289 137846
66188 145067
36533 59806
31459 31581
39106 42118
2883 89823
87140 149252
18211 105923
54347 139397
8700 90472
63730 84155
91825 136271
31124 111964
54435 57828
36219 40718
43049 105919
98408 141113
56265 92168
39549 129398
90568 181440
48661 126733
25307 113937