5681
40061 68463
99930 122877
87564 155656
55426 98040
79743 117346
11877 36127
63875 65883
28673 64670
74973 91702
99165 167013
48146 61478
91865 181418
49817 89814
96488 168532
54551 96389
56873 148241
27528 40335
14002 15045
46661 109838
14014 55273
12856 37214
58515 110002
52141 108467
87446 154286
9151 41133
88410 96325
67904 115386
20567 39432
12844 60752
26108 95212
60809 124422
77757 88062
52877 77019
76920 149168
93971 147825
73785 162397
67664 123849
28090 95005
33770 95735
67211 122827
37164 88440
26891 42641
17628 75670
79117 153634
12639 44518
61568 85436
87641 150338
23482 51901
11673 81775
93980 117875
20136 42034
60541 80402
71039 144799
17760 86361
6239 21917
9451 35253
74986 144768
40816 48912
63524 72445
81594 129100
1525 57195
16016 69539
83833 161245
20840 40622
54289 68994
68871 123081
47323 114702
62111 131153
72557 88166
96047 136285
57851 129550
44555 79166
37001 79362
33544 40909
79742 110748
40673 133434
13754 38637
18353 64633
81040 173910
87727 135641
4360 70639
92439 135556
13310 100590
32744 113205
94201 181547
22858 26052
83074 84681
27461 93122
16960 51015
36853 111791
94957 158234
34524 37596
77716 96421
95746 171674
71621 134955
31285 52240
2240 92690
56461 104492
80563 159670
22502 67622
5068 60982
94501 188067
22863 102052
98302 144959
93934 189507
87211 156679
63949 82869
98704 106714
53144 99785
81151 122533
11465 71045
71049 142890
73460 121593
92414 117078
70323 139825
31659 93803
21077 89895
13709 77935
30001 120306
68052 160117
63276 127055
27045 57222
64187 140626
43051 140912
93320 123579
45830 77064
47830 89095
87092 150576
22183 80697
35241 108069
21685 89545
90091 115299
29678 128048
84657 96531
59427 127174
29168 99952
92577 179761
31009 116171
17413 113181
93578 166122
32286 42209
56876 70183
72169 126456
93166 112109
49664 136712
12127 19355
75680 120617
61674 95634
39554 50475
32979 62070
83568 134677
91233 190060
2619 79048
57258 141948
36220 95610
59371 74912
97047 173579
59724 108925
97964 151112
34850 111454
97705 156143
56262 109531
84358 120824
73676 104123
55334 116439
50795 132181
32670 104313
41607 98602
73339 153117
23713 83219
95635 134080
24481 117304
44779 73040
85677 119525
63562 111879
12691 83042
17114 111742
45615 113472
44871 116642
71153 131695
77295 88366
66723 75974
60134 122262
31065 64617
74778 158380
9330 13454
29702 113545
64817 141590
25039 77336
84426 144485
59999 138597
30355 65100
61159 138949
66699 151895
58552 85933
96343 156715
26072 100799
40901 96106
32844 124574
84443 176344
23045 60917
80374 165511
53066 95447
90043 185157
66966 98543
81563 89642
83840 92327
67762 102963
4026 42341
3347 90937
15000 20638
93061 160800
92365 179341
85009 100863
46502 72368
36287 99546
61271 67914
41686 116199
7551 105405
10474 15310
91496 168024
61108 121241
15007 65544
79239 102399
84278 152073
50475 51721
1160 39477
36092 94641
11643 109596
7286 26219
65957 77026
91490 155827
65564 109109
12952 20850
33745 70913
28966 120082
48561 130366
73024 113006
19609 32334
16662 32929
73311 130329
52856 69928
35407 50643
85588 93823
63855 156121
82549 107911
90540 175388
10943 50951
75970 168239
29974 97887
67578 109034
57813 149065
79302 87328
65737 143205
77781 148592
77596 81143
68811 127763
68889 105370
26626 64493
66461 144649
98134 131364
47214 103512
44394 54949
22177 53169
52429 64487
70937 163397
61911 64097
60643 104225
3272 91787
43659 141730
36508 102210
78448 154028
13208 89945
59364 101551
58296 156252
72777 99953
82508 114620
19316 64494
91806 129051
55006 121530
55729 83923
7682 15700
33111 95391
19310 80723
30647 91686
49703 87157
87464 113281
52603 132280
37139 113807
1238 95249
97569 178698
97151 144927
78601 120963
43527 58307
77542 162083
2176 84209
53468 60952
81974 169922
32638 114863
25790 57737
99429 123972
72803 153821
69837 84288
73575 73630
27901 54089
26401 76079
29358 124867
85143 112939
41344 120201
61175 140442
92175 144673
5004 66825
51005 109759
6769 42560
43623 74806
99075 139279
37656 58549
80438 108889
98168 100301
3148 66163
22908 79783
85444 96063
15410 40739
14650 51352
43683 105817
5268 76505
62418 118882
64025 70756
47425 105756
92488 186057
2455 5566
27067 45018
50607 92218
76148 159426
15178 79173
64522 131638
28149 80578
36435 129209
78396 87942
304 37346
26284 113920
20506 114287
66460 153404
74641 101471
16486 17020
98283 173369
45358 103225
33473 51099
33011 92626
82051 149464
69603 71737
40455 78805
61646 123308
58679 81066
10991 56442
22863 43738
72240 92180
8308 105833
74292 168759
87755 146837
12586 85750
8310 32540
79974 167306
69701 80966
6251 92206
46368 107079
19025 111998
96411 106732
21909 58392
91497 148310
9953 27240
83606 154801
6777 18781
96828 179517
13043 112485
95427 105450
1713 59703
32994 131267
81949 88461
31752 46179
80575 132130
75941 141457
57703 117330
28705 58122
81395 176288
97988 128305
35208 85066
83729 132086
21964 71367
35973 62102
57311 84340
41511 64948
17406 73642
35303 111474
16511 86173
2116 37234
42301 56249
93750 189962
69405 138668
37643 122631
4963 13928
53804 78675
93931 181075
28741 30243
26420 45982
17425 50821
44494 111489
57302 130337
41709 80783
82013 173879
85052 96445
16666 64386
66023 155039
21433 115212
5244 60711
25669 90191
93331 111169
60916 126878
49630 145547
57855 62839
20018 26021
19661 35443
15125 73710
22181 102305
11130 34238
19982 112568
96714 109501
56555 148472
51819 59546
86810 152144
86505 152110
20512 54331
51538 117241
86384 129768
56223 150571
98382 118177
93592 101169
77971 170344
78201 78579
49258 105549
47599 118463
77418 99563
64966 157477
65104 161719
87458 185333
56396 105087
32479 65666
23325 65493
82393 147187
26131 83179
17125 22751
45131 125122
53648 136353
79477 96574
1515 86670
96019 167093
14421 30698
90147 119393
29188 52117
89705 118581
35609 126425
92925 94834
13296 88527
81836 134359
4938 88309
93704 181477
69330 105900
64798 68916
72068 90681
83155 113933
26990 86751
99966 144601
97240 112422
52883 53663
1256 72472
48709 116547
46045 99254
37869 55708
27755 42380
88487 185166
97904 156618
34051 127148
92490 173729
25365 57003
60818 86394
64852 103038
11011 20977
39269 104713
9986 30785
95499 115627
37119 102590
23324 26965
92850 136603
18956 82636
6159 33648
3582 59028
68165 103271
62289 90359
42996 92546
50488 134842
71655 127805
87306 97390
89755 160089
18403 51351
25842 110065
84297 134757
33385 119217
74508 135866
36629 131551
82691 128217
38142 53683
3429 67255
44199 71025
27470 118527
13067 33956
98900 151735
20831 70248
95168 105455
69525 128605
78795 104043
33196 113110
48274 91313
48900 129484
84864 134777
11712 31423
51872 149792
25508 28970
53488 94678
94542 100677
1354 95895
14824 37546
68799 76644
38806 39022
35018 82720
42080 80015
34472 126249
16598 72779
30394 100910
51332 58612
25534 61548
38364 81731
8117 106520
60057 121309
6511 52962
71248 87513
92178 153100
89377 123591
27245 64011
44951 98338
387 53777
24970 121984
32700 103673
62717 73391
63859 149097
88752 187600
48095 91168
59989 120120
99375 106437
26419 78019
25691 83934
78343 87748
83425 126741
40906 55742
64555 69579
47256 70262
1775 84382
26865 91536
39632 72591
91301 182171
73375 75919
86219 140926
1452 76590
5338 20311
72452 103540
29887 32134
32802 112896
65284 74976
97593 168952
95740 153724
73696 116211
67035 103660
61671 103532
37888 80259
50953 98165
11131 30695
1425 10492
67357 124238
73733 139543
75718 86055
30527 44846
49249 52594
81349 151952
45414 46614
84965 106972
86444 156029
54681 109714
88638 93147
34575 75537
44948 109494
27521 102768
978 46332
59535 155569
941 12050
59184 111363
57195 95065
15671 67467
14619 44441
54707 153322
39424 80348
37379 52713
60899 132620
43962 104653
34152 48027
52011 122079
72072 155534
56015 144300
15562 33692
4547 22115
72476 85437
50064 123806
57806 92975
16371 45684
10268 99016
89270 112668
43802 140574
26997 62335
16382 47612
68827 120179
63113 111246
92556 94300
45737 124819
34579 44513
16507 106072
39886 113876
80782 119735
53536 149868
69762 137275
45 88008
2459 94155
22592 122412
24297 34851
70075 145812
58650 71980
26791 105843
97210 128327
76850 94854
85198 179128
83465 167329
28301 66903
41831 61947
59575 122230
33567 94610
56657 91261
70563 84260
92278 144382
66533 75053
34373 120338
15733 26504
86023 146247
89994 157419
69993 166325
87622 149991
17827 110778
80678 147157
19249 41187
10783 109344
24048 119856
77819 135977
65675 67981
50766 102634
93463 101105
5405 16494
58667 60247
59721 150725
98463 193182
34593 82724
1581 82766
14707 31621
19440 67818
22621 67220
7434 56953
47537 145576
42454 96892
89543 115613
64796 124177
89989 136772
35241 102812
19115 49356
81446 130283
83195 147319
31659 80496
95159 117440
98367 144595
25066 29384
79631 129224
9741 87871
91669 176694
54550 91211
32688 82654
4477 79690
5003 104233
96573 102832
90157 175267
31309 86304
80061 175089
16480 37225
16107 33535
44069 90930
77727 97121
57805 72723
92103 130093
57170 124914
7460 78818
62209 132452
83867 89191
32736 69720
7490 34119
95394 186560
26904 81700
82516 153361
43411 114699
27843 93047
61193 97977
95901 142062
17726 82962
44196 102954
70002 136845
30372 77923
7959 89088
80103 105700
2918 98985
25710 63380
75871 165339
10375 40357
88163 123014
28297 43234
15390 100969
37263 48631
64276 152527
36831 85029
31825 110992
52695 95334
86245 172406
5788 8567
69923 162074
73293 132133
86151 102638
67959 165335
33380 68869
72009 130355
93423 187964
62384 118632
63356 124040
55199 58627
44769 71614
79024 125169
68588 75282
58961 131133
38858 91417
56478 68924
24670 112594
63577 102268
15850 86576
94102 148049
85088 179113
49878 133480
66826 153369
64827 65584
71577 168768
46358 108063
3217 38079
40030 124781
36389 124048
40878 119703
41302 105419
62769 79807
14034 97154
55766 110537
81849 170737
30720 42616
5100 87838
10171 84527
89989 134297
75139 96765
59695 121177
18470 71917
5389 5883
47181 118955
53120 78599
98572 170552
37808 58051
47895 59079
71329 145409
88949 139857
28115 96271
63242 79572
48771 88129
98208 173235
79839 84258
90440 104810
26181 124906
36051 124685
91349 112790
66981 81381
20897 102277
99434 115410
43711 50253
38648 99981
27296 41589
12763 96195
24333 63232
27847 79720
89906 168325
45953 91343
91450 145412
88599 165637
16789 87645
59177 99952
9546 43070
59503 140179
25768 119409
48134 80301
10778 15448
51014 99440
41070 55962
88664 93144
62485 118279
28353 94949
82970 155971
4539 29676
45867 48751
76386 91773
18020 37593
7251 99960
75892 140189
57785 143712
62419 84243
81646 107614
17541 44746
826 36403
56128 126263
16197 86494
78435 92364
78114 99055
50297 111759
1784 25204
82942 164301
62605 135659
75572 129892
47776 55185
57845 69512
72222 76413
83880 99903
89264 128171
84632 162140
39403 100149
81256 89156
84262 158794
98505 188431
66914 128558
94293 173478
24714 58120
39168 101317
56252 142992
37801 103079
10119 33899
83491 130987
19961 24599
76235 87326
57622 83300
15112 49696
14196 68609
96494 161663
47388 53932
11065 19112
52861 73528
34646 49955
27079 98906
50508 58477
89646 156023
24177 85531
24285 101744
75627 121852
79295 92293
58329 104216
40718 96905
59803 122750
54435 136694
84104 172622
26998 61700
63110 94423
79285 118400
70530 165000
61874 105403
80227 124077
66584 66893
18741 51905
84687 131307
10841 49322
69061 167049
6469 13979
54926 97534
7622 55108
81768 94604
84522 144126
37685 52368
81842 159453
16626 32798
67817 151357
38859 69885
71726 126228
35482 120949
88561 129590
38910 61679
3596 93289
53029 135765
4139 4678
99021 190452
911 54235
45912 56158
77313 122969
38473 61248
21256 82069
29335 112353
71280 94644
7080 16126
26373 33049
87516 170061
27191 55147
1488 8039
15312 19015
69303 150510
16704 57974
99196 179710
75772 86453
85293 137110
87134 162093
9094 23270
33715 90601
67765 69524
41799 127298
62383 146470
6334 102865
79772 175944
23128 80761
92668 121213
88446 139829
84709 144341
91114 168069
79083 140214
27395 52139
12691 83469
14685 52032
51253 57551
66541 161549
85065 174419
18572 72524
79939 138904
62407 84400
83388 163483
53266 130676
2181 97249
5575 29818
74194 97120
80616 110657
54773 139799
393 10913
25887 49821
92669 102356
14901 101965
83589 157268
79078 145616
6322 38239
71764 94128
86854 166975
56698 124044
1357 7651
78012 136988
73480 86529
25218 51342
94457 161862
54833 111296
4133 56843
43306 127647
66751 73122
49500 97713
11834 13666
59232 90979
87498 161016
69231 132621
91229 180697
43378 68805
1466 49399
40171 55635
32224 43658
67152 77951
72593 167191
65328 74604
53067 143629
64660 123647
1509 56310
80297 123892
12951 77904
38436 98483
59489 100028
30601 41720
9217 46665
95589 132068
6426 35033
19459 42324
89240 133753
25668 92159
85397 160475
99838 108758
32068 59812
56596 88058
11398 107279
9592 82070
79896 96084
49975 77034
96827 180999
73531 172678
24459 77154
22123 24581
81300 141514
21239 69694
78406 100900
2137 19267
58363 132814
94480 174002
86756 153956
63337 92972
16702 26202
43005 130849
58493 150954
89404 147286
38398 90145
32601 87745
23389 25819
61547 136864
21834 50092
14209 53458
44132 63423
78020 110488
21817 51524
27929 83861
38835 109852
42329 60661
24493 89519
40750 70442
94008 149590
81442 82466
99641 118116
41833 57237
73063 87885
80347 92521
97915 102756
44166 61971
50440 126581
44268 108767
85618 129080
66431 127205
26424 71709
24884 41893
34589 131380
93901 177242
2740 61106
71867 99187
9766 53952
42206 106598
23995 50345
96072 151566
22030 108678
72778 75802
15047 45261
55710 64594
38874 42068
33828 40323
69385 119351
1826 44258
70507 75086
25664 88387
68595 104337
44410 98278
73952 129016
14180 113480
37983 92154
25481 63740
42719 100654
41354 97305
68446 136673
10455 101837
74639 100119
6579 28996
59662 93414
34134 110482
35427 114544
17644 36338
64673 85541
62652 155595
60558 110947
35214 54809
40945 134424
57686 71836
63037 141557
59615 110189
37990 43048
54277 133551
39629 64865
33774 40564
76608 170536
88588 146749
93141 145700
61117 133445
99848 186092
36916 62851
13330 47604
62285 103854
752 40622
52295 65012
84006 180774
19459 89087
56971 144329
10020 27805
8921 18877
82155 85993
27318 88560
98413 101027
74017 147997
33298 106517
90352 100179
16161 18426
88607 161009
39409 77303
30058 66761
62559 82119
73076 160658
33735 59128
98704 120869
31985 123499
85668 184616
6141 11955
11961 21720
48921 91377
5951 15809
98610 181393
56356 122497
4877 68192
17529 91296
30159 32326
14131 61600
83516 165017
57580 72971
8 5503
35609 66128
85326 96185
25798 93373
42839 122889
14115 105846
88161 184287
70327 139894
34956 117514
43548 85939
4984 96337
93243 190652
75183 113647
63688 116835
25135 61895
43191 65327
89335 133045
23294 49366
50447 73888
87729 104219
32072 53076
16092 113552
62557 122977
82972 138836
84986 92491
69723 149303
82719 166181
83110 167266
74730 150621
92724 167298
10459 80591
57381 97641
60028 75787
9632 28334
52395 102928
7069 72948
61390 88707
39279 79434
77560 105737
115 40491
32368 36677
96358 134977
60536 110996
65914 79272
96161 104295
21347 41149
98753 191919
17875 48571
96427 156541
68851 111980
15255 63735
96327 171019
36098 39957
9463 75266
83284 114230
49343 113433
3057 17735
25199 116637
33998 74826
94066 178695
6476 64487
3608 60074
33646 82978
26111 71968
72670 96468
60610 73137
41541 136673
69620 154511
74269 163049
47166 135195
85160 91826
85559 148398
91564 175212
19839 56944
13674 103313
80815 105398
29828 96847
80333 89479
16276 60482
85694 103314
41459 74642
14082 111216
16599 17865
92379 183056
26766 32331
82977 130935
79569 171911
71936 89729
12227 105105
52303 95238
92029 184509
12451 31024
30045 39935
56957 138687
3436 4076
45857 116176
47834 137625
37038 64909
37990 85000
56054 88794
22263 62343
97884 196964
14500 56218
85878 116825
75480 94436
74628 85234
35324 39703
85513 152944
18150 52289
6352 11127
30716 69657
69914 128644
67941 159041
49927 74876
69897 113170
77827 95314
37262 79888
88605 105717
75183 143139
49975 75581
89120 105817
15447 82716
508 64239
68998 138201
84881 109495
96666 104541
60650 142695
28719 59781
72797 149135
44962 96452
22507 40675
25311 86599
91114 146100
57920 92785
94738 106049
87959 159836
84581 112025
1568 83233
77109 118331
91567 117457
58205 151253
44147 61168
55857 141549
19122 36064
17068 114357
70194 162325
56416 84853
66266 125975
66038 128519
30006 32108
89823 121627
5663 42819
68201 80570
4561 9796
54137 67897
53750 128933
85848 178459
90980 167944
77190 170796
7429 47834
52832 66921
38603 95248
12018 107899
43296 125049
52139 123155
90764 161167
21273 48174
96979 158594
97490 108266
12334 50570
11970 75362
65158 112364
42803 100260
8117 106699
6879 24543
97856 155740
68350 84381
62174 70726
63901 132681
73567 162665
17433 26567
53156 56188
79745 153934
74811 133504
82403 105800
25720 46572
39253 40493
6684 52936
63857 131136
23111 54348
96673 139751
25985 47181
51837 119201
10981 29711
240 8565
73503 153838
2859 57925
47533 57327
96368 195415
27035 67617
11609 32306
80057 129367
74791 91210
17713 75231
1111 37969
72947 133093
40987 99555
77225 142754
80231 158326
97272 141301
27195 27233
8503 68709
42305 131084
36970 43874
78380 145710
97457 166174
3755 79928
91768 108757
74447 124412
8331 87181
6493 37106
81873 110609
75046 86584
30266 52701
32960 132745
84544 115433
98302 188504
67640 101481
7622 76654
57598 59444
69780 72816
91765 121025
83744 108400
29948 110486
3030 96792
96528 174003
39283 41436
64233 150248
98031 186284
25539 83352
30717 77075
21631 65577
68870 116153
63373 89373
78649 114071
83932 87171
36965 67953
8494 42090
84000 129608
12942 63929
51194 65663
70409 142151
98632 157459
52298 111227
21221 40233
58667 93570
99224 139118
1785 21435
75372 123733
56254 81562
38228 73666
19209 74909
79382 123888
94975 138789
70735 142164
29927 39786
77334 79773
75396 113259
81079 132354
49102 98832
41138 49463
98929 101195
58003 139438
46757 91635
39846 130395
4629 58124
92226 168735
10714 110420
65165 163252
28296 51495
95226 115979
87498 137785
74477 120132
26441 68087
63074 151054
6268 64605
37693 127786
32714 39496
34148 80931
15877 76422
99281 126707
39355 98987
14554 17611
90118 146575
91787 116863
21261 32980
70076 126826
81244 124367
62175 90822
45229 140463
8494 83309
26844 56542
97329 105104
31977 63608
1093 8394
40141 130361
60020 90478
63499 102871
17187 115734
38804 76547
71699 152042
53341 79856
70489 140916
92335 120389
3407 59829
22385 61235
1165 80764
93134 119291
61166 80740
47698 106983
42380 118095
81290 175026
77148 152571
77046 156234
45181 57720
78205 159006
42977 50941
26638 114025
60539 149468
9104 38819
46466 49855
4684 52211
2381 24026
19530 44344
98148 126750
28337 87832
40430 117346
15891 61699
58891 112734
26610 52220
96696 109431
85131 93315
4965 38852
46837 114120
44438 53278
73623 172425
91857 179141
7255 70104
33423 119733
30346 70236
3182 41249
63293 65571
90313 134067
44421 84062
96007 105408
80139 159601
68015 130051
32104 44726
78923 162541
29164 96951
42806 97289
53295 131479
84191 152290
50790 100481
83077 147624
62644 132732
20288 51728
51361 147269
38517 76367
25348 40895
16182 115556
26620 41723
23560 44145
52690 119575
93666 118555
29346 48956
93940 155161
37425 131443
29079 101081
23749 101707
40159 57615
94075 165036
90741 168375
94187 144090
46717 142102
34215 48772
63427 144484
788 25454
90917 163742
31828 90474
96213 131552
99563 107638
80086 163843
58810 130673
35028 75295
69570 98888
51028 116862
95702 147971
26215 87396
14726 77739
80545 178455
47718 104751
2467 25653
32835 120127
80850 160396
21166 71512
87432 182618
69410 93015
78705 108143
40320 118109
80333 83534
98873 127818
2109 6835
9839 10188
6929 44334
701 36910
23360 91502
52793 99078
48143 90509
23112 86485
32324 87260
79390 143445
82679 87585
51851 89065
38745 55295
66476 150973
4974 84039
26668 28926
27413 70389
52880 78352
4791 17393
73056 83726
15016 105780
80694 177875
19798 84296
41840 55627
82524 151157
37560 128899
97449 125354
74177 75172
81911 139538
80035 142460
27511 125514
34564 91218
41053 108831
43129 77339
31543 80752
79419 110191
15634 73864
66077 155837
20678 31879
53816 97953
61875 134649
89435 117552
58016 116215
33962 107568
28930 96672
3572 99439
86973 137941
57973 146225
94769 128995
53637 80437
11903 107891
12551 44628
94369 135932
31082 78930
42324 53565
68121 142111
14058 68106
6814 41345
37080 50166
80023 150782
50828 148644
86063 110148
9761 73408
98320 111948
60442 140308
90031 109534
81713 124908
53810 108131
43181 129337
94413 137082
93968 130926
12823 43940
41037 51782
79859 99663
14412 65238
18373 59082
45192 138107
74463 81881
1536 96921
60246 86800
37618 101863
93345 185316
11083 13842
41605 121006
15605 48177
5424 26883
56924 122611
34689 105415
73068 127875
82435 134544
62494 75807
43180 107924
37446 112997
10292 28693
64116 127232
13819 93555
86024 119488
67855 127465
52532 65990
64854 159219
90519 152866
3197 64276
63987 130174
23891 43596
63729 102610
62437 155863
57171 150922
92725 175393
7114 61096
51216 109093
37370 127650
81739 173292
83090 92816
33908 104850
14137 85231
81440 160839
60912 129700
627 47258
3824 13890
63710 109569
9933 18299
57122 116531
13287 42619
30358 73654
39096 94613
17628 113735
66113 146873
51548 129345
6468 12358
5756 35725
57676 141343
61668 82484
47660 100438
93501 168566
50373 58581
5245 57394
96950 175416
33446 37695
45339 64250
50455 130392
99933 184743
64232 103119
92000 109798
12830 21235
41549 106568
94388 137924
21770 73325
56724 105767
38289 81861
94584 178382
17230 89427
67122 163050
68423 104665
53388 83923
53111 118792
9375 20259
39078 46246
76622 95280
70422 158347
19427 108633
13988 38921
35362 129056
70032 142718
92129 93742
50747 95347
92696 97024
37051 37795
60198 93378
21396 89057
64292 88413
32328 77177
81416 146321
15168 72014
92867 103490
12398 42286
76639 145290
47218 54976
41635 76699
64208 136923
86200 97349
22173 26441
36800 77640
65944 157055
37269 125030
26323 35968
14188 28174
10295 106608
39774 71499
47287 117637
50093 123951
51471 60044
53435 122993
44971 79448
81398 98598
62323 122523
93501 111853
22667 34426
45078 118905
12862 88402
67778 113412
72095 99221
92134 149234
6542 48877
62501 100021
91242 135982
56060 73485
35604 49536
19657 65503
98801 163284
80906 112859
41825 48604
73307 83302
94060 111893
39018 127718
93998 176674
37519 111628
36057 51151
93541 141825
18472 48693
63458 108862
40831 61756
85753 177239
44070 128979
8230 72504
20599 80724
52311 138142
47730 100072
83057 164961
13683 94309
2494 31894
12182 36176
73350 139430
79027 104676
10510 65587
32001 131994
48274 129190
54111 146082
2955 6372
29352 87719
2369 13552
114 76380
46493 143860
65767 100978
96810 123762
83136 119592
65845 142861
61273 66495
92893 102158
65315 85365
47159 124755
57206 134270
95306 177815
4667 41064
6834 65753
84035 127045
47783 72009
87475 162301
30893 50372
20522 67837
48707 96752
42059 137678
14965 68357
55553 118327
79246 159689
7746 53515
59960 93361
88967 178888
61589 138626
57884 134359
3526 31661
32698 51011
89883 139000
706 65044
92347 179183
98580 112942
1423 97533
6898 70089
25375 75120
84126 109293
80687 145379
37676 76213
23067 90426
92614 105405
13802 94049
72215 133751
2712 39471
48814 107257
35993 57353
58249 122747
64912 153130
96675 97694
39624 72705
34680 119509
21313 101589
90305 189758
35385 135015
12 49412
18653 105157
14568 47892
84217 106478
25451 101716
39206 121359
96640 177832
42552 115544
36482 132194
82704 146586
94831 135919
88429 108323
11778 29352
59812 120596
76014 158654
21101 65749
73234 170000
52234 72140
17990 63255
51662 149734
65990 139996
19531 93987
98114 120008
27321 91643
52241 145895
57728 85649
54505 147182
56864 86333
67683 93330
39784 52064
31178 129302
29901 105055
14411 57869
93010 96538
43422 109555
47473 90498
89108 124167
93507 96211
24747 57107
6596 47261
70335 119144
82710 98346
41734 60116
6316 91017
13771 15024
36101 125700
88121 145229
67859 69667
29224 127988
39191 129283
94435 174327
86455 119767
38226 88211
50829 76763
14521 19315
57408 71494
36068 107096
58927 114816
75282 165738
43995 65441
7077 17461
58676 93690
955 45987
79766 94526
66982 112469
8332 92277
48267 52898
22837 34290
31182 59086
42650 131958
13782 34509
4735 74866
32762 111842
49043 117516
99779 120773
41389 117903
39060 102673
36547 93396
49982 82981
98838 151730
40644 132640
52662 53579
91476 176715
31230 68022
11500 41296
28163 93379
44132 69072
33705 133278
64269 79468
54939 141413
83867 100964
77722 78375
49374 61275
26959 60051
71081 85279
21418 119469
71840 121119
99421 152609
80579 91659
12583 73560
24656 51458
46184 65581
94328 118715
26806 81952
62497 147134
20544 24175
43349 104408
8407 104944
64638 132035
49444 89453
10107 75437
6691 100983
60884 93875
16187 75338
27698 86366
25140 53598
19354 102881
11733 13782
37172 49297
26093 59377
19927 40142
59669 106374
89327 104863
58509 140267
62205 111438
44906 50663
2286 35325
1384 93495
81803 172308
1209 79481
11203 70548
40400 42365
73790 140125
37617 101557
71411 87647
20393 101250
47131 119003
8836 81674
1353 55076
41198 118009
58934 113268
59699 148696
76607 121936
89474 107163
2348 55313
98744 169704
11360 103314
24070 37075
46926 123583
81009 178536
88627 162385
57514 84429
55297 76515
5115 97031
25567 40097
1208 19292
24955 78167
54714 137223
85218 133217
66902 134030
29018 41352
39382 122803
70973 71491
42023 79367
54754 64041
15036 18101
65130 94734
81450 120872
63740 84825
88951 102886
97846 180607
83292 179137
22442 33209
39455 81256
57820 123881
41269 66957
77078 100527
5380 62911
81029 117941
91258 186757
71572 107256
25355 105077
78861 139354
94591 101583
32430 92503
32000 53363
91950 186235
25682 42914
69381 101473
31128 69856
81061 171233
56552 68578
65581 96646
21000 86692
91342 119885
55852 134078
56246 68519
31737 73427
51276 75150
44926 90562
19507 71616
89958 156462
92659 158872
78541 172780
28340 61610
38718 78817
2932 90986
42808 90243
37384 59297
67831 138529
46198 117221
87921 184926
3489 17235
34651 93952
14248 46100
38255 68745
63801 114789
80394 174253
93926 146002
47427 104133
20239 57415
72072 83370
62162 103087
90879 140962
4170 5916
25130 35729
45002 90846
13577 73109
20120 111482
86845 111985
1959 52071
75391 127951
92350 182284
85582 173073
22016 44014
61744 152052
63118 157397
75982 120870
42608 47530
52102 106350
16465 113856
35149 43713
27917 90975
63883 134091
26343 82592
89925 135081
67794 89644
14371 14828
52926 99067
80336 123726
83654 151529
68204 167745
35910 64352
89267 103500
52657 150183
63014 117573
58661 142463
93467 101209
86513 115460
30809 86430
82011 169715
15942 70721
26236 42926
57660 124800
71545 101877
84836 151668
39166 72714
49277 144987
67204 74923
28854 80960
29612 38604
95061 170297
69033 105138
64325 95453
99412 138115
48195 63236
37895 104386
53970 114000
19760 24381
64360 146006
34995 36300
42465 137211
628 70606
66657 76578
49024 89186
98861 153165
69095 107863
29304 93626
84759 91416
20956 87381
92927 187030
97700 193607
11958 45107
81692 85325
10731 65642
87417 153254
98351 103836
22639 65715
55007 70432
29711 60777
75588 170208
24677 32938
79435 136363
56125 69054
11942 39033
10918 86828
26714 72899
39766 134077
90621 161907
61976 118112
98292 158334
35828 51959
17495 58969
48641 127785
12305 12928
88942 157755
7085 53620
12049 58710
61065 151657
99935 199405
20623 55989
46425 77716
4411 67331
69569 150062
55032 70914
64464 96478
60264 144895
61845 72093
6637 56240
50448 69462
78707 157661
54442 96034
58444 107195
31158 57209
10917 46273
68882 127784
64810 92632
19678 93254
9284 31179
97982 147304
32341 118931
12149 42938
20040 59399
73187 112127
20833 47317
42569 92422
54723 136347
39352 128938
13098 40405
25705 56163
51817 143532
29557 106516
27488 63718
43201 141136
64874 92856
57527 153316
71960 117998
52960 56102
38476 118367
70243 132978
63506 128064
26875 104174
58334 156176
28315 41032
61761 64003
46991 146986
86876 113365
6699 16096
90645 120483
15168 78731
20636 76653
33335 48832
46843 129969
56341 98368
30789 61599
8282 101956
18962 35608
20430 118249
73134 153124
70939 104576
66190 99585
13000 97481
78889 138141
7908 34133
30290 72719
9740 38281
62591 81066
19102 49244
79748 101080
34836 133615
8449 42985
84659 86706
9916 95418
8321 104396
21477 95281
248 85960
47962 139168
92482 114532
54729 128482
73345 154296
36470 60836
92394 102097
48964 107110
98046 136056
94510 146519
90671 114906
46078 71331
51018 99153
80006 118367
21497 88785
62622 136171
76143 102159
2239 54756
14032 56801
34736 89082
50442 55256
58295 77940
60254 127751
70830 136643
48865 138323
92309 184995
87332 122176
73338 101178
50508 89453
1314 47808
39594 104194
15875 18067
53857 127172
36536 57906
175 97421
87120 134531
93612 119634
73949 141895
7427 23276
37763 60685
76692 164098
52940 123311
46153 49929
91831 173621
79981 89932
6886 56640
18770 90206
8734 25314
77414 148468
34495 109307
26448 36693
7348 55134
88952 102951
85719 117402
15330 72356
88474 157738
69054 81880
61084 90932
67892 144936
16990 107127
77204 109034
48252 94380
44536 143407
50036 87651
98083 173436
44653 78347
5478 64779
22543 32730
3949 52560
40008 88065
68027 109527
26460 122107
76828 152056
57575 124559
79319 93928
44977 138365
33065 75265
77943 84234
9591 17581
28099 33529
17837 85821
94210 152679
96070 174402
20878 106516
62192 76605
72358 78461
92559 145369
80647 142221
20199 108347
15672 102695
4793 61290
44574 113014
28779 31142
57016 70169
16650 73901
33869 93434
57812 152183
27799 97797
37284 123537
5969 88862
43077 62963
77466 126209
24273 41699
91035 128950
19615 89255
42326 130217
62846 76761
74079 126590
98097 177134
87566 113977
6278 81130
9060 53203
51760 78327
71258 166606
7520 48108
76270 131136
6510 48181
4208 104046
97160 136772
19342 93931
51747 119505
4452 72946
87767 173126
23202 115267
14510 65607
70251 142352
9722 65813
19305 57351
64508 115762
20396 58987
8600 24683
29469 39522
42621 136433
75655 91891
59182 120473
84647 177881
30444 41497
80196 142218
76179 173908
79955 96694
3461 44775
86812 143959
26743 112473
52293 62381
35416 118135
54764 131372
74847 83168
91880 140840
46464 68456
34093 98918
12607 59513
24040 28925
12689 96742
35208 129456
58627 131072
22554 60819
79546 152640
7587 16499
28448 113805
40921 140115
46831 47684
76426 156315
7171 69508
72840 98368
17731 40503
11047 35629
79338 172621
78259 130911
29559 57313
23907 90735
96156 112712
36307 110705
8726 60938
24038 63790
85122 170876
11434 31009
17548 31681
73727 132059
32147 58372
44101 77661
85453 173283
22292 35917
91250 155747
2341 81732
42181 107291
15755 81357
1895 40752
55509 153352
95531 169087
6262 42822
19059 43314
56569 147473
21264 68876
10061 42107
86102 115859
44229 62371
57711 130906
87880 129144
5515 57248
1263 21647
22686 74208
46523 140421
87636 178636
30342 40521
95268 148128
85518 160841
82397 149509
33704 127194
30037 85944
37643 64794
24193 112187
7992 20070
96341 189833
77156 162207
44942 103091
90586 111599
60172 110493
94563 125391
35421 69031
18762 59548
51228 134676
61745 122417
59945 116800
87998 136454
82740 143928
36280 132856
54489 84389
20760 118066
16640 57816
78781 171612
63303 72046
82104 161539
91654 124916
82076 96667
94119 121511
3401 74170
56894 74859
36077 126507
97021 181683
536 23450
78523 94689
77136 143002
97057 149012
97898 189227
12077 42847
95744 105537
35667 120877
94482 108742
58028 64037
1383 52158
1013 50265
33454 115340
43147 118268
68367 113530
52280 139997
61478 121617
95265 187346
11504 15481
68039 164806
89158 147799
3998 72104
65392 95912
73733 159545
88907 146132
85023 143649
66192 111848
28376 61784
91581 122054
90472 161902
59707 62441
75546 147117
68198 102946
33033 124724
84577 103658
88738 145427
8078 55229
16330 60891
4439 80480
66159 76394
29728 100597
89159 130219
87871 152370
55060 92557
85795 132163
66168 144111
59942 137793
10648 68161
48430 81305
82542 169800
74213 153574
19696 22123
86373 135981
75293 131589
78995 174875
43900 113359
70101 161313
8706 72342
76714 91574
63071 96770
66361 123200
86551 88540
197 86815
23245 78173
8415 65758
18607 102146
54710 113528
19782 56440
53330 143361
34103 82597
99577 194688
70532 91146
62637 158065
59640 82181
68214 123099
59157 83999
67689 103198
4165 98080
50392 86480
53666 112325
6044 63889
18601 24374
85573 93644
30267 102907
40205 75334
22684 107283
41137 127539
57592 84441
95043 189566
16598 66912
74329 100940
21386 106904
75228 151511
19986 98808
1760 40571
94737 166113
49001 135119
5916 18587
25282 75435
83912 121740
9615 40347
22367 62921
88073 155146
4903 47095
50768 101775
18838 110171
59754 74024
70731 98927
17361 109631
20633 33937
74371 126756
94613 145545
17911 94027
18416 52817
70063 71378
39047 41532
9933 73146
65606 89645
4255 25394
65911 87328
94646 116219
1196 3499
43191 70776
67649 161986
82301 122016
40570 107757
49650 93659
84613 167347
14479 63669
1896 37475
17660 34489
38652 71948
54682 100598
60679 79389
28041 74410
38016 92917
83543 108316
50040 127788
23615 33688
33666 104171
59981 126898
49315 79580
27895 107928
32051 109151
34642 78904
28539 31794
56100 117884
94442 166424
26933 57514
41397 94831
92300 98631
77901 106396
1999 35692
84230 84724
31547 103895
97955 127435
8954 97117
63649 107690
10798 51304
18064 109689
66706 139705
40369 100275
77464 84355
95948 134862
8694 52464
41812 138346
69427 76872
41869 50249
22876 116502
61073 78234
5324 55741
68924 165299
48286 130933
84820 143284
8962 67694
40450 118995
14497 114488
17716 19132
16660 65940
44598 106320
35309 83601
95921 170942
41365 42399
51170 102105
92997 157751
7282 45931
92364 181348
30793 70537
74447 92847
60754 74421
74426 160241
41498 98595
45501 93429
72665 132738
15187 73492
12799 41712
74851 104481
62377 81211
94625 104999
82338 119937
43798 133615
74931 140560
75441 125192
65177 152878
3210 4422
73256 119962
58178 138393
60817 71705
64010 91782
67520 160073
9908 56250
28021 96505
32516 39883
74194 104274
40305 123048
82519 117254
26964 113756
22415 61443
23950 68669
97671 166697
36543 85107
50223 73522
92680 114973
13173 23424
9267 103203
58254 151162
46819 111407
81878 133410
80018 151626
13451 90722
59108 125585
9803 88293
75082 141654
20402 35923
70179 164663
69427 148713
54505 143052
2849 97410
99384 153254
91318 150934
78610 103067
62971 93526
19819 43686
64207 85076
9984 54396
11006 25568
71366 84382
98562 183225
87277 162912
82796 150811
10580 22125
33740 105684
32139 115929
87829 166575
21252 64020
93820 163685
75617 101791
55363 68627
34478 74905
22157 66793
15347 81561
71197 97186
32054 36009
49772 133337
39865 103590
22690 33830
32035 40635
77631 152104
81369 161759
94571 162554
80278 152648
77901 133604
83251 148156
83163 158311
96807 103547
44263 139180
93744 100993
21553 116264
50811 53909
46355 126239
21992 98516
33323 85061
63126 94973
68423 97892
17890 99720
57400 117416
60005 116167
37264 95282
62001 82620
11607 101257
27029 114337
69535 120884
76905 80888
87496 184736
36964 70470
93505 131051
96280 169613
94041 158390
50407 69696
25329 86093
53068 100980
92765 107706
13044 90338
4926 96167
73032 140645
91888 99417
98346 137802
21534 51273
85052 105586
92054 114744
69541 149091
84020 173603
84470 154211
1248 92948
59673 143700
16032 80573
10831 29509
61449 98394
93596 146715
81053 96770
26327 106017
54612 74464
711 59852
67459 103132
6294 41395
80564 97570
92294 106252
88640 161629
78072 83380
24369 94564
2228 24797
78266 103713
69564 132904
55770 136813
14971 39725
85787 120846
53829 114162
28261 74241
29597 81342
2227 45362
1017 52404
70381 122589
33721 83592
71370 159961
74001 110236
86802 167202
86154 134280
66401 124104
29005 83204
11795 96614
32106 103731
37082 55602
7590 105471
82641 129201
99764 127647
57553 155669
31283 66310
25584 46210
52078 69966
29820 115726
35229 88270
71880 94415
92584 141499
23020 94243
2139 67719
46542 71701
49086 100106
53536 101887
82911 128616
97347 158852
84033 108231
36037 83263
15223 90237
56683 110824
5407 73531
60532 133541
76426 99668
53822 70782
76966 148422
75507 138228
32089 129839
20191 120187
51662 114300
82219 174383
66493 93875
55215 128207
77051 126215
70240 161554
6429 76551
45327 113748
46549 143800
49315 100708
74606 133629
53697 83360
95341 124219
57625 89453
34016 59863
23286 58331
64772 102915
51511 51811
9573 76447
60783 154228
84064 137954
6771 70845
98353 138686
94010 126171
43170 43730
86576 162411
4769 14685
20374 43123
55602 89819
56097 78304
62013 135819
88948 104488
35059 90770
48928 77114
26077 69779
83744 162267
34684 62598
15367 51029
53698 116965
778 62097
22772 71774
7649 46905
549 81024
36486 66416
93772 152489
82193 169855
993 14277
30076 73049
38395 117979
23958 107663
15757 88878
27406 92515
21661 41671
22975 64284
58817 94418
58939 97296
42721 133965
58134 140721
39855 112806
49379 106388
75270 90399
68309 151561
83592 171178
1560 18395
12393 37010
15894 115445
12341 23640
22148 56449
64650 148635
72834 107766
3101 62600
81763 138242
85260 165981
84223 113854
55520 110489
27079 34451
21181 87198
89547 170954
32058 92649
87482 128833
13932 59765
6660 37263
56676 142164
43875 143271
98983 148463
8557 76309
83378 137413
52198 141063
77535 105216
48033 94961
70940 123144
39238 71715
59524 116576
10302 23342
25148 115826
13328 70548
1676 54648
98650 174926
94870 144073
57481 76362
89436 107211
83214 175116
33306 124930
97569 180485
36607 112849
67941 96557
60724 126780
63101 70439
1526 76845
55839 89499
90021 119671
83192 181543
43592 93632
17556 45452
1442 63839
85299 119721
69000 151583
93411 182455
77771 137212
89292 168780
39478 45916
83913 90208
36333 52659
14456 45472
42884 75498
8878 23362
19134 65796
41986 115592
49470 149334
40202 81256
27460 124098
561 34409
2651 78509
38379 62360
12274 58125
67574 124703
18107 79380
47838 131728
56730 65620
3594 55701
90045 163789
31176 89729
12136 89282
62643 136176
28443 42080
47372 80348
73691 138974
45858 85001
76118 114707
4046 27314
7335 59170
91127 92450
79431 178201
38856 136372
64022 92402
16268 35501
11464 21296
10109 51953
42761 139498
58327 60433
71507 136982
1650 6531
88741 167393
76591 96027
9655 26260
72128 150959
37877 65290
11870 110593
50383 119407
3697 4036
44102 99954
19643 76166
13884 90499
30250 109630
50725 70923
19639 53107
59037 91000
50243 139592
92204 116415
29433 58416
96807 178182
54206 130780
37632 70704
74638 131027
47913 64162
22008 94451
12298 23768
93263 157371
43596 61341
69958 86309
58621 83968
76825 170485
93314 150023
52819 75500
22803 94542
15784 85945
68183 143993
50809 100806
78526 104717
41888 87920
74008 79840
96685 152371
24016 46192
85000 128609
12717 105804
22956 67176
13809 15789
86982 154349
56035 95926
34336 76597
11537 15046
40228 121682
80222 165281
35499 94304
75078 147546
43409 116655
35710 112093
69207 82780
10383 24751
92013 140634
50454 62482
44911 86751
55314 81115
46264 75918
90840 143651
62878 71804
79822 149284
43990 94431
28967 61282
63947 156474
13795 96139
51023 122773
90136 106920
59968 76078
38894 70468
66707 126911
79376 171144
25021 66587
5723 63068
27092 29796
10829 88277
52482 106804
62642 130027
73394 125181
88830 188444
8021 107143
7563 79991
78300 100924
14497 82741
33607 83280
99052 176184
47690 135061
16681 57309
82593 102960
88073 153978
40359 77914
31081 102082
90971 144241
56685 104769
73320 83545
76364 150000
14865 53464
75046 126973
5259 103810
1120 52465
89342 141214
13020 94880
15727 108303
471 66816
88629 104572
67750 146205
22636 43475
26174 81621
92791 113922
93495 139056
5658 94210
39034 55537
90980 152607
45077 79144
28076 61125
77464 95558
76302 147710
71258 167996
74699 116904
41014 50394
12402 80238
19385 72966
48383 54908
12704 44793
76837 113003
37613 69802
92769 93382
68982 130568
11310 24458
86055 158577
33794 48510
51142 80120
33856 86799
93173 103751
57562 139620
97019 98230
93045 176587
18743 99144
67152 139800
56805 77912
69287 156189
9720 108608
85942 135229
41801 76099
53321 114313
60338 83176
26 6490
79940 134948
56950 103910
12760 105462
57299 95143
76904 124542
36127 65755
59622 62118
65794 68849
6669 32777
31436 75931
34786 95090
58847 148330
80302 178203
56082 105570
3637 32496
19666 109425
66837 71611
86436 131064
89247 149868
82883 123547
65067 102152
35240 83079
95747 162577
55670 149812
50067 73746
12527 72617
15212 100192
25995 42115
43283 67588
4352 82431
29412 63568
50591 84449
80021 156519
24404 62065
42743 115448
40228 117732
73151 147049
18577 114796
7662 105345
84856 171443
96862 174798
27578 114767
28972 79505
86196 163316
39302 129168
37655 42592
58268 76713
90375 180423
97915 132993
74514 77702
14878 60741
38153 104873
16318 52963
20517 35736
94628 190199
75345 97440
86538 166611
60225 89237
52764 76596
91013 102407
65444 161636
84368 159939
72345 131368
75990 86876
79191 93334
7329 20939
54449 152667
19330 77856
14517 75937
78205 97017
91515 152687
85265 110400
20712 33631
90543 101402
10148 76320
38222 50056
71089 87029
20801 97246
94716 111901
8514 102949
57792 100898
50646 122115
28067 44847
16251 76736
18755 68899
53135 63741
10697 54953
96074 105746
20657 61137
47884 125359
44694 108144
90265 103560
46685 110300
55279 68869
93780 143435
2840 56342
62950 162159
4831 74135
55797 105924
32178 120174
62362 66222
77733 102690
8948 26556
24777 35692
9820 32319
88707 104122
18125 99466
17714 23304
37516 128892
37221 53437
12658 57667
62385 72263
64208 148787
83145 157669
71808 97883
47101 86881
37267 118309
26934 120019
79335 155288
61125 103173
21343 75343
99412 99815
33464 78937
67720 139194
82470 92306
91228 156556
23586 108689
78790 92365
41437 69712
77083 116344
10011 104371
48699 147072
95261 176149
14774 48954
68111 127993
29829 105800
30582 60422
24169 93867
83176 129781
57474 107107
77810 111666
76162 123498
7312 38808
56633 143699
79857 93199
46700 81941
14711 109016
88292 143901
74273 125900
15961 87487
16615 21395
77763 129800
12626 46889
17754 37210
22313 93113
92667 115340
65946 119301
69226 101895
57487 94367
63136 157656
90056 118916
35948 49590
76244 123752
61801 124914
49633 73450
12464 86068
28160 42911
86169 93963
24818 80265
23376 50473
66658 121260
10941 41050
49200 78305
75049 154442
10060 91560
2867 38912
53010 100004
13004 102968
91627 167131
15705 23492
10347 78990
65093 85305
59932 121473
7870 43586
14270 39329
75514 174175
15873 81085
50349 56700
28577 42110
59767 121582
97677 132264
17452 84374
90101 115148
35605 89488
50202 92655
77996 90292
60364 141589
10080 103656
39883 48351
29473 94424
50391 133190
27746 68926
1639 7304
42812 86506
67536 164059
10105 34212
29070 69846
10282 52126
58141 90648
41378 45500
44275 67083
14139 74701
44846 133758
80664 175126
8626 67969
58577 126627
82397 148356
5580 65614
60804 105807
32577 112884
80759 156975
17460 76370
93455 124993
96216 180374
69383 72488
63174 71485
4770 98764
8026 56273
1436 86021
53669 136961
86327 118729
35979 128690
21837 45803
84292 165609
33522 106973
19672 32890
47920 102729
86980 97933
89925 151527
76290 156387
36550 48407
69397 157249
61864 115947
67935 126180
36530 121490
21089 67344
64603 123828
72883 91399
50111 108052
91750 190953
86408 169004
28364 64670
52453 111813
71650 77315
81844 152227
37428 135453
42849 119969
29339 57117
30638 95107
57487 118652
26545 40430
86671 173093
23417 32083
13106 51773
50987 136229
36252 84557
60670 131230
617 3904
45326 132911
31372 34158
76245 144652
77142 109812
36992 124636
3511 15134
21719 39264
51603 92431
44189 54832
87492 127350
72969 108749
20284 87013
68126 97145
59355 60395
45264 117441
14546 30251
33805 112463
17046 92031
28219 76954
53244 127610
53214 107830
58976 140255
76924 106304
17457 62203
9732 72986
40545 57281
20590 76334
90081 158445
87595 120358
13709 103702
75031 89198
27877 63792
95229 104247
79656 91123
70315 93707
58551 61838
56296 145015
9678 31542
29908 87299
20442 80058
67272 134044
14323 81773
62644 105430
87395 105465
45391 145250
65888 121167
53847 149162
46405 71482
15774 28937
4345 50937
66930 151722
20594 29285
11581 13760
81777 153358
91801 134822
55117 66924
86007 92596
25395 99122
1413 55522
8565 89486
59960 118096
24220 41126
2764 94406
17447 23587
54228 83681
69505 82990
93707 185868
26321 59473
79996 115809
3980 60566
61864 141281
1170 94017
86505 153241
59993 124736
86997 165819
68577 87880
89712 139126
91623 163765
33156 119742
48300 100134
30755 101667
30854 53505
41928 124895
71810 113614
38069 49154
22874 73721
63121 67222
4376 14290
91972 155152
20592 78827
84208 96065
13275 37932
15550 59612
43435 61307
44862 71037
49703 147359
40670 61699
30519 96105
47907 57249
36970 53546
22952 30106
43255 104264
3012 19662
82549 143869
4522 6651
97492 124106
64463 117364
56562 130772
48379 128922
30247 128215
49335 148537
4287 84145
93205 147760
31119 74513
47389 146898
85252 160683
2437 65361
93465 129724
59037 80406
56501 93505
6446 69777
65402 153480
22682 53005
42612 55330
61633 91598
5731 81377
17780 60185
60036 158472
75278 158588
74847 95243
54939 99149
88355 104958
69978 74075
15718 18904
89395 184363
6004 50022
86485 94860
5018 27743
19176 69268
33075 92281
48790 134426
79479 110314
54303 124938
48744 53863
40266 67243
67549 70295
68342 76470
75930 163769
64708 159932
81437 107083
68634 147873
50738 107751
91093 105083
49609 63278
46548 116261
19284 57984
5896 83506
94828 177363
94055 126096
29471 45826
21773 30680
87813 129858
97991 164308
10295 90928
16463 33214
31586 121213
48295 147024
56256 149989
714 31065
56597 69746
21584 118728
59464 98436
39078 51320
31697 67882
26376 114615
57001 108304
72396 149318
21041 84991
21289 86912
86132 135598
15795 82872
41997 55106
42552 45968
64936 80433
31044 95416
4141 37788
2150 16877
40934 133208
97072 133807
34419 90441
42939 62429
75295 170112
27500 76607
18541 40334
62038 73153
55201 111247
9000 98598
13706 94634
38861 75251
51942 104636
59307 147321
12715 76711
29085 57196
67321 149398
28734 57427
64567 127016
10893 65771
35956 121394
93986 178607
81603 156794
94835 172340
76046 114589
18127 42891
88287 92929
33605 60125
6176 61438
75522 147104
91696 102194
93093 133274
70760 145572
65566 76238
78794 133187
71014 98494
41680 70060
64056 143547
70582 164240
74469 120048
88698 94529
86009 173132
88178 95569
92736 98874
36240 104427
58771 100797
10938 73974
26642 76622
49109 125711
29232 118959
31660 88334
60841 115389
14712 48231
53989 141405
38981 124202
90311 153931
14387 71109
46272 113651
82019 115781
37417 91128
1391 33375
78470 144713
97363 183548
20858 97495
28146 43156
64079 86050
3466 95828
62827 105511
90309 168690
67908 133474
92533 142567
45712 79547
80247 104455
18363 77800
74980 159632
54675 116190
67497 75684
20640 80017
56537 91865
67416 75708
48785 94551
94655 96771
53085 133230
77479 95488
35191 131321
86548 131932
73284 132271
62397 86176
69023 113720
27563 40019
24094 101224
33037 61351
87996 117834
39173 57293
19254 117022
25438 101461
79280 163796
8232 86263
95794 152485
21506 102853
91002 179561
81026 109412
68671 125994
9858 12641
93777 146030
50012 57912
78591 107895
23178 100214
9852 86826
32105 111118
13116 71956
13386 66156
52429 115980
62321 152609
6108 30120
50962 139361
42765 106839
51613 58575
45608 138859
59750 63129
97597 195430
82723 144313
45229 115409
23568 121014
4511 81630
42883 44628
59121 152150
25957 103219
27786 41339
17194 53911
45608 67433
9392 64306
12339 13022
91502 101680
9568 81125
65285 73009
78304 171829
38607 89359
78623 153150
91111 104934
23860 54627
86638 164095
93235 173313
75976 78919
78865 149193
93405 155359
15779 40695
972 87841
76878 110868
75575 150148
88663 120882
65628 124656
38155 119943
66489 132558
96581 119321
76794 154431
81183 143055
1448 63489
12985 59088
61294 133189
5346 11891
54305 126296
35837 101343
88660 124306
12287 82463
74178 114145
42725 96747
15287 113267
58557 88246
96129 184861
20435 106139
86330 171553
57119 150459
24616 59055
49034 78741
56679 70449
70285 158763
13565 87297
45561 126171
17336 95540
61676 85665
91885 162137
97394 180559
38514 62686
99769 147909
8240 100731
40373 75031
65801 86260
30617 78130
93931 173879
61765 134860
30713 100420
62321 120061
67698 107234
33130 117535
61947 84202
28822 110559
31271 130473
3192 90075
8693 91220
25608 61748
29509 100215
5770 81826
12308 34746
34895 106553
73946 172463
62861 101042
87683 128949
82880 120904
53571 150345
87948 153536
653 37098
96625 185894
81680 82947
19611 51665
52742 127463
53161 103171
52617 141012
40520 51951
9606 87754
38396 126852
7239 45288
61893 109604
34482 98832
58385 125223
30931 73308
78484 88228
12972 18494
70559 135530
32996 120375
24192 113006
80499 176112
27489 125122
81257 140546
83371 105630
88760 128905
50746 122236
90691 143394
37895 89260
72496 80625
77460 129709
89922 172310
55095 101803
2921 13441
47140 84886
14410 40158
46610 105780
39123 133792
21333 79023
154 48035
53251 133074
13779 83010
53708 99444
76748 162941
35949 52829
14504 113474
53141 107754
83606 180118
77867 100792
47166 81092
7372 17382
58192 145860
27752 58367
92486 154873
59823 83725
70085 166561
39608 119682
92267 94394
57145 70189
99696 179785
88769 134928
26570 95930
10080 103404
85480 113146
69440 168257
68161 158026
35212 80888
88461 106773
3801 58540
25567 67291
70185 144450
47898 125140
17736 21233
11067 55217
79970 82606
26926 34046
63280 79662
94938 126771
96752 175293
71998 168529
92845 163992
32296 111563
61021 144163
34950 67487
15319 66163
73850 138372
56447 121736
31532 100792
89109 189079
96902 183794
56110 102695
35208 64679
32201 78326
17927 95820
22665 90600
30088 71193
54332 74711
73041 143090
30027 103309
71782 107465
41329 75885
77712 90643
99147 150386
30036 90615
46711 145344
2024 52913
65456 145767
11959 94047
70628 157096
22824 24769
20563 68985
89675 170922
31206 114247
39088 41378
95777 138208
81233 150609
58395 129833
61825 67665
80038 108406
58589 133851
65374 108122
14854 68156
89825 157890
81509 162483
77613 114724
7782 57998
33636 76540
81198 89434
24655 73749
67501 85904
38597 118973
42507 124832
24705 80310
39545 49842
31797 35957
58520 83958
17103 66664
95632 96226
93916 147332
56375 112871
22751 110239
8711 103395
27726 69732
18130 117446
37584 121871
81854 100169
9048 62393
45502 71627
89154 102492
42309 120248
12734 104302
42326 130680
11412 106580
37054 43252
31267 66010
13531 25210
17758 100636
91173 123173
28535 89352
4497 61746
77449 154978
15380 55019
96382 138372
29583 105641
25425 57118
74029 80445
6494 34741
63692 72116
60654 85032
49925 83128
75209 140932
95674 101186
13055 28574
67278 74697
83829 104451
67399 142264
84085 97328
59115 121970
22001 26382
47346 124241
91071 103189
90487 116304
46766 67567
12513 36796
70355 155930
73798 135820
74829 155646
37493 98738
19347 60069
37578 101298
50648 106295
14528 39141
82542 151281
35040 76520
57914 121907
53393 67085
11597 60662
3729 13823
66994 81006
34910 55743
54546 145126
12619 95689
35921 81678
16944 116637
54211 72195
57963 73101
7514 52308
16690 89804
60913 97482
94228 151475
70192 92883
18099 25695
89545 123149
11458 24952
75077 160162
78251 84550
76093 175612
95374 109817
26947 59987
31514 129048
13671 90771
31550 77834
91633 160014
15321 36029
73169 145064
39989 40269
87426 186148
66383 103027
38570 120606
51434 83410
53083 115968
61170 75444
12029 42711
61732 106321
9993 32404
99493 170107
68786 78066
25584 61658
61108 150985
55009 121015
66992 131843
76011 150283
94186 183889
41474 123036
42528 132032
80861 170503
81949 154120
68589 99365
43890 139277
72689 172675
96725 123079
86246 168487
87228 170485
13331 19985
82141 144785
41012 136455
36602 74508
79509 106166
49473 110078
93684 190253
39552 48164
80786 130951
91196 94038
71734 118028
73042 130886
46212 84031
29346 69924
55475 131967
79865 166269
40969 138294
41245 102917
21780 119606
595 68823
99366 103152
30183 86932
94178 99352
31143 84175
85495 138703
33629 37795
73157 105999
61016 81036
17887 81539
86557 106065
45496 82008
72346 163193
19486 82959
82446 122768
96471 100358
4771 39817
79279 110387
99557 141344
73741 94722
16241 42360
36902 112758
85048 89075
76753 122759
94839 126337
26560 100668
14507 91278
70506 138318
1678 46255
41575 42062
69494 81552
47475 98307
49966 141982
5905 24244
646 61338
86547 180034
50316 124845
63950 82987
68953 122111
82784 134783
77367 101712
24983 49525
82757 93444
46853 53426
37811 125374
23525 116216
73066 130257
97929 169820
44888 109468
82002 171645
74757 102508
98933 177814
29445 96269
86999 105951
6252 100632
7895 87604
42617 115589
15457 37178
65231 119985
44301 97249
30221 123088
72118 159388
82978 137591
94239 105113
83946 156279
24576 63379
4923 44469
3163 39015
99397 196490
47227 130726
89970 146811
30131 127883
96095 175093
10479 51970
46179 99315
62308 91664
79489 112246
76525 169715
45388 83928
13598 75312
50080 126465
88027 97430
84348 97297
56203 102583
89713 103274
61021 114718
84951 160208
58965 75483
80136 161250
18386 89848
51129 112287
31289 95082
33887 103706
25196 30325
25006 105249
96508 129531
42597 94320
12288 112285
9873 57977
43485 105030
72787 144990
99369 189484
52569 86713
30307 45536
64227 154173
53997 132677
2846 73631
38887 137009
10954 84024
47759 100163
92298 187092
4299 41944
30003 114581
95976 190266
429 16851
67680 140004
47952 63310
92261 176556
435 37497
26534 120519
60348 108266
74261 76564
2290 63406
81244 102625
44085 103158
81913 154803
35695 108495
1644 8841
27830 122614
94533 110844
40493 114057
62468 67859
50560 125902
58078 153257
57103 57953
21501 72315
63296 77411
38899 110173
34571 108443
39268 67351
54109 112160
65321 77272
98799 135941
64087 95720
1475 84618
43371 53960
48547 145977
31305 75225
86062 89123
57990 68526
71776 146641
50565 134291
16022 90170
96050 143052
99909 113790
79907 81421
45871 50868
52506 98873
42592 67307
10553 34335
94026 97815
6015 53347
70537 121688
11194 84579
89092 110715
75348 108733
39015 124238
5603 23366
99961 174976
92914 183949
69587 144158
82412 104447
29815 85604
56746 90001
32640 125802
60876 69784
79098 140649
47253 99849
98324 169396
61456 113816
7550 12506
20079 113503
48444 52476
55033 112081
50365 135331
11398 69134
66911 155365
89612 89996
68566 96870
16968 100966
51304 103923
18313 57571
38664 72979
31273 94740
13147 92891
77494 85817
11683 93098
58083 141536
59460 103096
88831 150667
96635 174999
28761 40719
73166 75783
84182 120158
48513 117044
89642 152812
34942 57387
77065 110674
65884 86272
44814 53051
54079 77991
29571 88021
28165 90565
65625 86425
937 76785
88554 139122
27652 73203
3257 74978
58575 137784
89912 90114
76389 118073
65676 78137
36121 49088
54797 96623
92944 103807
45305 56878
11478 48979
26571 81993
99183 195149
8728 42479
95935 172127
22355 49272
82110 109821
84778 160665
38251 59180
97976 142709
852 49166
12311 111915
10820 43036
50158 84565
43879 130858
34016 58717
45455 75061
4776 63002
66516 111955
47574 120542
11404 104545
65008 96852
63847 140579
50504 127341
53161 74676
18203 53022
59073 124497
40013 132316
30640 48306
25299 42333
12413 54901
54195 134770
29319 126801
41630 69579
80618 173648
65891 113813
32897 75249
42924 63567
82179 122247
65542 123688
76075 117309
55344 62933
48311 60894
94372 151523
20009 112978
13395 83523
64788 95804
14221 88280
18043 82572
94511 143099
34701 103142
25351 113667
64271 90180
4168 69165
17230 87836
68573 145829
42531 49897
10347 65700
22499 65535
72993 156558
18391 68088
51161 64558
67593 106017
35738 102834
41718 84997
64499 137342
23814 26304
44967 75477
52397 128955
13486 93512
10265 71791
82497 115657
6787 46484
6619 40523
13826 73647
67391 100096
67491 121571
36375 131759
40600 120777
26812 45703
24009 47400
85148 178070
28929 34642
5480 34427
36866 63812
72318 148656
79023 85189
50076 109142
22780 23782
41301 137116
79316 136195
29888 41294
23463 102206
10395 18420
34597 58299
80063 121144
25613 110247
36255 72596
26020 98006
78764 171346
24696 28554
63820 100901
58045 140930
94580 134663
50082 122621
61537 110281
72413 157585
65504 136600
94117 153560
65680 91873
34216 69972
95821 173734
12717 47591
82625 169349
20148 27280
82211 128512
90042 137503
22884 42875
64012 128939
5429 61321
84856 139391
65741 104473
39563 83352
48854 80582
1126 77937
78309 150561
85766 140551
30260 41681
50451 123520
37849 67453
4538 87075
58131 75486
98897 154430
31156 115602
86072 141353
48842 97264
15818 107488
29867 88372
41796 137862
66040 96746
67234 130321
65501 71106
50068 138357
68551 160149
21352 98600
53065 76289
44667 58432
78145 124924
58805 111516
37057 80574
1174 47722
3478 18005
5187 28761
58682 139456
1304 12001
81550 178354
28460 62320
68133 105384
80283 115468
23003 114580
68814 86323
30734 125073
87343 151510
72578 98400
93565 178285
801 41815
14402 20206
21079 44740
94648 154956
62032 78568
73029 100876
30148 79248
71308 116112
58261 127590
24749 57921
56206 144009
65551 159551
63403 122417
94786 168284
84858 142228
42938 80558
64416 117959
24303 108764
12120 72673
36306 119159
56111 154487
41242 91504
33771 54667
94975 168397
71641 131311
54807 85898
29178 94388
7047 106957
97483 165911
3711 15241
50905 93278
87356 169394
46764 64316
13222 66354
56449 149336
48642 117246
89735 178500
41123 100514
43422 52070
98552 124328
65244 76597
17638 103931
74508 121904
30022 39479
22010 101682
9412 66073
3528 94801
97625 140033
63557 144941
62633 124125
38934 102904
97474 139324
95607 108972
5350 61839
6067 51955
93241 161473
99780 187029
14091 101087
94504 146304
55880 146757
82422 133974
74842 174377
1822 62248
9638 100850
72382 154710
93470 116616
10105 20520
1911 51182
66587 85913
35671 64409
56525 58678
39550 123745
47216 96793
1520 101175
84331 154208
59173 103586
19320 84706
64695 136345
85559 99088
24076 92289
42716 91384
31462 56950
71801 76614
65310 125728
56966 115553
99496 139853
34369 41275
9510 65359
23294 47744
21611 62930
80163 152436
61054 126352
32248 103060
4487 103460
54582 62628
31120 55818
50946 77683
97462 162027
87814 111226
31234 124440
8728 104908
51471 100186
25816 124286
73878 144772
45053 136483
53217 130216
32320 71325
47735 79487
68454 125034
64643 145197
73204 79840
60153 152869
391 33355
22780 27722
19533 58321
64410 128814
2827 46355
80065 125511
30619 128564
14344 68627
13346 111424
90190 132220
3419 18048
13946 31909
36661 83020
69573 161712
99598 113172
54474 133786
66321 97247
89517 154080
86587 124112
56683 121800
35452 52197
79151 101711
53971 62110
60737 85703
20362 119863
44211 133643
91517 179942
31387 63464
45842 65379
31756 46536
40194 76376
70996 156766
65974 99375
95894 120512
52494 115382
57976 119257
19298 39239
44588 108145
23388 60880
53234 130853
82146 105055
72623 134900
78250 177813
42193 121382
68983 126002
10824 99280
29072 100322
4961 56810
53578 82994
46585 110985
35300 117801
32245 51390
9835 63352
95800 155344
30612 79615
29569 118962
96113 153273
31265 122314
1986 69275
77383 126711
31854 43882
97643 188320
32360 48826
39644 64665
40369 76669
68050 89225
43228 124249
38439 94206
56580 104051
22362 72705
98503 132657
37233 88877
23575 90889
52301 68311
55965 102056
320 30768
26784 32695
23392 63496
77621 84460
21058 75768
39612 116344
48866 123907
35319 113135
36452 50945
79360 99056
55583 146188
72932 84769
70688 97361
97255 131439
47055 81615
11443 17327
75172 121586
51421 100354
93651 118812
8257 84382
57664 69196
36620 117414
5060 63853
7082 76719
18085 83538
69591 128872
65081 106009
39677 91957
33573 63040
53811 72695
33839 107444
65837 103014
60363 80354
72511 158593
47478 105123
62898 106153
45078 76608
83773 96795
70440 163227
1130 99429
63001 94046
16539 51351
80374 164337
66317 92290
25906 60342
91349 143733
90789 177705
15871 97127
27031 87865
14659 82527
41492 92835
79795 103553
15776 101190
20538 44993
11926 56725
42833 86184
19681 56108
58593 86267
37456 102992
69127 146717
56296 63447
51952 102007
33696 111188
55721 141076
2491 80964
74108 120233
58958 84601
26220 92408
13801 86601
18487 48175
69888 84784
957 40714
11383 96383
59537 149887
50379 111131
4972 29893
79150 140230
29189 80416
18836 63766
155 82990
38683 58986
57499 152309
43864 78013
52856 66406
94474 135919
51321 60241
23468 68758
73311 93878
67097 125997
9816 39537
7841 72956
88203 170997
56877 96209
642 84374
70805 128582
32684 131041
5637 40211
45646 101452
60007 78300
73194 162920
49095 80586
89883 124890
80921 136130
97392 181990
77504 121991
52805 68176
94759 105399
32549 44549
47098 68487
85425 138888
35349 86254
78701 156761
9924 68301
82305 92025
75076 161026
67925 78825
54655 99352
22184 47697
94944 95701
86027 175133
75933 158764
36082 48966
38860 45823
18012 111234
14849 69698
26699 85616
57196 105063
3629 48365
38118 68751
87942 159631
69728 84775
14337 36321
48541 87223
98418 118176
3004 62781
88019 155480
44315 89514
87695 129840
82256 89714
82766 108725
69794 81954
99194 129945
82890 91152
36063 114067
25250 55329
98505 110678
71676 153858
40710 98753
28243 74405
982 81855
92678 134392
73793 145620
44144 77692
17433 78076
78030 78380
40043 92492
28426 100789
41732 138062
88621 88718
15917 35407
48265 86528
29190 31952
14770 31004
5708 36432
76061 95246
39499 62344
91978 114460
46038 86873
72432 78442
43092 114861
11818 36642
20038 26639
1279 29106
14741 84020
33056 130212
67567 70566
44480 72002
63214 150189
23076 100052
2775 42452
8812 107187
70833 133409
84687 89007
75352 167609
42666 70046
41751 99870
48389 60534
36793 124708
5132 21121
82776 146812
35176 36531
97996 107687
55041 129023
65582 141642
19961 78651
89528 98512
52539 59705
44112 141036
50689 51354
60889 101576
90765 135371
26035 65829
3227 54992
80100 140512
215 76304
22042 57439
77103 167213
19938 68198
93380 188916
21857 91653
62173 80952
42154 90739
42215 113257
70747 75510
31302 77308
16000 56212
6038 93314
45388 103088
39116 121558
32390 108947
52422 83336
52910 95982
31933 120636
23 60130
38673 53511
1933 4226
98926 130308
34804 75506
46451 108226
19447 93474
19609 50360
78881 130969
87139 180247
12344 94195
87718 96065
10630 36815
20510 114042
97436 138669
16571 84208
31922 81436
54293 101583
48799 61591
55979 121962
43986 95251
17205 83868
36247 90012
75794 136889
48213 85635
23028 81462
53790 98456
96160 136343
33218 43645
68311 167341
61884 154952
69558 134565
34490 73315
31272 45303
92311 133778
44718 135747
77960 144299
64485 147253
89519 120707
67466 111340
43812 118649
98924 112619
87244 186518
98610 159906
11877 52516
1939 63193
44242 54568
53910 87771
74914 123533
56756 136678
87962 138188
96240 98783
31133 84683
56061 92216
39998 73721
35000 131435
92270 95429
27262 51185
22119 24932
12863 31649
68547 130870
31995 86544
66744 84618
84941 99503
16852 19735
7461 24000
80654 149165
20436 98170
63455 111964
42168 68299
35796 91861
81863 163361
37599 126684
3654 17887
85993 110723
61925 101549
77283 81338
60775 81267
33388 76633
83105 115255
93582 152775
68133 158292
93460 157560
90069 143681
4811 71048
5215 99696
32428 44649
89950 156967
76878 96739
87843 108153
75881 155962
20589 92352
31149 82560
94479 194116
12458 43645
51818 70528
6145 70031
75000 149746
41402 80306
49858 80461
84415 122011
34492 54200
37824 50393
59910 70958
20898 41857
9658 73555
34502 122338
87020 137275
34111 80002
80412 168658
44039 127256
80299 141032
46491 78729
84234 174179
70214 119989
50562 51720
85209 155918
25876 62149
82355 148259
76486 148091
79802 178556
99979 153263
51549 105724
79341 167697
17933 26782
69200 89234
72540 94711
71396 142871
45619 99258
65407 129470
20118 74415
8060 11431
23251 60639
6538 85365
13850 20339
98841 140373
73733 81926
46682 55478
89962 170753
57207 150856
84068 174480
1988 74891
4214 85967
94421 182750
46728 68495
19946 42010
14586 96184
87432 187022
52117 136678
84652 136109
17614 63720
75893 84250
68480 113960
75608 88889
37191 135382
68394 77545
70560 113974
22653 23335
89674 110762
62981 158161
3356 93122
24590 123143
74115 102254
12044 92075
92290 162985
24100 46019
61450 112561
86646 125810
36119 101864
56513 144113
81472 105469
20377 99806
43931 66245
15010 104875
31418 95688
37809 107583
2529 52952
99850 175617
54996 133522
97627 189015
85554 112779
44180 85058
65677 110153
5522 95974
40659 66381
34025 125136
13092 59337
76915 118626
16079 23206
65017 106364
16343 81260
54598 110675
12901 54240
3464 50025
13081 64383
11361 101814
74394 119372
44313 130461
98152 131002
92692 135688
48687 100114
83605 130768
50660 82347
79631 121633
86171 138519
47984 125153
73266 168984
76834 138474
57903 133014
48854 51251
92554 162308
55956 78679
6385 91982
53749 85675
94284 152885
9413 71128
65013 95842
92501 186080
92378 151469
94593 170788
7540 68418
40778 113024
55447 118432
73622 153588
13883 108385
48583 94916
39701 97408
78737 104753
63591 81562
6275 49310
2060 78932
58351 138884
93311 124841
65705 123853
92309 169855
83898 140085
79578 162526
59033 70149
48104 94308
22527 60394
33255 85875
82812 113823
41679 102013
5720 64803
16955 96613
39923 134082
52062 109692
48922 61164
21769 65207
56913 116026
61647 151401
2256 3245
64629 104677
19354 89025
936 63523
37399 105229
92640 110733
92760 114404
90286 180233
700 55925
5697 69007
21673 35756
52483 65201
87620 170986
33729 80175
24478 55134
94984 155324
18567 71408
29888 103740
26527 48424
85639 142258
21206 26587
66013 71259
99154 183162
70729 167535
49329 50229
41707 69809
97167 152097
9153 57057
93348 187372
43334 46437
12370 85760
21586 70733
62505 80831
14289 34429
85722 157337
78428 93041
43870 55319
22847 52122
45695 143119
75395 140309
68201 107543
38941 75095
65409 151809
70555 110487
37752 40546
56173 132468
56131 85976
81655 151195
96104 130585
20405 28134
39706 48920
67558 71816
45095 64821
51255 137677
67507 160260
42622 75442
38931 138103
67812 81772
78475 93486
97843 136418
10552 47126
54921 126839
13833 98790
27604 99307
10333 70246
31342 113738
31042 124438
85840 125013
62201 71234
6139 65294
84599 99979
20463 59884
67241 115251
34590 73402
66222 94551
59864 153547
9876 35325
9989 16541
22036 113593
50322 101266
46684 137594
52631 108436
89305 147212
68162 136615
82954 83636
82329 128667
20321 33524
55464 150225
67038 138130
85791 136016
85992 150210
53177 60413
57589 120139
15167 15308
76743 97602
30449 111443
43751 46307
79122 158552
43282 86564
34008 125231
23402 104244
12735 31147
44819 94441
6424 82257
69499 144376
37575 123942
97318 102385
47073 57465
39626 128547
48267 141934
39359 77306
14640 86946
8813 23656
86882 130368
58181 111760
94980 191169
30702 78599
91482 189049
43495 85024
83172 130548
57149 72816
30139 75618
61637 158673
53594 119135
71326 74706
56768 148591
67647 69912
16840 72200
14415 98200
50089 50938
97841 135959
87315 113503
10956 95770
22065 84987
10462 32754
10334 18018
22949 76167
7114 79418
66990 161282
22551 115905
87763 185147
68461 99154
71685 164788
44547 133507
19952 37483
82924 98909
11935 110156
29404 97142
82043 138548
90484 171179
67002 96747
16101 75498
54374 83725
19955 89468
77734 105979
61547 86382
59076 73965
27095 97522
94822 154911
50088 143623
18250 35729
6466 45342
48178 67126
4315 69904
51445 83634
63394 122777
5022 24202
46001 51310
42495 114063
57340 91470
9247 11038
80992 159361
30802 68021
53019 65933
19638 118311
6883 16325
7146 51534
40589 44533
89537 115374
67308 129584
19089 51846
11251 41188
55513 56843
1667 70832
16063 37726
99562 118520
27633 36177
64128 125904
89212 182135
28826 73285
98898 149516
10721 90987
86074 95565
20855 74834
16433 83075
78358 141024
5170 8304
56449 107387
82004 87365
4606 46070
588 89926
97924 116927
74434 151515
62043 161403
51636 144278
10003 13465
11510 40998
6022 67141
77644 168255
40406 129469
93955 112025
59674 83186
2989 12632
46473 85244
99022 165877
84971 135230
2426 33240
79134 162038
16333 56509
13694 97654
81801 170773
60567 133656
43485 114622
37112 89056
74225 147498
16864 57359
84057 101577
78216 146219
56781 119149
52039 74842
15549 56356
95329 152285
17856 70302
74699 124055
19862 48900
90927 144929
30161 91487
13718 112669
93888 103081
24491 80304
9527 26340
84221 153942
82775 102598
53218 78532
64549 127066
90238 115795
3474 43080
49429 126546
67163 106498
75321 83854
51112 143664
68494 164042
99226 125024
57477 89255
5799 81352
66101 128329
55183 100682
9736 101990
82430 161409
88705 183862
5897 80684
72685 140574
91057 187082
85974 112235
53724 62665
10288 98807
433 41949
19072 88420
33900 103927
45334 140429
22272 48137
63599 119022
42331 106970
35827 62432
58832 113724
31015 68346
94860 119583
78657 177822
81383 132594
57391 148055
48085 137782
51874 118607
32149 50028
33288 96177
36808 49867
31894 109794
67286 157306
73621 121287
8197 9892
46969 115173
83492 128606
51316 137593
57738 78826
53243 105674
95818 163489
43597 66754
97046 121670
44727 51078
59260 148240
64732 132182
8631 98841
33515 85852
51707 99347
84059 121614
67676 140074
61586 149917
60826 102406
53125 143746
35924 39143
30487 55085
42466 109728
90771 154704
57742 157683
60269 78004
43151 109934
99980 180126
13436 76369
13961 30334
4244 32809
15323 108647
9912 81771
48944 106981
90365 102712
4832 82565
13742 27139
81530 163139
9629 103809
75125 161468
56724 155404
76088 120946
18297 70419
53613 84600
69009 122683
95040 156513
27405 65746
46616 107758
19886 110570
71052 168124
53958 62290
97214 140487
71275 165478
87759 176379
84261 87207
91669 159365
74043 153342
80334 157063
41974 45907
88236 123156
62188 67931
92250 157528
78454 87164
67200 165612
24990 81077
49549 97361
27981 123031
25959 91701
62197 73087
38947 104120
95426 166819
67985 153050
52334 131631
1110 84930
68961 102456
59499 128388
89194 157368
75428 84704
75370 148469
52670 84743
66617 164620
57603 131784
20545 29899
99182 145216
16608 115345
56401 121777
82755 121416
2995 39078
30890 74712
60872 140364
51252 74920
86114 159991
20960 26546
54387 75872
27800 94904
66216 108119
96737 136938
36804 122386
33701 74873
69949 141935
68862 104283
41105 124178
89903 158081
30729 115475
4754 84046
55818 62236
62759 135890
44876 126839
93471 126521
89566 133689
93022 147004
84901 153717
99482 115880
39059 124878
50651 90893
93791 101723
10402 48775
46864 128887
83008 118660
9098 41310
8793 40795
60287 108301
49021 114641
90684 159054
23087 99038
27674 53957
56896 132034
50925 99090
37727 49098
93485 140506
47948 95807
11226 20474
67591 154737
78451 129528
94143 136200
33659 46262
26786 118526
56151 121009
1911 66080
1558 30074
46881 101731
62333 103949
39824 65439
47896 115938
24674 51746
98308 106882
32711 86314
55281 117187
4545 75322
14748 99098
89779 141403
76389 90197
25501 45901
87210 143332
59343 89686
48659 128726
87969 183318
19722 50720
27710 82289
2100 54681
20430 94171
37752 38795
4825 81910
84009 131036
50963 111112
56893 143295
64238 119067
49450 72728
13782 19376
38587 84581
29977 98459
91310 181294
45842 108797
69224 139437
27909 118720
8770 79024
53594 139610
23937 119032
44154 118836
38006 68431
54961 60316
1423 3830
58151 114528
93963 192797
26627 65895
41121 136227
42931 137864
97015 123590
11699 34638
59067 121690
50191 143381
83357 150534
67833 131885
63771 139202
22744 94018
22938 100105
60902 118965
38422 111757
1916 90114
93775 158237
34271 55584
765 37721
22481 54777
86477 123026
8776 33980
76974 133822
12697 38886
37797 63204
93472 133102
50849 90556
42031 59018
17051 108166
12231 31108
74660 90785
84155 131582