5792
581318 1078912
697630 1331833
839872 1476205
596219 928326
521779 1186352
156901 1151215
794367 1422717
508970 1085870
156359 1049502
299357 967159
927777 1114317
328958 1052491
45602 497256
858053 1322568
561070 1157980
709651 1429846
801919 1104897
695076 738497
636480 915592
687863 786018
656436 1405257
880073 1045460
381178 869943
369356 478566
779070 1224011
245627 1043945
499583 1306283
772955 1060726
215131 646933
95300 126986
382567 1067237
133955 153543
551711 626927
990097 997565
71856 638891
217585 1166752
677162 738632
789142 1113684
967896 1325882
443346 751245
246926 1088434
370346 993906
519472 773272
870959 1365894
719009 887673
706855 1016193
383359 593054
348746 841589
72377 696881
225047 842826
792283 1353070
375196 1325264
571557 848848
619865 1104249
119477 686175
474512 486751
190720 1058335
553274 1474634
878120 1777457
136917 371260
560534 726244
911608 1771973
643915 987307
624495 780295
551058 946058
547608 1215537
639129 868187
193361 563840
853975 1720369
682910 1473477
966330 1332863
532924 706599
177423 395294
396785 633412
730137 1231961
473039 591120
916726 1820604
876895 1728792
535253 1098626
259824 320613
414291 1243370
357863 953872
99048 318105
950917 1484275
171967 442951
923423 1200092
967003 1480084
730965 1247919
629127 1115109
597937 1046670
569268 1171560
198123 1152756
369777 1013106
403065 838248
106629 968084
922336 1505097
871959 1853553
305364 982381
4169 881186
826197 1739823
162726 494844
230600 1099680
920887 1019781
189158 640419
991990 1396002
570543 1159436
553578 723380
325866 798385
388496 863705
858053 1233530
723241 924917
239426 1194845
711233 1095363
536204 1001436
482297 1000999
800349 1287155
559536 1526004
997256 1639142
230906 867401
251981 483332
155183 486816
317243 1224794
80657 577606
93194 387115
59750 683151
361949 1293864
953914 1182212
639111 696461
340519 499786
190083 676687
157103 1107019
810653 1138303
548212 641282
929400 1251146
416215 807602
953691 1322371
119836 1115230
551569 743326
612809 958182
738577 896897
69915 1066202
221570 1208971
708805 932622
440843 889006
83406 468237
147387 328521
598325 835337
153848 612623
373551 1183641
105798 148578
874893 1839954
734141 1026682
917979 1395946
70023 402580
752252 1093517
530347 926476
936318 1924822
615026 1043517
627091 944061
196333 850951
722605 1430764
26248 121504
21958 749354
139445 1088743
195770 1017348
287549 639000
896641 1024642
404604 665796
781492 1238906
374139 516508
566309 1187186
45027 697350
488683 1021388
526297 1301572
714670 1655411
280368 987126
293899 504250
429624 753844
240452 560492
993052 1256515
196961 311187
477652 939096
925476 1828172
363589 886586
561049 1257490
542562 964935
162606 888630
695641 1555717
600574 1001885
929796 991053
231851 772224
731635 1655680
130088 650621
442360 646838
862907 1848893
9694 868972
937526 1821652
730581 1489136
72425 969067
62665 790213
395062 1176717
353109 632995
514267 1263869
510042 974431
170848 929122
224945 1188187
831053 1362426
343541 1295031
154933 335041
378265 634326
745270 1284122
957130 994278
962631 1676158
211847 767416
878222 1763580
722280 1309087
628625 741449
654848 1350600
535107 1266190
159229 1054954
355089 1315921
920742 1101958
944500 1452018
5031 50817
427101 684123
777182 1152150
690526 1345875
729179 767683
658646 1656243
507578 604721
326004 971389
297582 1083817
982466 1124598
990162 1331880
404831 706867
235667 529312
47063 658331
570334 638564
421914 1120782
291407 902852
934112 1144126
652054 927598
398898 544674
249034 643474
359591 980766
184082 998775
104003 141304
694236 840160
971884 1835325
466824 1114648
144229 725854
781610 1262046
610158 1468826
955584 1465867
418213 1097983
305155 1292078
636284 639165
985998 1168864
668038 1142576
622586 1146932
703585 1589117
597421 1428691
118247 456971
234248 265980
575700 1127245
880061 999840
440366 762485
67416 252159
858832 1809510
521645 577848
531205 858070
766759 1247521
760675 1229404
479374 1254498
843226 1373876
541746 1126281
239285 924412
952979 1669431
255247 1082568
371787 388200
155198 906627
84634 990983
721783 1026188
619875 1135085
290057 325319
61527 359061
189283 216382
355522 1013236
345034 1269271
546856 922861
517563 1165807
937758 1504641
282337 1216706
615035 1106252
394702 1008521
658998 1449751
623076 1140603
616897 1233635
483692 1467181
500523 1184626
564763 777222
650669 1149081
289122 424852
300389 1175270
31742 65652
564500 961573
482169 1359247
884530 1531987
21820 266189
666332 1549165
672186 1397194
961830 1286532
862386 1765367
566877 954846
863168 1247174
833963 1814910
239286 1075431
831509 1306963
83371 767705
220768 288611
111758 1036097
366819 396977
926373 1429416
751944 1537095
876689 1726392
717646 1547383
991848 1428600
925851 1204356
395481 1094377
700339 902608
464346 710078
586188 1582351
746812 812595
48055 775695
318353 657167
217344 1004137
818567 1367027
993848 1183578
887916 1706589
609183 1179499
102221 887387
967358 1203776
789107 1646103
692072 1355907
302962 726564
830857 1285308
433616 852700
592902 687593
628823 1297012
330454 1146646
621755 1229162
212906 695576
872121 1171928
688218 1393508
953138 1096787
878049 1201444
646463 958994
511024 1489328
43344 802116
862766 1617696
392620 954525
441886 1211185
784822 1295458
837835 977468
16541 85826
229563 1224023
140328 439023
543166 586457
272789 1149566
142224 905973
207180 302491
236284 679838
256674 853983
900946 1057585
540603 1203813
717287 967006
618385 672738
558830 627775
974450 1753070
981069 1446949
362375 1018233
1521 89324
427580 657188
797576 1377059
345297 742179
994899 1596710
434176 543339
770887 778203
835773 1471275
955739 1559109
386280 558825
677890 1358851
749270 785759
871115 1761375
726829 1005268
137354 241098
421363 748680
42314 665790
581471 764906
910152 1371370
32678 793687
579077 1027431
567448 776829
381440 998634
48782 479149
819908 1455934
767823 1320945
25557 102931
288313 1116421
104256 1056486
109325 367495
904432 1157029
482622 780076
572353 782860
632109 749941
500292 1104036
440215 707893
918474 1635292
389705 419029
433426 933749
179272 598440
273408 336013
967425 1535832
865808 1740577
641528 814047
641930 1615270
857535 1661612
641355 645851
850791 996988
571037 740620
179447 802273
463598 467317
629388 1106687
974747 1422330
483231 565266
661546 1518638
235811 385748
291227 727682
624720 1186715
344530 421714
536846 1262643
398047 1137008
950484 1686598
996806 1314627
577475 698846
961329 1374261
280974 909803
812694 1338036
661817 988246
144572 144926
430090 710847
323043 782824
308404 516638
852944 1414100
249478 1040091
113792 781806
693063 1489111
938817 1357546
435820 1189256
687418 928325
442692 1133148
44323 618530
589415 954055
768049 1704539
893208 1385242
6712 1003255
262314 971748
601022 1102210
174942 568838
2309 247712
984301 991436
47667 318814
738782 1071442
854823 988750
505008 1334915
526097 911772
186320 528663
183813 572180
740424 1305881
98796 293640
517300 523041
319088 830739
162098 805323
257771 951037
157649 305456
156808 464698
617319 910904
208052 270147
381363 546928
383088 1157960
818527 1678131
700340 1351608
989536 1628629
740869 1062431
990277 1921159
713553 1697581
359807 477908
265846 783502
412004 1231009
538076 1153829
229522 458168
667234 1499427
844881 989025
60491 989617
825865 1320361
279152 347445
81063 633392
300558 498237
206269 723962
258402 709415
103574 936503
501240 1000980
922369 1335212
954432 1529818
595144 1551023
322548 637356
370780 1010430
627259 1298910
784257 1582420
939989 1824388
443990 1072233
939135 1833854
866707 1445822
98391 767780
344642 1186461
895736 1490633
490926 764961
421905 907788
676491 847625
162660 939572
45384 571069
530942 682582
175310 980678
933002 1137251
736329 1559495
766838 1491933
693033 1666946
771810 1627666
694151 1661885
575035 1244031
298415 502002
113180 805410
596659 691723
847541 1368241
607491 1593325
335781 1273705
547539 1321044
775473 1676619
707109 1705534
592602 930104
198284 1146143
12437 956989
284823 561010
820677 912651
351877 1100083
199557 680407
828434 1803748
606594 1039341
536500 969816
152906 705810
8447 634207
833558 873677
287562 1275734
264140 364677
606731 623002
285786 1049125
126317 271455
915108 1808502
604671 711250
636025 985314
473361 1321664
957218 1001902
294074 905352
491964 628753
985280 1415817
556342 1244158
524138 674073
427329 1350905
52746 75524
954047 1602024
447735 555683
173441 636423
448319 1413417
945922 1136591
380313 983002
397012 694358
362261 601323
127794 307044
634686 834157
739970 1625153
314627 505549
210601 434094
444995 716850
47085 276234
681917 747097
954720 1605932
343125 493966
957182 1419015
826576 944617
524514 909491
600859 1058328
283728 380127
67618 397906
313893 369841
601041 864403
860557 1759680
980658 1969786
543659 1480520
251041 1224780
778534 1369376
765627 1424137
181430 707635
801800 879239
188926 1023278
670462 977941
984907 1850512
685734 844207
99269 314067
709048 1325115
719278 1641738
236775 1050424
837505 1007564
161679 889958
849540 1469391
405839 776631
110176 188370
596353 1568035
258513 604280
834996 1387088
830458 1789404
399139 712288
791330 814990
903626 1380746
141805 638173
51935 622204
677187 753572
609837 1259861
312998 652572
645879 1293853
129135 994666
400439 1225899
430371 1319035
368691 688591
672690 1110881
312734 1210504
63005 85852
954245 1278260
4041 667243
41429 249377
326653 804450
332635 1124693
428654 517523
793931 1706853
22196 851465
969022 1251319
181023 285257
47317 359006
774410 1064421
629549 1564714
176384 412269
570262 843079
346805 1123799
562596 1083876
995145 1657519
323191 481066
558344 1514355
333660 735059
150825 429065
99962 985251
477807 698453
802148 1469967
942289 1831987
24330 53513
821583 1634261
978347 1965131
441049 815054
264505 362220
730674 1271597
748878 1660269
414414 1298954
579060 964516
352698 1158262
708883 1393450
235285 668923
557483 601814
904653 1789642
589262 1390876
79348 514543
668650 936312
142253 834427
17208 869084
960478 999562
480506 1212342
411584 869224
598342 1007389
405110 744523
664225 1354364
708888 754907
558728 1548383
816373 1605024
646140 1009415
424244 1287495
435037 784298
828764 1228427
20720 541837
694926 1256385
551154 1187038
204137 771809
87874 488077
544225 1542737
269501 439708
69803 663993
127864 479388
231517 390844
255365 1127445
549506 794452
277116 1140245
489345 1485278
242500 845352
88067 1011909
118192 970264
573316 966641
38304 981381
20472 315434
347226 717472
300582 1018726
756826 931928
186190 620875
132090 250713
502683 1159897
517909 1008000
639494 1485397
24575 439012
568549 871515
100736 789740
756578 1672980
539874 1045714
3423 696200
290067 1187129
290241 943669
766638 1145201
179499 438765
903436 964671
172921 949382
620895 1070009
704052 1602616
737612 987892
118868 619112
607113 1396150
80849 694447
922579 949441
326229 916310
199679 974458
590598 1530019
421338 832629
829825 1351277
208084 515758
566255 1173870
663803 870198
305412 1131375
739096 1737697
488929 645728
553061 1256146
376193 1331866
619197 1581019
580201 1026475
332304 368414
722378 970193
390565 503118
816615 1096457
50693 760259
544555 1366518
243886 356666
542131 1138945
616435 678097
181671 673322
501280 861150
104324 1041586
675369 1363670
934393 956894
512614 1175106
190104 328624
803333 898309
394635 713507
78483 576870
786742 1256730
750585 847136
832027 1203093
763156 1761678
943983 1607244
726583 1461000
438115 483247
710749 762900
763029 1307632
963378 1693965
479070 526356
827913 1005230
288161 514984
45916 794160
657682 1302664
446322 497649
226808 294364
747537 1725816
235428 1212104
828245 1673984
673808 1524814
358929 1180276
715394 747689
128466 888838
265681 1165840
748844 1433820
136823 773281
675855 1076748
440658 517175
644840 810098
282088 298563
687857 1582355
730278 1604646
872341 1004998
346851 1134003
781185 1669408
258319 324956
540282 1031736
874205 1308647
892000 1716416
872839 1482177
411640 1044016
3570 633530
468856 606755
587126 1348793
947115 1795046
335137 1293544
51687 321045
255322 884085
760251 990226
960619 1850545
600134 1239614
658512 1242675
472279 1291343
461118 540538
184471 1162853
427050 706050
204951 230039
922868 1247743
902429 1557286
474919 669866
199673 788425
271640 1038341
135188 1035148
871883 1819853
301179 904596
476601 636740
505825 575310
329237 1129134
294071 660905
424396 727152
153496 493339
724921 809763
330465 412768
514231 1463291
186637 668524
343778 851303
937062 1615859
274763 1069034
428455 1035664
758747 1279246
339889 609452
553540 912814
818008 849451
528771 766105
95027 113785
79810 938598
80134 729233
139188 727970
263572 699191
451456 836237
527530 991996
860405 1539354
619143 984875
846842 1834004
108248 281367
450619 999138
626195 825098
12363 496151
61897 1000442
878384 1680426
177424 240602
326468 408268
797830 1556270
490789 1297125
328556 353100
990936 1133279
858595 923782
303032 720057
518785 1080612
650207 1320887
81934 537003
335186 775428
15152 851491
989512 1353256
324614 1015339
171913 458450
569145 1094936
112625 409778
361364 732766
170930 694937
523795 765798
749987 1333714
822201 1737717
995993 1283694
859557 1661513
597998 1183522
281439 1031504
400193 1152501
917257 1788956
340255 851699
861636 1713055
435330 560502
786373 1539027
151513 633930
965791 997816
513160 1379826
596952 926802
735163 1131378
1044 618593
994292 1089246
203430 655042
194991 368910
207187 616182
230510 612673
998640 1258878
292012 512076
953239 1027561
236312 635327
846285 1089479
887154 1065660
115391 479500
415438 530371
370172 394544
620579 936612
399592 1195363
18172 528838
88465 253376
128412 244163
722049 1422936
255203 265649
131260 624411
347675 1259958
10942 791090
243815 334550
529753 1262972
710186 1360996
42612 603086
212206 984768
315279 767076
276232 378206
175528 574340
637692 1592204
916512 1509111
108763 223459
95287 1022454
244605 1037977
593102 711181
438924 1177845
933956 1017341
37640 627123
894031 1421949
423679 724006
377017 499235
796455 1680276
378967 652773
546319 1305358
621200 872407
707289 1431130
90906 430970
960638 1894997
296498 1082417
57386 362497
518371 1027988
329554 757119
715628 1684682
168004 613781
35456 120332
958957 1283755
64225 912197
991801 1592681
58000 141036
277559 289623
395064 1250217
50354 423912
404162 579502
963545 1647943
539564 1525701
637623 1367796
597687 1487508
268789 649998
299882 1019349
465115 841496
102143 949221
341417 971253
534863 608025
174551 175738
724404 772993
597512 626867
3128 445395
393801 739811
675666 1162781
442729 799395
76591 188583
261871 567665
28282 627000
894607 921488
687672 1278657
598734 1117927
556679 882599
906355 1896417
123505 282769
145775 300632
200664 1012205
442903 839226
530399 805742
552635 1403498
639379 1632121
609987 1221324
241858 978937
36233 50546
714192 1329002
387055 801335
293422 1034196
887753 1825874
688816 1123029
764776 1225015
737623 970684
253376 695426
584919 1215369
337936 677048
622329 822439
864525 1859517
81522 777765
654492 1467533
745763 1534448
643429 1168986
716457 1042044
871576 935982
551469 955035
359762 737736
378172 447364
519225 555625
776525 952428
764160 884518
326156 1103018
422620 620856
716257 1163249
874374 1036732
228279 324600
83612 400612
218766 380803
339869 729096
953312 1501341
72325 140519
772518 1090933
60619 329957
106921 1052447
229600 796584
300309 1163273
485907 628092
549409 730230
731085 883294
522859 1205719
268889 912783
383492 1027853
313732 318888
5335 589906
202721 679998
150386 949504
215489 650635
250076 655528
614021 1597483
222492 900816
628974 1542944
448802 1101303
639441 861571
630948 957323
719906 911087
757588 1070386
61148 578533
816349 1268795
511070 583374
207893 938071
626983 1303279
40894 857240
182610 874576
616905 1309556
31074 368214
450262 566404
589420 953426
110506 235615
980700 1135071
23483 420566
46422 386990
122125 153980
25178 802533
899088 1150447
682504 744734
980761 1564233
72551 902448
815833 1144052
913903 1645094
451465 944041
769863 1117458
656252 1580244
837823 1127369
841549 914530
172808 552855
331349 1002876
597055 731739
535820 1162624
380518 1095463
494689 1093282
16385 170223
74105 128144
61291 992382
824180 898949
61577 971399
134357 963504
45025 282385
859822 1276173
921708 981687
34620 773785
408141 1212782
635711 804527
765632 1106009
617137 645037
726791 1274592
594567 930927
473365 1170652
627878 1468582
424111 988789
523084 601143
893158 1291120
954772 1069167
387314 1076474
496368 1136535
425055 627820
337925 644748
280403 1145766
69753 613847
981704 1912366
415106 1025744
228278 528230
206270 505866
627209 627329
215772 761553
798027 1397652
678064 840756
444803 1222246
466935 542155
453178 803978
930015 1637880
434122 1248688
324126 962613
906693 1755226
643875 877925
488867 797215
390757 1138270
48484 980180
491175 765144
755622 1119023
139156 178489
373237 504686
813201 1539521
924626 1815090
96549 1026698
84323 674365
216313 596673
253265 475643
409287 674604
299575 756537
320890 1173314
373083 1152762
648578 1258352
34709 754188
152180 356071
181067 548911
971026 1044460
890189 1564792
911337 1671484
366016 1304235
997243 1813334
617287 1116777
114934 1014995
370759 1265427
21821 648182
989148 1616487
341218 1176733
840999 1118960
417949 637130
652622 1538407
71402 721923
861583 1271531
349948 496367
886654 1491508
364268 483713
530959 1360493
157012 622114
443010 594484
352364 426243
674614 1277114
21434 579245
895122 1492729
798080 1135770
748267 1085463
784595 1534366
170827 649838
197873 697647
231610 719739
24005 641155
194793 1046464
172940 216993
63356 842852
754671 885804
816403 919333
134602 740838
918402 1749078
368072 400333
448878 673232
462694 839584
377868 693584
672028 751632
95433 598787
685231 1605561
292805 531658
144742 214011
688230 1528834
397644 1326534
892343 1050433
766292 1533089
915918 1066205
909854 1591928
437072 875932
40864 188829
965549 1515739
859474 1089614
468427 1338242
72993 665524
854631 1153323
279422 851065
954866 1177637
811107 1736562
279120 964789
858212 1202676
885616 1474445
821653 1271774
153122 487467
381225 1181083
112774 685492
207068 575161
266082 887213
591220 670274
492536 1169919
530912 760858
733254 903724
956389 1018334
626348 1087194
863406 1175093
165222 796950
84213 391587
752745 1050131
310683 371989
732262 927423
769420 1624008
590676 1415725
641018 651012
549313 1103296
914315 1819662
185075 596611
871333 1663880
57356 326934
809769 1466024
55487 275979
927238 1098733
326968 1073845
515143 1315967
198499 908728
739907 949391
459840 736771
325435 796243
744786 1391700
393068 1377515
514037 1367761
563922 1200259
321531 1285783
183371 675461
628778 1351016
188592 422983
421019 472724
707445 1337668
274531 1139353
950630 1495757
326163 629418
338894 748370
804180 1687053
93255 678864
393772 402546
708536 1493461
731076 1711963
829178 1369637
746320 1666323
51157 804307
409722 419607
84971 583944
673000 746192
532060 1141345
44900 822168
250620 268834
290861 991278
916696 1425249
205000 285109
922547 1204187
266785 578404
196652 923499
265351 434293
878389 1751156
651103 930488
35278 300158
457314 1056363
771802 1205231
123628 632138
146246 836670
448946 1125243
285577 1011719
202877 225241
968300 1331486
632982 1587531
731357 1601473
219274 767378
249501 686344
547952 1039634
334227 1104675
103113 535868
404230 686995
108184 929424
690455 700467
288060 760254
756246 986213
568495 1415250
136678 860279
280969 766038
31069 796882
399342 515115
18806 242631
698809 1412488
710970 1302973
498208 678809
98922 497245
823470 1207331
115856 296236
413027 415856
588472 736270
975236 981129
323328 1046413
503399 1112032
546008 930431
255698 504161
291190 912780
215400 667313
627781 987916
460903 928627
795693 1704835
895759 1088038
429462 773822
215502 438979
48796 299948
821181 1666111
907264 1827963
628696 993197
107727 525777
368601 878048
616754 1038843
22743 537812
440116 815267
502152 636691
757636 1031638
534831 579509
257994 642050
2623 28391
262783 527965
643069 1496101
483931 1244046
115192 168480
419800 435268
917402 1469690
462595 643089
541212 1307838
763401 923638
546222 1424855
781016 1468385
949839 1823376
226883 247864
439448 854628
810837 1591614
435270 1225237
790968 1572536
958877 1917124
835827 1081494
595387 813541
118309 558020
576560 685599
877941 1485608
157578 1117468
911931 965101
12012 934771
585216 947324
327516 749512
985892 1036121
649014 1346204
794767 1165601
286688 807703
286443 910414
282806 515572
634181 705510
514445 1458619
351972 831863
498438 644617
274582 667272
860349 1833987
950010 1406374
231072 300612
698646 1221630
542625 873715
879579 1667095
309009 1126142
96856 1019365
498460 1248125
177168 205186
30223 882012
755270 982772
761962 992231
214619 1123955
73184 706095
548085 1486906
795554 984879
427193 1074167
292761 970951
398287 438412
950565 1905524
660109 1128341
201958 622984
319651 1259747
482825 801496
371838 751858
190307 386012
903388 1286616
799031 898551
182422 628672
779654 1712004
362712 586417
859666 1787516
505110 599455
468157 861837
498614 705537
914260 1619852
249586 469981
963248 998857
200117 353276
994758 1444928
835072 947553
854368 1678091
342300 530242
842801 1321847
1592 463307
26223 613872
195365 1109002
196675 338610
157671 1138188
363381 1108748
708039 1374837
613729 1171442
252752 650409
546952 1026438
278581 534370
254033 317099
412613 1262217
994167 1691676
876682 1699917
301056 630950
826074 1763781
241613 599752
629535 1357354
945158 1303667
621253 1591987
322914 1318546
235364 825316
105663 909322
719679 881993
941643 1465890
817682 1713541
317297 657708
906523 1709325
490237 1145051
83569 888179
456781 483696
605241 1280336
215708 721166
899243 951857
235350 1106442
94898 328850
82921 321428
646219 746345
632985 691252
158466 476781
136221 941831
971311 1885601
700140 1246927
400376 816577
410201 543310
793798 827037
402734 1391385
721593 1473250
690377 1020061
682989 1488798
436212 618389
690511 1403857
674565 1422875
969509 1920873
184430 698185
797936 1192202
335730 1320278
203561 1037860
249164 344858
834455 1096607
537096 680315
823456 921178
226016 783232
878449 1108530
200295 1155765
147693 698562
652505 1348118
633052 1279871
577336 1155615
53863 508624
304107 748711
100328 1076768
427180 585605
957667 1558330
264053 1130978
830946 1017682
147691 640646
955323 1781167
442642 570822
237641 353617
163759 531934
242644 1103841
471856 1130842
710733 1048243
122363 531569
174075 829306
151077 1113519
523993 815778
695364 1217493
574958 1143934
869648 1643603
769135 1474411
40808 301552
170318 256651
682107 1212557
807215 1373095
223515 923510
243444 1177836
961833 1317838
975213 1149511
145738 793803
887550 1645806
808916 829845
536092 577022
788681 1067881
463795 1208700
638009 1219332
110603 758441
815641 1334908
128945 969563
621963 1278119
79119 424388
837572 1603673
545953 1002457
917010 1465893
691792 1594107
891840 1668489
140752 947404
845292 1515925
875288 1356486
934958 1737928
518524 791973
460493 1432503
974418 1029162
400079 709167
902737 1347325
172385 512915
916906 1453467
120026 970793
710234 1426529
356043 526762
539608 683060
166647 1116848
625646 1232965
121531 685451
64445 824051
407265 454954
788413 966610
669821 1534651
962337 1284417
829023 1691310
955704 1156050
910742 1402533
693423 1190548
931880 1675385
754502 1723998
268735 536617
61832 228697
741063 1587111
386145 1294150
852188 1562023
173317 669195
239741 449405
396604 747189
412147 1393952
233995 831196
272709 348804
375774 533746
766169 1237197
678508 745801
221862 247059
699061 752123
613109 805504
365864 1275349
4236 766469
674556 1498615
914618 1393599
831252 1446705
193410 831797
709057 1498212
269131 934683
832103 1256343
315027 551552
356243 523520
954134 1676215
676689 705050
617247 1221476
360260 609695
562480 606794
73525 320049
866879 1833025
58024 573217
408547 1266953
489879 922368
972004 1969674
753492 842302
130010 1076674
257644 897260
481843 1473848
927216 1106778
161013 812440
914873 1725477
264679 767302
394430 795227
2522 366639
521257 1033242
914589 1207750
774977 887216
465641 1422126
935810 1918687
687781 1364558
888338 1068415
313663 1174758
295065 812607
19315 596326
937056 1736432
978654 1736713
180048 631325
920988 1813157
591832 865163
278340 353418
210314 479482
811169 1806435
341573 1235474
309076 1066878
53330 660571
577350 1028908
721675 1040034
940687 958227
87478 253010
922219 1207920
283827 370101
588954 602325
206973 1009600
294013 674572
420604 592081
191540 867200
506962 838142
951945 1791640
408143 1121667
563111 691142
837095 1621047
967484 1363064
280184 603381
555464 970285
461848 631759
212265 407811
396740 1003313
698426 1189468
315874 1305776
633419 1180939
820703 1622893
247298 929187
592667 624105
367092 824658
865640 1541479
812653 881478
654829 866963
490947 532210
428087 495613
998235 1507502
504197 995516
466420 607383
967599 1702713
722767 969682
300143 419496
571522 1302467
247854 637053
151435 471177
664301 1408484
874949 1817453
202079 265812
412835 635526
760014 904685
552310 1343318
536096 753029
527165 1059264
384791 995014
595227 1532177
932244 1139259
221433 670317
564031 800279
214105 277134
967492 1004757
557479 1025007
384326 1039310
485341 1184626
108989 623985
548579 1176456
54592 1025807
43774 622109
400357 619272
190418 247226
433339 1355760
871125 1723841
702000 1621430
582208 1338982
510342 1043218
481240 1237637
598711 945145
63746 912017
580997 1362243
52903 595364
337850 786936
544171 1267428
101654 152848
310989 1089999
411395 953531
448223 1264770
464191 848743
206769 542084
645119 1628430
955771 1907996
178129 984686
698111 1338355
908204 1184508
460399 932493
198555 441274
180392 225389
806547 1550433
422827 1026036
388139 1184961
368875 741060
973060 1138747
44949 816454
351527 761131
683353 1666632
818226 843385
440270 1258844
130391 298038
435829 1382287
854213 1114486
226528 555127
497422 1279428
372016 508915
955809 1618268
716270 1238769
837530 843631
367440 718965
171472 489814
131172 557465
854558 866979
328928 1099179
947766 1686554
515892 786631
591768 1589319
602256 948020
880473 1450277
277215 606468
504396 1039466
436750 1390605
355658 385464
524292 1175459
572547 1018384
307605 693946
693968 1161783
635748 1033077
692720 897932
146722 665338
661449 1348528
729431 1464532
836233 992958
782824 1016671
460156 1388834
960604 1460373
712846 764586
141655 1077513
561850 1221477
824332 903738
927842 1612482
7019 739747
998042 1558062
887878 1118094
870865 1513921
393461 1016599
969691 1323429
628861 1408248
824792 1267478
831356 1098847
889819 1267075
304975 727463
32910 599134
115203 291050
222327 253403
31042 103490
712696 888633
315884 710576
730297 1238625
489187 956318
254464 773877
107690 132277
997068 1442125
947904 1940456
93176 391197
710886 861595
333347 720081
515810 1444574
991688 1509299
592 18926
433655 649175
805857 1381300
723715 1314692
582770 1118057
395387 1328212
435785 1399986
394794 1106423
888093 1321470
963751 1405419
40602 155266
889537 1657932
584480 1255356
115896 339296
722868 764215
183437 503819
859071 1767113
347476 400773
116568 1084914
507522 909362
370443 508186
274960 424528
490343 949234
604141 780589
921813 1725009
416961 817264
565885 982670
562146 1272701
156052 1140916
267846 830742
977251 1144014
969766 1354683
823257 1311790
26947 607418
546889 617686
373457 1087903
421676 1338281
596611 1006455
804163 1191548
280990 876504
262771 317411
712405 717955
422147 753001
197083 447427
261194 416367
318739 673210
498476 1036174
429836 817841
456 951299
553191 1258787
856031 1253035
656267 1007826
875077 1353937
952817 1342248
789245 1741214
485222 756107
359988 408831
745730 1617343
931808 1261377
505937 996640
707985 1644047
341228 1276471
171545 1076928
560548 1353895
625985 1258102
381738 518204
788269 1448896
228806 414606
730905 1465981
969890 1897739
240363 678776
763309 1033843
835907 1647023
933964 1028035
275890 332163
963501 1433182
367818 1177504
245018 639470
294019 775993
726743 1348812
466490 1330726
948973 1505851
132517 662178
264727 987378
566893 1127419
226920 244546
707127 1490481
223510 1047375
514709 519281
446958 498587
178588 883420
195462 563907
516220 788446
320820 508543
573080 706015
361398 834623
473269 545724
528579 581970
31889 663206
251179 1184641
504067 1210399
424720 468267
116063 507744
861067 1828279
700636 1354402
688839 1146723
841835 1491359
616105 1585388
423671 793692
34286 35606
372610 1192034
915818 1710127
685589 809625
337986 1130064
543282 1350189
251504 589968
422564 1383150
804770 1076690
642676 846591
133398 572753
706312 824635
29451 692529
129878 454793
316000 679618
196423 682128
69961 936368
210256 500927
59833 461595
384010 1310885
894812 1840101
446936 1063660
417926 757698
427457 986950
818167 1407995
833522 847114
785294 1612314
631061 947633
785798 991656
3844 359590
199703 1109713
867323 1241658
625228 1148530
504503 530869
131993 383469
493700 771843
623311 1491717
306008 400935
754254 1558647
564572 1413070
44563 538952
978282 1012931
924113 1884508
389228 588408
453494 1068525
206315 1143132
373447 815613
736631 1186158
954248 989985
571742 1000778
839765 1299072
237762 1200674
710818 1237420
776143 1530569
128572 1025809
786310 979731
361119 693134
731826 1450628
344979 903610
988503 1461286
188206 649532
195891 658755
782844 1509793
962844 1282431
161913 817031
873342 1139775
209726 781306
40550 143341
214192 385792
165044 1006802
535939 700062
167465 309051
361441 1149108
986290 1809223
105971 231323
58234 631856
537100 1196248
331770 740219
100570 272956
403510 977155
247785 1182563
512722 876637
787759 873356
680989 1435548
416265 684693
242043 1084020
611078 1475863
371048 1204009
24534 648651
993140 1719611
353325 447491
627754 1518926
420284 438621
308308 766146
864070 1649743
706054 1523840
400045 494283
982415 1529242
89248 309392
695900 1454695
432287 1104466
297667 531199
391077 946961
364102 1025388
633741 1304941
735247 1734022
396623 620789
154698 396473
362256 408184
839599 1724483
863250 1244435
648597 1609784
539436 1172900
161146 994033
299274 1235278
33312 871826
66365 121131
453215 946367
328082 1252094
383530 568733
945692 1010768
548956 765471
33994 279440
803324 1395602
973351 1971256
594038 776951
778168 816651
730775 1483018
113210 310336
560898 1435464
222812 429267
955791 1903591
917919 1499605
220322 571052
551991 1420692
151907 441305
609247 1346736
996155 1027214
127305 881907
972834 1006493
681180 862143
378895 1323498
66737 877060
14559 579267
139071 827924
823981 1475453
484923 1022711
193756 1064192
738117 1576886
310535 604736
383151 1218582
343305 939027
834442 989462
986347 1472200
427360 787604
75693 80356
712082 1216343
574884 1566755
102414 783076
215078 648899
499126 1134620
470109 882842
980950 1720759
348798 417336
36327 45271
694879 1019310
95056 493695
299114 423450
311437 619785
148719 732522
649092 727592
565951 1331387
322564 603747
820733 1576483
561900 1334567
41436 383877
483821 1285194
893460 1762841
576714 1523062
547005 1328194
936559 1235550
913429 1873525
927036 1021760
993859 1198692
379456 1330964
454213 558872
796760 1775289
217561 338718
280751 561849
947757 1854035
62830 869553
787535 1544717
585896 638446
609757 1246488
58712 944480
342276 715347
283912 900215
634879 1127443
346957 852016
251023 888401
445737 536884
87597 759996
739144 817169
652701 1048369
597828 628939
164425 396802
51473 859912
172894 587437
544323 1015397
753331 1680099
334306 735775
869648 1802745
1019 496660
466116 956897
563915 1152908
208866 312704
654474 1380259
569534 642145
34740 523464
120095 775206
509487 877314
490931 1262669
940427 1007087
433470 790512
638255 1357503
824193 1314720
881925 1104327
248612 371656
694492 970384
11786 567939
290931 557796
36246 865162
805767 1640835
128653 948526
6957 818872
523330 704889
707370 946476
443766 634466
496311 837780
662475 881823
230973 884852
685108 1495587
451257 1434828
236433 512621
511367 1038196
183867 511293
757647 1010653
898438 1389719
524560 1143590
323618 1298760
69310 853257
699182 895829
820517 1576340
970287 1384425
477463 799662
401204 1165620
563824 754365
808659 1351567
13441 509987
131474 877408
245548 971414
761236 1496808
973021 1111775
172957 557662
679593 1666942
915201 1128330
300616 472352
945930 1781138
146813 640436
633287 1138629
521634 857074
479846 1149463
800176 1218007
774323 984624
961272 1231238
926513 1430963
694258 879076
199246 707917
238022 963474
915375 1744567
52345 350951
988351 1128039
270189 1188459
801680 1170584
634425 679103
45567 841470
283685 586732
108312 671184
319354 1280980
15537 159262
559384 839432
712064 1703365
264477 491136
689288 1616082
908325 1515791
575144 1407258
255979 605519
324262 1183460
113038 651163
72685 752545
113258 932710
554504 820094
823281 1773425
217050 525836
260594 859937
816772 1491986
644457 1635555
329698 541777
829391 1441667
468367 1295250
407008 412195
961414 1960755
904285 1518594
22448 814390
855059 1618022
111665 1095960
776394 874842
176623 348865
242585 505725
47868 592646
316982 441179
560601 1140749
575402 1201418
275363 362401
834838 1052071
378672 1236310
487247 1335284
458857 1155233
30631 764378
372808 1114302
988231 1425277
346125 1152281
911535 1245511
782167 1713807
573957 771685
994754 1461972
779400 1238854
224770 994409
433566 1120368
852705 902432
655752 1614274
677142 1661539
745007 852491
493483 952970
756904 1011525
977703 1189803
295813 958556
56681 257431
882458 1584362
529667 777067
917646 1554543
694695 1562249
830475 853170
129266 362178
472918 1197988
576386 1472006
202607 1173934
95042 339064
381745 761789
248462 905300
212455 831343
124017 1100076
927537 1123574
405374 633753
360449 1263868
550513 1041361
829487 1428430
368502 786954
88522 428593
933394 1163083
820252 1182801
825408 1706161
777867 813644
147528 897304
217098 937386
629944 1029571
703047 1106003
405237 1296347
724805 816837
713993 1391963
805756 1022539
883521 1214429
958596 1654064
411621 621542
401487 1312046
882838 1615408
425377 986972
746429 816783
182424 436132
693223 1639436
951583 1675440
482883 1186094
129800 936739
593518 1561330
795885 1396347
992398 1033107
199031 998125
659510 1273492
935063 1774461
234962 770416
890898 1211122
306740 426159
261317 407013
407087 1344563
72051 1047468
743781 857835
679291 1539751
56851 955097
658132 1052047
761753 1448681
341102 652300
716835 1450511
22777 260815
535866 1029699
507652 710634
355718 1283870
245803 852275
364765 480507
774501 1344486
199318 410949
563843 1540266
523463 648538
650580 707471
721862 1013680
636710 715894
655646 1222452
728039 1277796
858261 1431733
492791 846445
381115 1192584
931493 1357301
738181 1185046
266724 1139038
44171 1031247
584962 1526701
492679 1470100
92661 976881
778704 1225692
284775 814805
934192 1012763
766394 1135923
315780 1296544
816729 839538
160660 660519
39613 289699
209493 934519
605778 678580
384565 596885
659592 810208
406883 1388249
436533 727431
537664 560837
517582 1372624
337684 736005
432860 1302715
452200 954047
519179 1371647
949688 1174158
534852 1248536
669368 1218755
39966 657309
365517 955166
961455 1303698
175827 369081
79704 598067
86562 107912
397038 487599
619029 1058599
478341 978957
919897 1573205
890173 1262620
802146 1066960
807142 1742658
53925 887255
702927 730811
509389 588419
798208 1081267
958553 1045930
598927 622695
962487 1205037
425657 886573
35673 682616
308491 335995
459107 927392
1775 66694
195726 1192488
159102 782101
994013 1185614
901392 1736835
786135 935999
109512 298094
913720 1153538
777770 792016
547391 1154413
675743 1382122
905446 1288811
383301 869568
522559 730179
487292 509973
871136 1471749
358274 1209212
96008 424976
461783 790609
487328 625756
601006 1418535
587126 728220
836395 1718535
501665 1202135
82607 651663
74808 948865
544297 780751
66811 412079
219682 1208981
378506 683302
674417 1176152
662571 1588676
168221 1065651
371606 1292163
2791 405160
406981 561725
651982 1336804
52933 518858
833792 987403
807162 1428188
188642 1187179
52146 882642
639520 1065270
250710 601078
826986 1193027
494820 979030
235622 1151128
788409 1519607
758436 1664109
402981 1320375
481838 776043
9043 903397
416183 933584
56897 849425
745544 1297791
57097 933578
925209 1123600
993878 1758654
616578 625992
94115 243566
16487 394420
569892 748202
611628 1122164
754509 1102361
768630 1184862
259761 355222
856466 1432519
396594 673150
790279 1451905
121729 487452
984305 1511313
199632 730047
706500 1417232
102179 793821
738565 1592557
407664 715774
62488 828562
106271 1004905
18325 367905
270911 523091
7840 243550
10310 876047
354747 1128532
485533 882805
374695 1344098
41584 865944
56747 128818
182517 741149
13013 788856
201495 1183524
514202 929636
766477 1509356
496273 611759
657735 1335926
396963 979075
155157 568238
560881 674392
281300 810382
737973 1188405
220407 910588
892557 1179992
754126 1022830
138748 761082
481414 1304200
122990 756925
923117 1166060
585527 1032628
350980 858344
150045 1119418
326356 1090204
614347 1579181
485613 1376485
144788 813380
67283 848403
813353 1352544
40227 378078
858633 1055121
462607 1040426
900590 1099519
878221 1172238
93871 170776
139748 587094
865594 1823372
37724 866105
450877 644250
509578 1068288
913036 1545219
4785 690710
715265 1281492
790257 1257379
196710 1123143
594289 1527163
498285 498925
7930 984877
582154 1386879
489386 1015969
993733 1243825
650075 964114
926170 1345847
740206 1132286
964652 1554472
897281 1711783
611533 728371
772643 1609937
323124 1267885
609238 1196126
325176 609888
707993 1096991
916409 1882953
490720 1345612
318117 387955
44230 425725
382738 1086775
113338 1050882
635423 861868
999687 1879775
190016 952018
718856 792810
54484 674713
69941 841294
220737 313108
979834 1529466
719884 875657
598669 700926
516381 1329068
143399 974805
713144 860284
413269 413415
44578 740818
233902 901886
45627 446802
826015 1581648
602314 830731
240271 603455
812874 1345920
551535 1451959
218478 592295
463810 1142672
498668 782227
341388 703497
669006 1117649
452251 526819
667086 1524851
386531 414479
967919 1710834
195826 436799
530849 1085260
788445 1088128
947543 1734575
511145 645224
134220 339964
649706 1121121
291169 698379
788660 1755923
138754 335970
584791 597355
631457 1595792
529496 1397664
450174 536790
701879 789839
577850 998604
347433 504924
174650 266808
356456 1253531
786293 915832
361817 818495
642765 1611817
227480 891927
434524 925284
157180 238763
489460 533567
516904 880224
716226 1585517
735359 1164450
28216 456092
323330 827857
217323 636001
135882 449653
407775 1081661
490577 1063227
287694 993309
650413 1111969
289678 694160
481945 1423438
771596 1051137
807034 1424545
34887 707703
80962 431856
710069 1291970
550139 1524837
637788 718301
969376 1246281
878602 1718203
291736 1172919
895856 1816400
483202 1260586
273360 1110540
759924 792131
553246 1418082
97576 742581
909222 1621465
820327 1424894
406615 1372769
441225 1390979
542945 711622
696281 736491
611436 1605224
891304 1194207
184709 936891
263536 699647
677098 1049658
49413 473936
511336 593988
345268 1092693
889069 1133781
649552 1496105
544468 732404
183176 444150
146402 570575
698801 1532258
206971 540481
510446 556537
452865 715629
901515 1754022
620865 1613453
902366 1242211
549981 1247838
667802 843516
260043 1111250
330366 404053
430257 431271
257078 702528
321073 1313895
95278 1093830
718874 1716039
857469 1143243
925358 1582284
565582 681010
162138 935953
651847 943364
15940 232187
396427 764879
710955 860808
171286 1148425
62223 329261
155209 962749
937625 1361087
486704 1004096
935898 1912895
529482 1207076
774225 942904
39492 401321
571363 656710
542993 684313
810870 911000
161894 217077
273896 473508
455609 1048281
642130 917607
587932 1433579
788881 1072491
272930 1040907
999888 1154981
505646 1418734
495367 976573
41357 153109
660910 949432
951444 1250675
337231 1007577
354408 458661
367425 1014649
597325 1469157
355231 747142
746057 1253845
248978 1122146
231775 1136661
933238 981157
896876 1635701
483855 1446630
485109 592001
121916 635519
828767 1651682
188339 344109
600029 779230
653140 1211046
514055 1153543
772107 820551
298206 534707
508428 1225339
574742 988262
248024 448913
43642 715081
154668 669417
997673 1658798
234626 992339
253600 549036
810435 986942
41435 87535
639574 1491350
257897 1095612
356150 583829
760730 1615175
262361 1072840
57321 191898
751397 1376071
824033 867932
804542 1238678
181964 772917
72651 383583
550302 625820
25788 891744
200256 946520
534715 877876
340520 1324846
34028 857204
679471 706097
109143 1091383
929865 1325944
947964 1156829
648489 663909
602922 996236
136270 583426
420251 794188
863607 1687880
310709 1160314
31164 845787
759609 1308513
428163 824628
603895 1188384
708181 1021686
640151 855049
566761 1391566
69773 756124
75601 843872
636222 1069717
604888 620892
64107 744861
348327 463927
71012 475883
454684 738263
790363 1484828
165158 1110584
917231 1691050
157670 858974
268903 614759
507152 1444469
738134 1191304
285189 584458
809408 1565620
842857 1742062
907166 1891293
247373 681918
849817 1176304
176188 541694
594519 1297586
811380 1729890
275066 449097
922742 1884398
258872 493203
379717 1112574
578907 952728
790310 1782408
632601 711127
829408 1245726
482078 880801
89400 1048152
438746 754634
962798 1416933
870131 1273463
149517 1116509
327998 1022216
870768 1123073
164160 410060
767009 993181
774013 1394958
759151 1287792
487753 880653
860247 961970
915304 1744122
39119 241782
243419 344160
757918 1183774
582025 1316812
732335 848711
961778 1480968
796224 820132
995902 1757486
491636 659570
536810 1147814
150758 814105
881600 1023149
788050 1478299
210418 242739
78837 961321
977818 1950036
64897 221459
919615 1287953
998086 1403999
186380 729600
909793 1454804
869592 1238398
77042 180755
847603 1051606
545300 1489526
445959 523827
263560 965007
880236 1172159
189037 421020
829451 832234
926810 1624789
774239 1664469
84008 992960
926352 1642411
538641 736795
674690 1110168
249943 669501
477947 1013469
70091 687452
45092 488989
256429 798437
462269 639138
28832 493847
648377 1524624
568607 1248093
151418 674632
313321 977311
833876 1744573
266228 400809
437754 1343931
309447 422479
368535 511791
186834 885777
292214 835253
905452 1354636
300670 785952
793863 934097
468064 492558
350907 568164
594528 872135
320444 738819
813350 1810875
135520 1038889
523947 914756
989666 1702809
805333 1243288
313571 853170
63394 394553
362113 957244
170194 327367
949737 1786511
764648 1386420
111436 1033555
701280 1138875
612100 664519
857436 1835940
778741 1071613
639184 1580559
88121 139038
562277 612386
306584 446993
226935 513836
749349 1012243
853833 1596043
403350 1200112
303574 1241184
240656 741521
163037 557629
38792 150066
49408 347058
419786 1257962
756289 1087650
621521 1075963
246214 405135
722977 731250
779990 1333492
659216 848575
665682 1559709
382457 413778
208708 802069
952353 1895134
449365 489035
171593 196809
185248 985829
622210 880044
593439 758459
603463 1011473
490908 1069942
523958 984376
901533 1071115
758643 1707433
134205 478470
845590 1666909
18920 424026
167985 542022
296356 517352
943491 1289562
411350 677411
426172 912669
121785 871987
715422 1490016
401810 545017
461827 465422
91944 217258
61698 684339
628476 1513271
639954 1212375
970734 1697784
235346 582433
537163 697095
122502 790831
559791 1536232
132014 1099101
771532 1140168
162829 496997
751938 1527489
820431 1543573
574349 1567457
259839 1227019
621074 676513
864176 1470266
563071 1097840
347589 958193
536773 737669
235558 1073630
493041 924616
446130 903133
541899 913374
872375 1509865
871574 1471726
449380 969742
481485 1469847
178337 1028327
536222 1033501
975799 1659771
621193 1527797
17938 295451
560480 1405728
457646 1038786
743602 785837
6554 793978
100239 515877
894612 910373
960635 1434467
146545 680320
44248 560277
947595 1827366
730380 1018396
110152 982862
581874 656064
298411 1072926
816613 1505073
719965 1524029
51446 515714
451209 1244289
179276 317177
427737 448906
682451 1151972
401384 571973
34216 586928
842339 1743249
94878 120985
847767 1607291
570453 1390004
607624 623687
668978 1311458
873861 1410941
63257 216890
180986 182918
148736 787647
273920 875525
371322 439458
313404 1172740
92317 693987
949646 1314782
56320 1030608
281735 307700
32788 729189
53281 952356
613104 1294770
174053 972186
462382 1197602
802880 1442922
548853 867076
778804 1713778
3592 145659
145551 1058463
299436 739034
878566 1405664
380375 591218
694429 1672526
221277 568494
999192 1460936
52746 353611
615183 1175266
146998 1031729
915118 981579
628048 1492216
387817 452080
243133 475449
461615 1224967
412169 861360
619568 1558659
158177 626549
454770 1270669
714000 789363
334669 1225268
699265 1617408
769971 1270392
766408 1389551
416756 1323050
525759 1084554
879690 1163869
377003 511029
129710 425188
598023 598514
401329 1243489
671985 837042
892709 1095724
369659 1182632
455919 1450507
546357 1138732
735274 1038856
961508 1178713
888458 1785630
683766 1192097
108085 741512
805670 1217264
650657 716794
259282 365982
975357 1742034
497842 550171
896885 966946
688367 1388890
364551 1157770
846254 1503612
594091 1564644
35337 302447
799197 1604376
355471 1309021
696482 1540287
944590 1109325
290629 1139680
633361 1069917
185743 1150787
207873 1123428
814385 1364871
459498 1122414
527581 1015500
330891 530171
447077 1315858
503279 547210
345361 1046215
712512 1164646
589506 1277610
930051 1090887
361634 554031
299876 1015502
951792 1154268
383512 1254326
908328 1415922
832665 1462342
226318 527867
82678 806037
556385 683816
39834 754454
624253 1038462
21696 478247
665619 1518973
402073 738687
701452 1218483
510777 1103518
905591 1834513
343292 344292
149492 414121
546542 949748
48269 528871
964389 1832515
477652 926568
750052 1511338
583260 693019
682613 1318795
761594 1005914
860809 1514352
956392 1674245
389778 575348
884541 1830519
25006 393478
482433 1379322
992618 1621952
946732 1104671
366310 998604
232719 699854
448566 1112763
768922 1407342
577460 788818
448485 1442649
660237 1026960
665733 924861
520953 1271655
280667 647888
841898 1671036
914606 1700296
77111 945383
906966 1677937
221199 500547
596171 1032392
727805 1502164
326949 959598
189452 769131
731775 1156839
614112 1549889
385971 762612
263746 512608
893996 1842716
56195 610498
828704 897233
474162 875982
715875 1036897
773686 1652611
433040 713680
39384 291142
974692 1189251
294844 916263
525167 1286284
443985 513092
176037 391437
292780 1287569
426588 1165134
280660 1022510
813968 962112
837027 981133
633864 1578048
470699 802451
733039 1611360
798735 1788006
781870 1465668
725975 997009
267977 817161
897768 1647001
691340 1232502
365726 459753
86786 546701
129998 797198
51477 596713
851423 1699744
913068 955357
563062 1269431
538423 1421486
652990 1232942
553330 1196140
738867 974573
420358 910770
309669 846831
905071 972435
171135 1146441
950012 1052206
798808 1786057
871420 966834
676254 1397130
95379 690074
575849 1366899
358112 778883
525727 1142578
409399 1111040
898808 1028394
778582 1504552
658496 1656190
89410 525554
300509 327908
742957 1590239
441417 508321
527126 1327666
321880 888985
856730 1094129
716184 1649440
899947 1516119
869568 1809281
804891 987701
120964 894785
604366 1159494
811163 1536383
147309 630229
925032 1068307
582259 1288245
671321 719350
501126 1049046
864696 1563748
840843 1096419
542053 1043763
35969 158424
718772 1580629
717073 835884
570467 1558112
457738 549859
611918 792985
687277 1285878
637252 1499333
906770 986578
284080 708650
772785 1180678
89168 125294
446143 1235085
814357 1476910
842363 1478225
638843 1562060
65920 366554
537540 1402322
362206 852491
795142 1173737
379096 1160884
141637 922541
394285 1292420
437399 462711
435042 746226
184631 307923
893835 1190249
396788 1008093
326224 1106800
518784 840769
606748 802020
158120 450196
513973 591806
360748 731979
117669 463097
45339 1028827
49093 58247
995767 1532947
849562 1441500
504005 683238
113091 780480
354260 1300513
65541 811867
344046 1221534
555801 759300
949059 1272776
173737 232867
56051 567342
355185 563368
911586 1313589
885987 1010855
564399 591577
175108 335809
115246 883530
31122 332604
30490 537088
446840 1098777
624320 795189
73646 1049913
569373 1544026
650093 988812
956650 1510563
638570 898911
993046 1283725
719362 1555787
898371 1238381
593197 1536858
943706 1208915
751345 758275
858999 1589156
486636 1279274
30238 428089
439239 788135
5142 45813
397818 920187
831214 1711813
909681 1357134
661114 1007655
492806 518331
877700 1638826
888120 1578419
714741 1665520
842179 1532102
979130 1389703
368401 1075651
16636 465932
299257 1186064
505545 1195930
212339 452611
11221 422035
489973 1451861
489477 952177
355071 756090
87785 1029162
215148 526295
660747 999593
541960 1064883
389852 1042819
815968 1189427
777473 1587939
772836 837692
71144 876905
303440 925493
866564 1024365
879359 1152750
236421 880000
302597 1189438
236970 1016633
911270 1471980
55477 247499
112255 701908
378993 1218634
257336 1062515
788572 827432
431079 1155485
112916 485963
676746 708358
711584 1577774
550758 1214995
600248 849411
666756 845039
179165 933052
67065 194702
80856 714145
842353 1750037
314174 838072
409573 1295174
449274 1292427
253727 921817
61677 706566
740825 782678
33461 777657
817330 1280266
595786 1062583
25729 993878
189296 267554
286300 321364
317629 1122433
321958 548666
574090 944315
436038 858878
932725 1074990
592144 653939
212392 519521
390709 485918
346046 1318177
588639 881122
717379 1451648
266462 389145
363045 409433
611630 1300268
281101 943956
557137 648456
434944 987993
191390 353536
296868 1230595
938248 1654955
936544 1426770
995437 1350855
727063 1158735
415019 780020
714856 1471680
511393 970597
579654 1574514
990262 1928287
896814 1626178
306322 648074
106691 520649
277867 1107353
194383 538883
913322 1234653
588074 753492
737691 1647013
195300 1152033
646159 810320
813866 1587369
457633 1200853
377778 868644
892718 1032497
628428 1573986
658665 1163000
837405 1496134
688067 903931
149677 1024746
348606 632841
964562 1224268
617886 1342453
526722 883762
800422 1560538
560616 1395212
353082 435445
349182 959401
780830 1206130
131172 323504
366328 761788
71450 1022152
704991 1545063
344675 923777
631350 664157
65200 776643
143065 752922
894635 1404028
355705 854420
163403 215621
354419 402214
253762 782254
47860 234996
809144 1363693
775267 1504000
58283 484258
469334 1318957
172514 918654
635518 1027180
110730 780450
272700 1131707
848872 1798219
130614 1028254
239486 319455
376211 977033
1730 99945
824151 1024376
503353 516323
375850 950353
63580 482191
207046 742496
479433 1053169
545569 581967
357913 473902
589047 877426
622617 1250066
226507 493125
255723 721040
748355 991612
934927 1563964
655968 1447728
729783 1677473
15148 189459
433039 973503
536934 682464
419962 748134
714787 1698998
152223 507478
898909 1898213
572877 1392268
146481 993712
675017 1674805
50848 795499
469149 1194565
523192 587338
422893 1053789
676990 1536843
201554 412010
548572 1134456
199209 798503
376336 1018793
917344 1004251
556695 969673
721722 1320094
196587 336467
888022 1655292
390384 718226
132946 900828
963302 1323409
19854 794345
443901 1110795
726636 1498693
455064 549576
668396 1123635
545788 635368
378677 500356
725444 1660276
870315 1660967
607634 1158943
420663 680304
122522 438840
355795 804886
214563 1151896
944443 1123969
806770 1475884
954796 1430231
583201 647821
775921 1372666
818069 827939
260461 521895
562932 571660
606383 1548126
992632 1548275
662940 1354606
606195 1568924
19642 714477
280633 472731
116918 726536
883627 968834
403272 1235447
265303 1143359
256133 1254570
969822 1014178
982223 1384630
934294 1252706
718153 1239016
775484 990709
463088 966610
4077 491531
792707 1105594
651766 1388890
27312 206767
348160 1182778
756836 932508
842568 1730799
661614 667563
329911 584617
510169 1070418
710578 1195012
63920 449143
90763 245370
373568 1363101
412836 672264
613067 1432041
94583 293115
164470 976661
951605 1384720
140574 819810
478990 1042818
912160 1345048
776324 1701643
492762 739405
14394 803757
826296 1239731
362438 1284300
121489 157101
721550 1270094
381942 471338
442866 1192895
191805 867788
448397 1377384
634398 1231048
817906 1088352
944780 1815436
956967 1007831
127110 579581
919350 1161763
303817 502553
321154 427131
5945 91581
554591 924305
962702 1746440
686105 835669
203095 1163198
506502 1490443
443693 540066
690032 916928
803917 990702
914875 1487239
863921 1275366
99224 765903
959968 1727926
615194 1222563
398385 1086781
457022 1080311
961525 1830348
860523 1245030
677820 1572843
797569 997459
332877 1093642
102298 928481
609724 653634
725090 1459537
63659 394491
755795 1213800
360827 821918
409492 490168
339514 641488
126059 140896
489269 545757
299071 1265032
385373 943931
920084 1303674
464789 1080437
601099 1359362
284613 506322
21004 860763
65188 447499
831076 1055135
887401 1256395
450098 1234870
387360 838708
981431 1090773
171479 714468
692381 1133528
461168 1202754
110445 736155
668697 1111947
811558 1024077
704437 1272503
402183 575757
820550 1266787
30132 695675
707364 790618
998223 1882749
376017 1223717
700438 1041161
84611 191354
151943 966822
194986 1167060
842393 1691581
383368 496342
506172 1378608
70522 613935
673733 1636180
285666 682175
544967 1353464
433297 1395680
808529 1460690
593220 1277606
520310 1377453
51421 435284
49756 336707
733093 1448181
404492 1258331
88994 828659
951699 1394992
772442 1326102
668986 1584349
136636 237559
577973 615476
180649 843141
940568 953687
77278 101949
130950 866823
827107 1824433
835484 857327
900510 1679649
378357 1228324
952938 1600921
522431 598187
828751 1421065
52845 226966
104941 898321
815153 1129318
368533 686813
650288 1122463
270028 1260356
845401 1193977
150171 316042
302622 873080
698452 764130
617079 650405
669112 1053294
650974 915055
154094 285420
992316 1364094
292229 341681
894886 1388428
580093 1071700
910281 1550384
142361 490220
443405 942099
418102 880729
889494 950182
724358 1723120
843822 1750919
69456 442494
114438 721632
405931 1118837
913841 1877632
236515 502334
657229 1430528
116577 946718
252958 612475
132495 203056
635150 1022302
877865 1409039
558833 923250
798032 1063843
354812 1158396
28364 296248
424440 648692
12787 313787
743730 799814
256491 563229
541766 567924
540362 837842
620096 1420691
804562 1334402
487850 978830
694812 1493023
601527 734671
457336 1345469
518942 918149
467028 1052647
703575 1316918
178311 329610
48553 656105
699279 1536442
928776 1004576
507083 1355964
735194 1598389
46196 184342
397011 458466
81019 628174
355572 1228298
710469 831760
817987 1768876
894551 1750846
889026 1221846
191548 944162
356580 488202
159356 971705
488997 1368673
535623 1068765
191861 973306
878709 1407275
267287 431533
825171 961155
320555 420368
499289 759889
66925 577214
896347 1144646
405735 475052
253723 533852
649378 1511663
522493 1160186
721520 800809
57139 258550
971932 1952166
552064 1264640
494563 1488121
71028 726342
480987 569356
739235 835232
193113 687494
297673 753030
597073 1031898
255480 1237992
564425 1349031
818443 1468717
817357 1286645
120404 417997
471304 1451365
539229 646887
111418 707070
40098 969228
828568 1602807
556301 1079496
536087 1242810
391318 941850
190200 397485
505869 505898
245114 1203113
339749 1144738
787980 1409296
510628 1103420
319460 807013
330653 1201053
72381 206509
586567 1047382
93982 133033
440165 1114675
56492 269783
623336 1148415
906305 1601250
325534 605324
13775 196466
301424 1074827
443646 620509
762577 970161
330414 1073936
559464 1167893
113392 533619
8643 729697
563054 1404847
474916 1357835
113190 493324
479346 815813
2700 467047
671434 1188337
126352 401889
477372 559704
295567 491013
616175 1457378
818344 1547085
961625 1237572
921649 1537597
420353 482226
560137 1067399
594999 1431862
581805 1458909
6300 496372
54213 879282
559056 965860
794129 825130
754334 1186254
789002 1199249
873895 1669479
250393 1200097
992697 1875549
497523 1293635
211488 734025
733341 1648438
943858 1364868
46027 588825
440767 913769
645616 857098
990454 1934658
428406 774772
392741 1332128
451106 754055
374158 519121
792163 1034616
583930 1150281
579477 1007042
690746 1558971
671714 1033206
886388 1856017
594692 1285078
794646 1540831
854813 1797358
382607 430637
678284 1665642
976268 1731097
557868 1120635
893575 1151726
728167 1070281
525358 1112059
835946 1625488
918268 1289589
623772 1111472
43705 1028118
403232 1115549
972871 1455190
458281 1233558
120439 549893
289736 350903
567990 857381
788748 1530555
233231 1064033
10022 879146
312151 1227259
204883 1123664
988659 1096554
169739 1055039
879859 1667432
767280 1481273
65033 877509
685746 881572
832504 1184039
115873 564286
470953 654801
45596 805259
530392 1159318
299403 1179580
982878 1264955
282176 1098461
624180 1522534
626674 1424406
875003 968663
589273 961560
864003 877087
90372 604537
304703 1058904
753850 977795
214566 341610
164247 508994
966845 1249473
830823 1053576
514489 1362866
24426 424148
880236 1351702
736103 1477075
168186 258263
495632 770008
419502 1247219
683693 1227919
608552 745792
273108 741522
955654 1664518
642633 1170801
518746 1219205
221016 837695
718661 767204
239547 265805
51353 1026251
798092 1661332
745267 1061663
782601 1428272
533198 1507764
911343 1872227
25372 632028
332632 1171014
394098 1055438
748560 1676602
210234 1210217
997250 1661689
307840 946088
390442 735625
495780 1088867
873669 1328151
783649 1210212
253097 875796
544313 1384978
316072 644581
696449 1292670
661703 1484023
557889 662080
453278 1231224
494175 763282
106127 970221
866642 1418719
132492 900531
70442 835182
979262 1180209
645357 1451115
714931 782530
540828 948698
848875 1141749
621545 1597750
399090 1162227
411070 1178622
563742 1026517
888325 1873744
997442 1161861
875451 1722646
744861 1710844
185380 502807
342354 900817
233643 1228776
462505 818003
261272 854589
746985 1266017
664321 1219574
149924 624903
180406 795240
196966 925584
843786 1370985
54445 715945
687903 1458980
198636 718627
147920 903615
776782 1766912
995692 1948521
459610 1053919
425725 844231
699313 1341656
603072 972114
827465 1450301
582738 1415327
354120 1084419
15053 925069
162326 851629
462609 1310539
31568 190605
471733 1423534
69136 849066
765106 1113749
180205 538800
52014 798370
665380 1443535
988855 1619676
398762 1366856
764919 1556909
810058 1481143
637063 1313765
71041 874865
491810 1320431
469677 1394397
174535 769187
944461 1637816
892763 1245145
147054 382014
474251 1218782
203052 210758
640415 1434528
548700 660146
741783 1059717
835683 1809290
594534 1350786
916572 917821
155844 548721
350289 448170
780605 1733284
699978 1609429
713241 1445664
134888 420866
285722 1031748
493412 1217055
16511 863323
16180 502875
435047 862042
416094 1115469
992534 1081136
816480 1761591
862141 1492353
359007 1172587
780397 1580759
959803 1355570
336424 867565
775211 1718231
276777 1061228
427850 1205974
461068 1179677
939208 1013975
77155 691564
616696 923029
604587 1492035
851143 856909
801108 1358599
894951 1870295
679415 1425219
211626 450121
39992 167873
914189 1749570
630746 1412382
142949 172721
415263 955374
972400 1589231
748929 1531868
582487 1382211
485757 1067978
981280 1518837
168682 424904
524058 882015
492171 1170354
838111 1212791
168425 306196
533027 1186985
177056 336193
253032 385891
132998 575223
210931 219691
168586 181533
332466 1223564
293052 1036060
535414 570309
666395 1298028
469505 1129613
604397 1233530
251246 952929
417751 743938
342008 674278
380583 913506
738208 991071
222363 850686
69221 125426
541995 1115162
31626 965247
454090 1102772
827673 1445681
594747 903003
921342 1655375
337839 348863
477156 1138318
702659 1246477
304884 910843
969935 1101877
997547 1824716
465584 1054976
220643 1081059
320233 1185862
787268 936191
267386 876055
236811 939277
704278 1487502
124160 403029
306833 1264658
121882 232525
463757 1070028
339553 723514
674701 1331195
972487 1490447
843563 1407391
506308 1295777
90355 476249
224350 225870
303726 996476
691630 1395283
161099 819745
222133 1159892
754502 1105178
75404 680747
277581 332397
273974 604344
452899 914161
484866 611314
508509 1177225
366480 634390
548925 810098
146367 657801
107998 268981
965959 1184114
519836 1088228
705024 1690825
498791 559273
581685 697887
980662 1822007
813036 1428617
844661 1055213
16959 470336
609301 1157701
837444 1327345
575267 1079401
483766 1307724
174454 791716
488118 796752
476739 779050
6787 643549
904687 1888469
416755 1123927
211284 392068
792575 1741188
686898 1196641
87665 988016
379089 1277918
489648 1116377
832476 1621590
471125 948686
485802 1221054
515300 812365
399423 1011764
360089 791162
428869 1014754
874906 1660535
308730 416907
361030 1110634
366019 833160
149496 159311
743290 1575894
859697 1018875
79170 399349
577389 1104167
567611 891974
512565 1355837
197029 457214
405655 601540
756638 1653267
64768 289093
889692 1555017
937211 1599477
71937 756303
545281 683883
898499 1648382
949297 1567812
473546 690432
140154 1126624
14442 530567
409142 460686
5761 40908
294554 984660
368397 597813
662597 1594246
145137 268463
844417 1385086
146469 957592
521495 572293
848995 1023181
228485 495451
593731 1387569
925549 1892738
792706 1750485
81496 989152
419626 1153068
104550 367648
534046 847059
759335 1078337
968334 1190890
416650 989697
592883 1124500
596900 997115
767366 1667265
288515 377853
684503 838525
949485 1317914
317674 417762
933124 1435087
594830 1041545
318442 983758
238567 276976
771005 1350949
435843 516407
111930 439324
130694 805794
730672 1581784
269460 1049141
841496 1743542
770394 1424053
854065 941441
338169 1298490
805308 1046596
498686 1456415
882757 1435252
390698 1020072
558788 1314102
918181 1099254
750718 970121
840986 902952
723453 1681301
261197 816381
159419 573520
748765 776467
934722 1320063
42359 171413
661045 1254206
860001 1445097
979488 1201523
858964 1604594
925619 1137480
195502 909197
424229 637159
452400 1161904
117796 1007791
925959 1229414
284438 981130
393881 684229
559121 891499
521711 792584
536156 1376672
7806 464442
101533 812614
415505 1236939
520386 929378
395997 880184
887892 1354328
666544 794423
541178 1190176
676118 1010170
425305 1159130
364088 1307936
208152 330804
797544 1741830
147050 1000348
758913 1681320
324252 894605
547964 1378082
888853 1557903
360881 1019887
369508 505452
614002 1251086
955330 1531107
490931 1219331
881588 1417619
809135 1350742
702345 1221305
25745 260793
283920 289399
832188 1475797
811089 1217180
323391 969931
962166 1063297
169691 915323
679646 1315532
568216 1497790
639827 1335597
5378 168427
607838 1310343
23268 281280
353771 1098130
250103 709958
701117 782933
928532 1741083
580445 1235032
55466 310068
669306 1526047
33260 474807
313572 657336
424421 915403
945943 1734642
681 203179
144105 458183
782146 1599759
804037 1596225
173356 227112
643219 971480
620473 1592009
393996 413536
437486 653444
599125 1116811
579130 889112
879519 892391
174431 1147170
908484 913414
577105 1462015
97230 727499
537725 1467969
173208 546044
857397 1562264
415838 1119064
543884 548855
303423 865521
58438 137141
720600 1352992
715270 1374747
677377 706788
675471 861126
698871 1077500
263298 418779
659077 907281
525164 791508
852523 1408954
50273 894165
524434 1408438
76735 155956
913008 1499740
818131 1579429
96696 323139
762877 1279857
584860 700990
422368 474805
641956 1351912
633767 1161239
793399 952961
59442 1047635
825505 1430697
967426 1701091
862436 1535895
725918 1324562
779824 992994
699723 1096884
297744 814157
397651 588340
584990 729207
787305 1407121
102091 106480
667281 937071
712275 1225986
866729 1794721
797603 1315112
828321 1463682
231725 368388
823076 1457035
581254 1446702
644118 1313449
834493 887674
131330 750334
289243 657701
289979 377394
970720 1937542
83815 516565
96062 957129
206724 879348
653726 1081614
266946 1120180
124017 199494
853966 1614511
731312 1574996
900600 1202878
388999 500693
601392 1097315
674940 1322716
903375 1664038
758270 1709683
246319 376395
187579 397849
797022 874681
846068 1068774
895817 1774484
180999 502158
813326 1632766
22781 695309
201679 311063
923286 1252034
816732 867628
963502 1017584
186514 1065549
407376 672593
905973 1601369
411730 797804
149241 238844
241366 782688
808013 1175041
83997 874874
388285 1171081
611403 653690
427551 1247379
891207 1259863
730725 1073332
117927 824839
165396 573961
902477 1716941
105706 731139
536040 1457965
868979 1074551
727239 1462599
650380 937654
800798 1114410
528289 1196484
241401 1115963
86651 914197
768188 1536946
80512 81866
833356 1533034
357028 476066
552596 1319523
936655 1546432
595586 657631
757841 1201387
491521 847632
93432 377854
137690 1021892
58125 360839
38336 392127
943709 961327
946571 1029104
342432 866049
133862 739279
148760 740225
469600 651710
565869 994476
857558 1239929
185653 519675
346512 677275
59630 148601
409078 660488
433007 1120810
465831 1135254
475321 1407228
721003 1718652
908439 1393570
771601 1037342
906334 1126713
253515 686612
20951 95815
996202 1064254
174577 349933
771801 944584
951563 1646602
745028 1331704
520821 1280804
156960 867471
525452 1261401
608828 868449
186958 582163
551206 927461
688895 1477092
229462 939157
628447 754834
388136 395387
954289 1574550
494876 844949
345230 355676
108854 523649
426531 906614
289070 334411
569394 1312432
614726 1593519
274038 639272
472840 1257895
297870 1093200
757553 1709641
757688 913860
21070 597916
408440 988320
417934 724526
180973 938105
492365 508455
847344 1262509
972610 1175874
374621 1013796
256804 496001
126758 435046
201568 619525
579003 1008933
157586 375109
620431 1445821
935678 1240845
837573 1282134
532359 1131327
395757 965052
995662 1127379
264642 567124
770009 1324263
570572 604510
223148 1085554
800761 825126
828699 1163649
432943 1288026
654626 1384283
319000 572961
390918 891167
812248 1539126
139058 308246
195388 694660
581349 600894
439814 943587
949931 1903676
706820 1244415
423315 1131146
287398 544731
192547 799476
869689 1248676
459594 1160549
121796 429277
57315 486450
582536 1015200
213390 1141150
763857 1261545
219832 937486
186005 956884
415219 1201367
790191 1023857
938536 951487
803364 1438162
171525 651610
665835 720905
650714 1103879
74895 651813
500773 1225372
546179 1305933
117639 686492
149425 1033969
912827 1688605
236419 586536
419625 519633
46272 225150
957374 1950197
46829 367875
351772 1019163
750903 1085121
917191 1306352
532116 591141
21198 401402
657572 769408
72031 951712
353161 725063
696517 1408644
222226 375262
208899 389994
749415 1168290
210368 438138
938959 1164901
304516 876987
360225 920438
465760 1457307
3289 873824
555744 1528712
383392 1279636
847013 1588036
275555 1112032
183747 227546
309218 824369
586096 742851
407696 1365955
687689 959146
718340 1437434
385115 1195776
246705 608890
473718 712951
881629 1629829
845759 1470705
878042 1027787
35059 579123
150429 922375
506461 1430086
922272 1874165
108953 174685
375421 542890
538081 946739
948226 1947000
486261 1031711
842401 1196733
398867 1041613
115962 715374
399490 1080358
463236 1168521
999493 1870299
412792 588708
665034 859567
210297 512830
178945 441112
95684 342395
5403 588222
32638 591708
542046 1447551
203297 206642
227235 729615
742210 1716797
959389 1097947
250939 626323
180849 181992
608384 1153880
280470 325129
471726 1199672
677153 728026
649073 1247669
60798 258894
217236 803625
787648 875994
856726 924649
353761 1344111
380917 413611
203354 725513
847479 1331777
868032 987270
957549 1625621
578395 990606
671747 868866
41301 114290
102035 388356
34061 812939
774531 1372458
831097 1522374
300797 953271
249102 498029
343727 708987
273508 408772
519068 550328
812057 1807239
534720 535076
110556 959220
437356 797271
761374 938366
309535 482743
37019 378880
140356 350228
489131 827651
878840 1527359
367485 1248616
871608 1803469
434113 906002
985064 1796145
174404 589372
717154 1346109
240045 942262
514932 575046
197944 517525
331515 1183592
304754 1106315
179683 771773
78405 873965
69222 231754
896038 1884867
251257 592842
711993 1709759
135227 1091279
260034 982685
592735 692403
780720 1011186
617446 810370
397857 842138
471305 550696
757228 1546970
514722 1443432
436291 913821
892051 1339925
935301 1220518
123500 913598
768324 1311106
440826 1035379
286858 809968
396476 1186885
389294 981403
874509 1029594
196201 478876
136523 265826
104434 1026962
946908 1007389
372307 940341
139160 1010365
533604 1308030
208616 339576
489936 657381
646844 1293827
88975 961156
769069 1753153
360346 962388
728381 1501797
351467 965487
259122 535814
682389 1478452
446724 881699
521695 1389826
482392 1032554
674766 725377
928439 1750892
871240 1453319
493671 692214
140242 293214
698137 1071117
369986 1032524
92685 421761
762570 1466096
891125 1397063
915343 1747724
971472 1506122
686938 1679214
207585 706913
839105 1261265
3676 851379
684701 691732
721546 1122649
617748 920750
414017 809142
453178 858452
907935 1027947
961931 1379887
816240 1339911
851309 1383056
500986 591459
710998 1329815
357813 773242
121942 935719
47294 203308
208244 973716
459651 922523
401534 517920
266789 832609
82750 377525
889160 1812184
68049 957255
584914 813814
613540 1329552
154871 775134
727833 915070
449286 1069701
101864 841824
460951 1178267
892246 1789719
294127 1278834
927379 1925967
709870 1533813
644834 1398269
265741 995283
214008 776436
291507 1254381
849825 1819462
72315 228424
281261 993906
646974 809483
702719 1280733
571337 1490647
306802 981634
845441 1541366
673774 1472125
957902 1820761
876034 1147613
662245 897949
145142 169879
667188 790925
344495 1045317
896558 1340699
292462 552543
354390 1004908
188835 1085864
916899 1685231
11675 92387
565385 1095500
772167 954397
672779 1132478
941847 1404958
961416 1728876
199560 363509
660743 748210
884787 939572
211072 623734
189468 276503
583105 648732
172225 893555
912846 1093013
136866 233331
687653 1650585
781355 1233070
161554 1116006
793884 911992
26601 642027
249501 1203299
621896 1448690
243706 558220
123079 434150
688705 1210840
222437 780060
93536 416277
783426 1349406
451003 461093
833290 1442312
62391 793650
43585 305378
245185 1233472
540794 682666
389514 892471
487876 651616
755811 1177244
382443 1004639
739188 1040478
428415 517313
65266 510810
655374 1586602
527731 1454327
683479 927676
429634 507242
161678 285409
848448 1168054
943091 1446781
209180 1148889
3825 232932
420326 1259518
960102 1604732
4207 333856
793476 1533291
236261 1007634
55051 866920
297086 517185
386968 1068616
836578 1113197
673100 1403237
151224 169534
510754 921134
383650 616122
981303 1415003
767766 936175
890082 1419412
963369 1641901
744499 1277450
950800 1879123
744178 1316542
789287 1610108
968124 1255589
781854 1685207
761240 1108113
235166 1037742
46197 51226
54466 222898
916502 997753
871752 1570232
402784 938988
269599 330695
746660 1518075
933540 1372925
865210 1749141
242696 1219904
943943 1314829
891309 1515848
257301 455025
623149 1374603
383097 1102071
56217 484578
950942 1622916
876961 1331612
944585 1296168
391226 450013
364229 482129
533384 1223275
747262 1336453
955654 1429883
644490 873164
746321 1465886
653818 1200323
658617 974777
24476 831730
471261 476541
162273 1120627
247157 511538
589974 1066433
808540 1801261
46797 1013125
704825 976798
447154 1087964
313701 537164
361139 621842
486516 873510
527906 1247581
325739 431536
667950 890137
265322 383252
521463 1442704
614009 1540582
607275 1565288
117187 667124
670586 747448
894580 1830683
167502 544407
319157 988076
420597 725883
16818 604976
272043 969510
186991 787440
159529 685851
870975 1138058
545035 579533
627922 1348509
537693 631149
317568 401636
369332 1327131
334353 1179963
104926 169885
689331 1263932
600083 768049
794257 1751951
253806 1136823
666517 1045653
547164 1230894
544072 717652
707131 1187538
576330 815339
89755 275116
339879 1253128
37912 122172
417281 1306912
36335 445007
172616 648253
960189 1196624
159230 842222
93387 827532
303152 781585
378944 1178985
119910 141410
56081 421808
742956 1611932
437381 1409015
468707 1403907
84230 828044
856181 1319473
49868 618485
158485 542871
176786 263743
8923 229226
658816 770204
836224 955882
208168 414990
441438 1149662
203775 673524
533262 714693
139706 1130646
789106 1259314
541039 634162
185929 556885
269463 467231
927920 1174156
802017 896115
287330 562184
633742 1092347
70274 328589
428684 1133523
221090 896313
923537 1554416
286843 302833
874365 1750259
77813 505133
529228 1426580
880330 1229548
208150 245073
5057 141938
576782 832546
286858 912484
111209 400099
391598 610679
68761 362210
430798 789991
3307 550548
436757 607939
493402 884859
708804 1376174
287776 693375
905593 1046495
515059 1267770
28843 312539
953242 1692758
120716 243236
609286 1508019
579996 662912
20390 340195
491523 854294
755846 1285309
258819 584463
572027 1527010
131623 940159
552915 1443629
928034 1007636
354758 1287123
365247 1043633
365779 409560
933346 1457813
190522 967850
173410 663399
373294 1055044
554151 651502
686292 1286577
880614 1006037
625393 1012411
313927 999880
980212 1531115
632877 1399300
474921 949504
326091 652499
512452 661531
467852 1249443
997085 1812690
101088 213957
59068 571300
27842 925448
259786 545581
490517 766367
517134 1265546
216475 452935
558131 1291273
694052 1330414
179448 214237
349821 400573
976398 1585929
504951 1397827
487077 638098
602741 841818
890729 1551490
219943 668085
498024 985085
801241 1774770
275849 595360
889244 1622133
560311 1355227
861622 882984
929074 1624852
832526 1065977
927740 1131634
427187 1020024
974904 1284220
596579 1276921
306630 575500
503320 1300600
263469 1222088
780474 885279
571802 642916
141676 181060
526125 897085
404003 1124386
140096 781277
474305 1412106
401462 929499
745164 1581689
739701 963139
648461 1246488
695025 1506768
822494 1083765
563580 715298
462889 784529
486015 850615
948011 1848054
45267 400928
756375 840278
944255 1253637
26557 534129
745328 1512582
849330 1211102
970707 1693171
527326 1327320
86751 233872
589198 733538
24817 530242
303347 687491
927563 1027634
800465 1008204
751968 1301400
684713 895799
208943 508398
190054 1176603
274321 1111271
521333 1032231
167115 356969
8879 632605
258339 633627
100990 516746
847313 1534940
20349 51445
122254 228792
118484 846823
908081 1556941
576599 619030
996772 1185184
121644 664241
954199 1078438
853228 1844385
302297 592829
109991 783885
886522 1556898
543327 838031
55951 856635
211823 317404
7005 244136
561575 1439127
271668 357248
615521 1524535
867189 1267638
559196 1074173
66655 267314
180844 524894
98451 1058702
300536 730098
337491 1030940
405996 503058
712273 885177
202065 924534
119145 514176
676251 1539745
608837 746649
584574 1056103
990203 1334334
969913 1701899
282200 389842
439339 1017513
137579 375953
447393 524506
960353 1702086
759060 1454293
943990 1001217
599186 1516946
668441 1240656
734323 1551959
211474 962641
878531 1826686
953408 1155763
366393 734445
384252 525859
994525 1693146
258372 265062
297107 1156599
384180 810278
291487 824524
184997 537439
906647 1373553
922106 1855466
890343 1330422
132146 743932
979983 1069795
398395 421045
517815 1343061
49098 533562
492756 1230734
755908 1027926
199199 959910
291610 691911
317393 639598
898714 1248683
240507 640536
819102 840257
900227 1082445
539822 754889
175764 690497
221249 333057
210406 1144126
591204 1129217
605229 965079
312267 611630
511381 978010
459405 950136
100329 425689
281158 771805
755730 932251
860008 1156989
601089 681732
636214 1603388
654133 1415468
14237 203286
981832 1150769
432049 859235
719251 884592
340989 1006014
710937 969773
517446 1011759
835298 1337725
7568 198789
780429 1290293
792292 1254663
154106 194828
952398 1696639
331193 1090353
711901 1007741
368427 949019
243010 1080256
649584 1135875
526978 682530
663290 1471327
882574 1807519
461213 1224454
997537 1966649
896176 1351701
428253 760086
697702 1344300
569022 1384616
806787 1159076
34679 132905
162177 881146
248946 392983
307210 1003330
785809 1174407
769283 1505944
672294 767564
153238 281931
428460 785243
285514 876167
94004 540609
547634 994077
870797 1483337
745614 783507
296781 1245708
476137 505177
59048 743090
970861 1880814
652545 728245
826954 1144437
95750 216548
864988 1621056
825779 1279225
594563 1518405
712778 844333
413545 541140
857072 1350267
718572 923266
462460 1364156
562460 1523385
615122 1607594
358437 738697
240051 1224733
401604 1167473
855499 1582824
654812 1186117
848 412903
329125 905686
374433 678367
278314 334119
785225 1201771
122335 994240
995920 1785266
316480 733904
414872 1327674
90937 1013531
380416 1271254
299707 567542
473528 603811
738372 1010105
893413 1596885
416946 691857
435461 478308
607054 913165
22170 317517
221938 460756
55017 544577
233302 358424
78876 728970
380769 708812
380480 511735
387715 552120
178543 914684
261526 778913
5555 642939
26805 308007
729889 1452168
416843 976796
421733 1169416
631646 890129
927511 1536569
260100 335268
584831 688016
859329 1794195
983615 1779168
486082 1070936
58988 1050101
683004 1100363
87592 438609
36851 616251
351396 749581
446293 530249
331723 342688
663635 1609680
301042 317899
507845 840973
91285 258502
385506 726830
634750 733796
401828 689052
597351 968777
395624 735315
53808 355656
690128 1596953
690552 812180
215839 656200
464442 1384243
932041 1155122
994096 1945436
150424 414820
215444 363653
447245 1092303
994317 1085068
339718 863788
456212 728278
797817 1346944
767034 986542
964471 1561018
978502 1903609
165092 772523
338009 418678
401667 1185555
155159 968686
47144 609599
915776 1891091
382597 974041
839118 1388000
952658 1357395
485128 892503
453980 1060623
335947 820668
16983 177725
499547 897745
292901 1103112
813227 1514694
716156 1464099
660844 901223
676350 1078213
760033 1294120
104654 708779
24308 734710
156149 628636
359813 646891
252682 300636
917630 927232
740037 844892
889933 921234
808760 1386606
411897 1364901
129707 864606
511185 1138380
863401 1429551
332924 508469
316565 1172133
60516 429414
539650 595344
51212 426443
586002 981318
710291 1604108
986275 1601991
538820 1401566
230952 584189
607333 859499
699394 1163607
431415 1368467
525520 1048405
855060 1136065
348305 662049
83798 940309
759469 1146281
451971 1129298
531311 1179015
857177 1282231
384328 898177
49775 464472
137323 521445
126475 589408
571930 613094
644444 1042445
239013 373010
745947 1427542
736132 809271
563473 1064289
693305 1204509
961396 1693583
818519 897591
362615 742561
874986 1076002
7257 454507
388866 1010628
495390 1207038
219213 963467
876849 1421959
861137 1860130
868643 1612724
498702 742816
4054 320573
375810 1005764
647420 957930
11376 464058
844720 907777
149294 417911
922469 1620262
104261 1048457
596066 902903
341243 717367
103616 118308
709398 1041450
542368 583415
740520 974713
152328 1106850
817568 1554191
765202 1306052
820622 1452202
16720 113408
65597 1026477
206541 710723
965315 1170962
882297 1023925
863034 943928
322973 864952
915296 1686325
101723 825423
733974 1142177
819322 1106674
736628 954104
916869 1613410
799815 830927
199961 843226
861754 1670617
336459 371889
578720 970657
126097 1064314
3864 969287
782560 1533750
527581 1134812
817299 826791
995392 1856619
369225 829376
2245 490263
985566 1469041
851430 1270365
926550 1431265
561811 1028892
40201 812798
608832 1142699
133438 902492
792745 1683057
551781 1110191
741804 1351206
372352 956811
78629 457808
213509 993862
204747 940506
169321 538209
991296 1212617
788212 1187928
403140 497314
332513 1227752
229159 1225479
779283 1237627
643242 1061759
152618 485487
278485 1172147
813846 1015459
861402 1457769
278350 735257
223425 653370
976411 1261620
683746 1425335
130343 800222
380562 902891
581322 916555
117032 437471
966709 1696890
683768 809065
122260 503438
421450 584676
963560 1295498
995139 1882871
387092 1318385
966147 1409708
923762 1854526
767807 1305160
976350 1686232
118265 1075503
477196 937165
736400 1685931
713610 1039660
466266 749021
885835 1717577
560923 668462
686066 1079515
928322 1583851
816879 1184711
599863 1011095
903565 1774099
546571 1184393
697265 1251533
238277 279504
814400 1455278
17992 934406
512812 1277458
446657 782237
166130 769195
262701 1072754
165287 1011802
496356 882370
949718 1739415
580446 899162
750680 1466070
7340 318062
415254 700303
196070 992782
371957 722885
754063 1664839
397566 1358464
244743 826391
349585 1189375
905243 1572408
439977 740034
497723 659032
943102 1302841
623315 908829
454504 1281662
379449 1089916
947012 1196489
199348 444844
906782 1822968
76723 156375
774300 1333079
149199 211171
763973 1758312
790787 1358711
890827 1614265
946698 1161600
693977 1105674
433061 494736
713901 973461
319635 1274675
254187 750457
315321 686802
338307 960046
284333 726794
58104 622042
635112 1484167
703064 1322707
344589 1269527
158066 1060875
807165 1423481
62203 99740
530765 1443979
132388 133937
941606 1930213
872840 1224128
204807 764989
615192 1156378
19733 943843
463828 1151193
806978 1508002
257204 1177150
568145 1149603
98274 516656
970082 1231410
355801 686432
882009 1199622
293185 332890
676961 1667173
642591 1302677
98237 806243
509549 731203
387053 1112555
966805 1697081
669358 1090351
576115 757956
307774 955748
862785 1513298
38874 67530
460154 1232316
236536 468245
239844 540194
568863 654826
248491 1173479
649144 1496726
682788 895479
20634 80977
452083 805153
960388 1187309
101370 478008
139192 1082882
997427 1645137
132590 374953
716969 1446576
142315 771147
518073 687777
57896 770844
624765 983008
165003 547497
809534 1187148
390086 580549
419695 1097364
960104 1956902
560864 1048748
751700 1685794
624482 733088
405873 857184
726192 1337521
492243 1022632
907992 929864
621270 788963
149493 910039
423256 1288844
332231 1302057
739760 928716
305867 678626
206041 613374
116240 590495
642399 1507787
272625 515264
317813 320613
655182 1545436
201001 1080153
293449 303077
772069 1422349
782896 898529
832148 1521750
548908 1143210
18938 970176
516207 681571
412835 1144184
996626 1224922
701318 901210
769254 1649871
858538 1805642
394361 1366692
192560 509884
776153 1068064
914461 1401785
869292 1736157
91491 178668
210228 616134
960779 1619488
646795 756711
100555 500507
238144 673516
882625 1336183
801978 1708537
962851 1425793
997173 1739042
305623 547663
147267 1031934
383853 566686
233916 244577
747741 1207134
619321 840710
113595 291611
92733 520137
488245 858331
778557 1653478
615086 742698
292181 1168313
204539 445521
284564 850662
994766 1409038
177726 605803
677665 1183194
460689 865013
120755 388524
389025 1029882
117252 868257
311082 613472
104692 971103
130051 567599
906691 1517550
603469 1178169
572943 676253
280336 865529
819321 1713495
880946 1244383
402955 1377497
835635 877903
6400 540672
516067 1303269
850546 1646770
416262 1110886
307649 496171
170513 1127178
243896 951432
831409 1080879
685149 1256491
273621 525360
670044 836778
937704 1244589
831369 1683835
383052 887884
329646 726809
280310 1158742
252112 954589
540880 1525568
485798 1476122
254833 1127204
375154 1192810
988393 1313763
182691 305701
778321 1093346
485359 491524
852869 1647757
159883 255431
707648 1035470
537055 704662
669620 1217649
637970 786151
493541 623081
144452 892437
852593 1610504
901444 1664061
808559 1391854
300871 802973
476783 1247565
854500 1760278
137282 195080
627587 1273001
985772 1664390
975597 1898373
567001 1189413
203048 930441
687647 1641671
346536 382696
267199 1112742
273257 1081664
152600 194596
681846 1340295
396081 1111974
394111 1166278
875473 928525
534258 1509250
422458 878568
806449 1662209
816545 1768822
102042 606225
101256 349621
94629 823932
683829 1572645
313996 906061
590925 732308
429374 1136629