4999
))(())))()(())(()(())())((()(((())())))((()(((()()))(())(())(()(((()((()((()))))()))(()(()))((())()((()(()))())()(()(()()(()()()))()((((()())(()()))(()))))(()((((()))())(())(())()()))(((()())())((((())(())(()()()(()())()(())()))(()(())(((())()()(((())(()()(())(()()))(())((()))(((()))))(((()()(((())()))())(((((())))((((()()((()(((()()))()())()())))())))()(()())))()()())((()(()(()())())(((((()()))()(())))())(((())))))())(())(()))(())(())))())))())))()()(())))()(((()))((()())()()())())))((((()))))((()())))())()))(())(())())()()((())(()))(()()(()())()()(()(())(())(((()()))())((()))(()))(((((((())()()()(()(()()(())(((()))((((())))()))()())))()()))))()()())(()()()((()()))(()))((()())())(())()((()((()((()((()))((((()(()(()()())())()()()()()((()()(()((((((())()()))(())((())))(()))())))))()())(())))))()(((()((()()()(((()((()())))())()(()(())))))))()()()(((())))))()()))()()(()))()(()())()())((()()))()))(())())())((()())()((())())))()())))()())()))(()((()()))())()(()(()())((()(((())(((())(()))))()(()())())(()(((((()))())()()(()(())())((()())))))()))))()()()())((()(((())())))()((((()())()(()(()((())())())())())(()((()((((()())())))()(()()))()(())()))))()())()())((((()())()()())))(((()()))()()))((((()()()))()))()))()(()))(())))(())()(()(()((()))(()))()((()((()))(()())(()(())))(())))(()(())((((())((()(((())(()())))()()))))()))(())((())))))())()((())(((()((()))((())(())(((()()())()(()))(()()()())((()((()(())())()((())((())(((((()((((((((()((()))(()(()()))(((((())(((((()()((()(())))((()(())()()()()))((()(())))(()))))()))(()))()()))()()))(()()(())())((((((()(()()()))()())())(()((()(()))))())())())(()))))()))))()(())()()((((()))(((((()))())())()())(()()()())())((()))((((((()))())())))))))))()(()))()(()(()()))))()((((()())((((()())(((()()())((()()(()(((()()))))(())))((()(())())(())))))))())))))(()()))((()))))(()()))()))(())((()(()((((())()()()())())))()()())()(()(()))())())(()(())))((()(((((()()))()()(()))(((()))())())((((()()())))())())(()((()((((()()(((()())))()))((())))(()())((()(()(())(())(()()((((()()())(()((((()))))((()))(()()()(())()()))((()(()())(((())(()))))())((()())(())()(()())((()())(()())())()()()))(((()()))()(())(()()))()(((()()))())((((()((()())())()((((()))(()()()))((())())()()((((()))(((()()()(()())))()))(((((())((())(()))()()(())()))))()(((())()(((()))())())))(()(()())()()()))))))()()))()))()(()())(()))()(()((()))((((())()())))))((()())()(()(((())()))()((((((((())))(()))))))())())((()(()())()()))))))()((((())((())()(())))(())))()))()((((()((())(()(()())(()(()()()()())(()(()()((((()))()()))(())()(())))((()())(((()))))()())(())()()())(()()))((())()(((())(((())))((()((()()(()())()))(()(((()))())))((((()()))())())(((()(((((())()()()())((()((()(()(()())(()(()((()(((())(((()()))((()()))((((())()(()()()()(((((())))(()())))))()(()()()()(())()()(((())()()(()(()))(())()(())((())()())(((()())()))))())()(()(()(())))(()(((()(()((()(()(()))))())(()())((()()))))(()()))))(((()()()()))))(())(()(((()()))))()())))(()())))())()((())((()((())(()()(())()())))()((()()())(()()))((()()()((())))))())((((()()())((((()()()()))())()((()))()()())(()())())((()()()((((())))())))))())())))())))))(()()()))()(()))))()(()(())(())()()(((()()))())()())(()()))())()((()))())()(((()))(()()()(())()())((()(((()(())())))((()(()((((()))()()()((()()))(()))))(()))(()())())()((())))((()(())()(()))()(()())(())(((())((()((()())))())(()(((((((((())((()()))())))((()))))((())))))(()())))()()()())(((((((((())()))))(())))(())(()()())()())))))))()))((((())(())()))))()())))()))())())((())(()(((((()())(())()(()())))(()()()))))))()()()(()(()()()()((()()))((()(((((()(((()((((()))()))))(()()()(((()())(((())))()())))()))()())()((())()((((())(()())(()())())((()(()()(((((((((())))))(()()(()()))()())())((())()))()(((((()()())))(())(())())(()(((((()(()))(((())((((((((((()(()))(())((()))(((())((()(()())((()(())))(()((()))()()))((((())()()))((()))())()()(()))()(()(())())()()(()))))())((((((())()(()())(())(())))((())())(()))())(()())()())(()))))(()(()())(((()))((((((())()(())()))))))(()()))()(((())()))))())()(((()())()())()())(()((())()(())))(())(()((()((()(()(()(()))((()())())()(()((()())()(((())()(())())))(()))()()((())(((()(((())(()(((()())(((())()((((())()))((()))()))))(()()()))()()((())))()()()(()))(()())))((())())(()))((((())(())(()))())(())()())))))(()())))))(()())))()()(()()((()())(()(())))()((()((()(((((((((()()()(()))((()))))((((((((())(())(()((())))(()(())(()())(()()))))))((()((())())))()((((((()()))))((()()))()))))(()(()))()()(())()())))())))(((((((()))())(())((((()()())())(((())()()((((())))(()))((())))))(())()(()()(()())()()()(()((()((()))))((((())(())))())())((()))(())())()())(()())))(()(()))((())()()()))())()))())((((()))()()()((((((()))))()()()()()())((())))(()()()(((()))((()))((()(()()(())(()())(()((((()((((((())))(())))(()((())((()((()()))())(()()((())())))(()(((())(()())())(((()(()())()())(()()))))()(()(()(()(((((()(()()(()())((((()()((()))()(())(())()(()()))))(((()))(())(((((()))))))))()()()((()()())()(((()))))()(()()(()))()()))()))()))()))(()(()()()))((
142 1914
1914 4411
2512 4411
2512 4990
4354 4990
1261 4354
1261 3628
1370 3628
1138 1370
1138 4680
3474 4680
2767 3474
1916 2767
1916 4879
875 4879
701 875
559 701
326 559
326 3975
3240 3975
3240 4203
1003 4203
1003 1548
549 1548
549 4280
3820 4280
3820 4004
184 4004
184 4314
3793 4314
329 3793
329 494
494 4013
4013 4938
2323 4938
2323 3153
3153 3546
1608 3546
1608 3029
981 3029
981 3481
3481 3704
2562 3704
2158 2562
2158 2207
2207 4986
3555 4986
3555 3675
3675 3959
1869 3959
853 1869
853 3155
2400 3155
1544 2400
1544 2585
1780 2585
860 1780
860 3826
3548 3826
1358 3548
1076 1358
1076 3732
2239 3732
2239 2687
2687 4667
3072 4667
3072 4415
4415 4803
2900 4803
1582 2900
1057 1582
1057 2730
2730 3592
2023 3592
2023 3209
2816 3209
1361 2816
1361 3033
109 3033
109 3643
1143 3643
1143 4832
225 4832
225 2457
2457 2555
2555 3672
3361 3672
1331 3361
1331 2642
2642 3550
2578 3550
1982 2578
1923 1982
1923 1984
1553 1984
1553 2528
2528 4441
4130 4441
4130 4270
3499 4270
626 3499
626 2399
1483 2399
1483 2428
859 2428
593 859
593 1277
580 1277
580 867
867 2863
289 2863
289 1439
990 1439
990 1475
1012 1475
1012 2902
475 2902
475 4495
3667 4495
3667 4561
3143 4561
3143 3767
3313 3767
1042 3313
67 1042
67 4895
546 4895
546 1931
1931 3601
3601 4875
258 4875
163 258
163 2804
2804 2814
2541 2814
1172 2541
1172 2821
731 2821
202 731
31 202
31 4135
3129 4135
2658 3129
2658 3510
3510 4016
4016 4621
4322 4621
4242 4322
2509 4242
2509 2629
780 2629
769 780
769 1735
482 1735
482 1005
773 1005
773 2778
2078 2778
2078 3237
1444 3237
1444 3354
2592 3354
2592 4501
4298 4501
3280 4298
2819 3280
612 2819
612 955
955 1247
433 1247
433 1683
413 1683
413 1672
1672 2849
2849 3397
3397 4911
1450 4911
1450 3608
252 3608
252 4543
3999 4543
3999 4716
3306 4716
1810 3306
1810 4277
2841 4277
2841 3261
2886 3261
2886 4999
2770 4999
728 2770
728 2265
764 2265
764 4197
3010 4197
3010 4310
143 4310
143 3641
3641 4719
982 4719
982 3348
3348 4177
2478 4177
53 2478
53 3323
1396 3323
1396 2868
2868 2924
2924 3414
1966 3414
1966 3663
2187 3663
2187 3673
3673 3953
3464 3953
3464 4071
628 4071
628 3575
3516 3575
1510 3516
1510 2333
585 2333
585 3289
1602 3289
1602 4864
2911 4864
2749 2911
2749 3500
3081 3500
3081 3277
30 3277
30 1125
320 1125
320 4359
4336 4359
1579 4336
1579 2453
2453 2693
2693 3758
1406 3758
1406 2630
2516 2630
480 2516
480 4111
2275 4111
2275 3005
45 3005
45 2497
2497 3351
2861 3351
2861 3580
1023 3580
1023 4610
1738 4610
948 1738
948 4573
2183 4573
791 2183
791 826
826 3972
1101 3972
1101 3328
3328 4754
2614 4754
2614 2739
708 2739
708 2088
2088 3719
3719 4992
2498 4992
1704 2498
1704 3677
1466 3677
1466 3868
3868 4094
390 4094
390 1175
1175 2263
557 2263
557 4945
2046 4945
2046 2608
1520 2608
1520 3602
2708 3602
2708 4503
4355 4503
1679 4355
1679 2797
1709 2797
321 1709
321 3802
524 3802
492 524
492 2115
2115 2489
1410 2489
1410 1723
1229 1723
1229 2725
2180 2725
167 2180
167 3415
3415 3693
3693 4034
2212 4034
2212 3836
1014 3836
1014 4247
660 4247
660 4236
607 4236
607 2266
994 2266
994 1990
1990 2913
2913 3969
428 3969
428 1568
1568 1760
1760 2040
1279 2040
1279 2222
2222 4742
3654 4742
2548 3654
2548 2723
2723 2850
579 2850
579 4564
4351 4564
3265 4351
3265 3538
1360 3538
1360 2435
2435 4442
1634 4442
1634 4000
1098 4000
1098 1493
401 1493
401 2090
2090 4205
3207 4205
2072 3207
1033 2072
1033 1270
310 1270
310 4947
4435 4947
4123 4435
2981 4123
2981 4853
1432 4853
1198 1432
1198 1921
1599 1921
1599 4313
2978 4313
350 2978
350 4246
988 4246
988 3933
2867 3933
2867 3610
3610 4854
4764 4854
1170 4764
1170 3638
3198 3638
3198 4158
3960 4158
112 3960
112 4476
4364 4476
4364 4540
3794 4540
288 3794
288 3144
896 3144
896 2573
2133 2573
684 2133
684 1405
1405 2855
1853 2855
1664 1853
1664 2232
2232 3804
1205 3804
1205 2966
1190 2966
1190 3158
3011 3158
821 3011
821 4526
3962 4526
3093 3962
3093 3123
1316 3123
1214 1316
1214 1239
1239 4649
2619 4649
2619 3648
3648 3921
3921 4053
855 4053
796 855
308 796
308 4237
1674 4237
1017 1674
710 1017
710 2079
1960 2079
720 1960
720 3811
3811 3817
61 3817
61 4352
1008 4352
1008 2933
1019 2933
41 1019
41 541
373 541
373 4645
2757 4645
2757 2844
1301 2844
1301 3791
3791 4153
4153 4768
4251 4768
3057 4251
1388 3057
1388 1912
412 1912
412 2430
1527 2430
1527 1573
1573 1754
1754 2380
2380 2829
2674 2829
1571 2674
1571 4775
3818 4775
3363 3818
3363 3950
1127 3950
1127 3634
3634 3771
399 3771
399 2010
2010 2120
123 2120
123 360
360 2713
653 2713
653 1746
1746 3253
2156 3253
1726 2156
1726 2513
2513 2984
2984 3258
3258 3807
2127 3807
627 2127
627 3061
3061 3536
3536 4419
3579 4419
3579 4906
2214 4906
2214 2547
2547 4329
2786 4329
723 2786
723 2050
467 2050
467 1323
1323 2980
1391 2980
1391 3408
1310 3408
253 1310
253 2027
1040 2027
1040 3695
3695 4105
261 4105
261 268
268 4487
833 4487
833 931
175 931
175 1935
1494 1935
1494 4630
740 4630
740 2011
2011 3924
2408 3924
1928 2408
824 1928
345 824
345 4773
4773 4807
71 4807
71 504
504 2636
721 2636
721 2641
2641 4557
3666 4557
563 3666
11 563
11 4214
1643 4214
1208 1643
1092 1208
423 1092
423 1178
1178 2518
462 2518
462 1192
1192 4856
3644 4856
248 3644
248 3220
3220 4075
4075 4324
157 4324
157 2123
2123 4697
122 4697
16 122
16 4077
3526 4077
2846 3526
2846 3341
1950 3341
1950 4230
3678 4230
3678 4609
2956 4609
887 2956
887 3801
2288 3801
2288 2676
1149 2676
1149 3360
1623 3360
1623 3737
3737 4121
2909 4121
2909 4090
4090 4149
1577 4149
1577 2554
2554 3708
2535 3708
2535 4762
456 4762
456 2056
2056 3607
3607 4580
1402 4580
1402 1656
1656 3318
2433 3318
382 2433
382 2424
2424 3653
3653 3718
1691 3718
1691 3582
2722 3582
2722 3026
1461 3026
1461 4676
237 4676
237 882
882 1118
1118 1492
1492 2691
2691 2932
2039 2932
2039 2494
2494 2579
2579 4598
2177 4598
2177 2889
2889 4859
3967 4859
1844 3967
1844 4325
4152 4325
4152 4296
4296 4377
2131 4377
2131 2943
2943 3574
3574 3956
318 3956
318 3151
1791 3151
1791 3743
3743 4015
42 4015
42 1521
1521 4058
1865 4058
1848 1865
1848 4097
2171 4097
897 2171
897 3197
3197 3576
2683 3576
2683 4904
159 4904
159 1309
273 1309
273 2893
2893 4548
657 4548
657 4851
323 4851
323 3193
3193 3989
3886 3989
3435 3886
3305 3435
808 3305
808 2612
2612 2792
2792 2860
2860 3465
2247 3465
615 2247
615 1070
745 1070
716 745
716 3968
2994 3968
2700 2994
2594 2700
2031 2594
161 2031
161 236
236 3167
1222 3167
1222 4285
4285 4514
1688 4514
1688 4964
4740 4964
3089 4740
1124 3089
1083 1124
1083 3935
1922 3935
1044 1922
1044 1122
198 1122
198 1924
1378 1924
1378 4028
2963 4028
1206 2963
69 1206
69 811
811 1877
1877 2194
1654 2194
1654 4511
1085 4511
1085 1632
1629 1632
1629 3184
2808 3184
2808 4023
4023 4350
828 4350
828 3319
3319 3410
3410 3977
3599 3977
171 3599
171 4792
2856 4792
2856 4588
2018 4588
2018 4101
294 4101
294 1353
1353 2295
2295 2824
2824 3241
2748 3241
274 2748
274 3918
3497 3918
3372 3497
2805 3372
49 2805
49 610
610 4502
3492 4502
2505 3492
1133 2505
500 1133
500 1299
1262 1299
1262 4625
1731 4625
1073 1731
1073 1276
1276 1585
1585 2378
2378 3273
3273 4601
4601 4809
3227 4809
1026 3227
1026 2347
1996 2347
1996 3635
1851 3635
1767 1851
568 1767
568 4383
3839 4383
3690 3839
372 3690
307 372
307 2186
2186 4413
95 4413
95 4353
4353 4912
1306 4912
1306 2052
959 2052
594 959
594 2306
2306 2593
2017 2593
156 2017
156 432
432 1621
1621 4056
4056 4474
3567 4474
753 3567
753 2108
136 2108
136 4171
4171 4509
1280 4509
1280 4381
2546 4381
2546 2647
1954 2647
1954 2344
2114 2344
2114 3709
2688 3709
2688 4401
1447 4401
1447 3900
2690 3900
1961 2690
1459 1961
1459 3892
3892 4493
1878 4493
1878 3457
3457 4626
4626 4687
3633 4687
1839 3633
1839 4739
2915 4739
2915 4831
869 4831
869 2174
2174 4917
4627 4917
105 4627
105 3219
1469 3219
100 1469
100 702
702 3554
2301 3554
2301 3069
3019 3069
1478 3019
1355 1478
618 1355
325 618
325 2243
2243 4360
1245 4360
1245 1325
1325 2484
2484 3932
3932 4779
2799 4779
1615 2799
1615 4373
1120 4373
1120 3573
1957 3573
1957 2389
2389 4733
162 4733
162 3543
3543 4950
4292 4950
4292 4565
3851 4565
3851 4870
389 4870
389 2287
117 2287
117 4787
101 4787
101 4100
2218 4100
2218 3073
1034 3073
393 1034
393 4708
4125 4708
1474 4125
570 1474
187 570
22 187
22 2571
2571 3943
2292 3943
2292 2930
1011 2930
104 1011
104 2986
1302 2986
1302 2285
1292 2285
1292 2125
2125 2714
1480 2714
1480 4846
1169 4846
1169 1561
1561 4471
2738 4471
2738 4102
4102 4562
675 4562
675 4656
3182 4656
244 3182
244 1455
1455 1855
1855 3009
380 3009
380 4744
1500 4744
591 1500
229 591
229 564
564 4592
292 4592
292 1705
1705 2832
2832 4018
3407 4018
1424 3407
1424 2568
878 2568
878 4771
2631 4771
2251 2631
2251 3545
2627 3545
2627 2747
1783 2747
1783 1936
1936 2492
2492 4431
2645 4431
755 2645
755 1182
1182 3032
1588 3032
178 1588
178 2782
2006 2782
478 2006
478 4475
4082 4475
3799 4082
3799 3875
680 3875
680 762
94 762
94 1666
595 1666
595 1298
1298 3140
3140 4305
4137 4305
4137 4521
2479 4521
2479 3552
3552 4133
311 4133
311 3037
2607 3037
2607 4817
4457 4817
2448 4457
1750 2448
1260 1750
1260 3716
1442 3716
1442 1947
645 1947
407 645
407 3196
3196 4491
3035 4491
472 3035
472 1964
1385 1964
65 1385
65 4387
4387 4863
358 4863
358 2026
1934 2026
66 1934
66 1484
1484 4785
3772 4785
3772 4658
1254 4658
1084 1254
1084 2643
2095 2643
2095 4302
1428 4302
1428 1833
149 1833
149 2712
945 2712
945 4186
1962 4186
1482 1962
1482 1845
1845 1969
1969 2873
2500 2873
1015 2500
262 1015
262 4949
4328 4949
4328 4480
3671 4480
3671 3687
1312 3687
1312 1763
1763 4326
2402 4326
2007 2402
2007 2530
1549 2530
1549 1882
1882 4160
2304 4160
825 2304
825 3390
3390 3659
3659 4164
2321 4164
255 2321
255 1440
12 1440
12 1369
734 1369
734 1030
1030 4033
4030 4033
3509 4030
1502 3509
1502 2386
2386 4092
3091 4092
3091 4694
1202 4694
1202 3879
2825 3879
614 2825
427 614
427 819
819 4718
4541 4718
114 4541
114 1564
1564 2000
1400 2000
1380 1400
1380 4116
454 4116
454 4470
2356 4470
2356 2475
2475 4823
907 4823
907 2811
216 2811
216 4936
491 4936
491 1551
1551 4974
873 4974
873 2706
2706 3869
3869 4634
2769 4634
2769 3347
3347 4638
1727 4638
145 1727
145 3380
547 3380
547 2586
2586 3424
3424 3664
3664 4591
1506 4591
1506 3040
1225 3040
1225 2173
1745 2173
1745 3917
3401 3917
3353 3401
3105 3353
3105 4472
4389 4472
2703 4389
1562 2703
1562 4730
3770 4730
3147 3770
3147 4108
2371 4108
2303 2371
2303 3286
1294 3286
1294 2278
2278 3901
3901 4188
4183 4188
1095 4183
1095 3766
3766 4403
4260 4403
2136 4260
2136 4091
3906 4091
3854 3906
3854 4815
4802 4815
2279 4802
2279 3344
903 3344
903 1081
1081 3834
2743 3834
2743 3468
1837 3468
1379 1837
1379 2169
2169 2202
2202 2245
2245 4905
4889 4905
1244 4889
62 1244
62 4873
4873 4934
3647 4934
809 3647
809 4451
4342 4451
2772 4342
751 2772
751 1441
442 1441
442 1072
1072 4085
4085 4688
3044 4688
1842 3044
1842 2350
2350 3781
2622 3781
19 2622
19 2931
1411 2931
207 1411
207 1318
1318 1339
1180 1339
1180 4278
2651 4278
2651 4239
15 4239
15 3048
2827 3048
2827 3785
2917 3785
369 2917
369 4959
1905 4959
1108 1905
1108 1834
1409 1834
1409 3586
3586 4037
2269 4037
2269 3169
3169 4515
2617 4515
2617 3929
2523 3929
2523 4834
4172 4834
3562 4172
1130 3562
70 1130
70 4099
774 4099
774 3278
3278 4918
3676 4918
3676 4341
196 4341
196 278
278 1660
1660 3764
1271 3764
1271 3255
3255 3558
3558 4883
327 4883
327 4937
700 4937
700 4576
516 4576
516 4222
3773 4222
2520 3773
754 2520
85 754
85 4386
2041 4386
2041 2198
1486 2198
1068 1486
1068 2567
1902 2567
1902 3202
572 3202
572 1554
1554 3160
3160 4858
691 4858
691 2030
963 2030
963 1892
1892 4512
2398 4512
1563 2398
1563 1569
1569 2503
969 2503
340 969
340 3108
3108 3245
3222 3245
2155 3222
75 2155
75 4088
757 4088
757 3938
4 3938
4 2507
115 2507
115 2033
2033 2423
899 2423
899 1000
1000 4144
919 4144
919 1963
914 1963
914 4368
2556 4368
2556 3190
817 3190
817 4721
203 4721
203 4057
3961 4057
1714 3961
1087 1714
1087 1429
1429 3776
1348 3776
1348 2225
2225 4321
4321 4453
3431 4453
3431 3877
3877 3992
3992 4068
2256 4068
2256 4861
4117 4861
4117 4560
4560 4932
2244 4932
2244 3721
3721 4743
357 4743
357 4167
3872 4167
3350 3872
2521 3350
1395 2521
1002 1395
1002 2488
2488 3355
3355 4010
279 4010
279 1779
1779 1978
1978 4648
3437 4648
1465 3437
1465 2870
1711 2870
544 1711
544 4141
1681 4141
1681 2364
1536 2364
1536 4192
4192 4333
3334 4333
715 3334
715 4674
2971 4674
2971 4483
2480 4483
978 2480
978 4678
4678 4789
1451 4789
884 1451
199 884
199 704
704 4738
911 4738
911 4356
3540 4356
280 3540
280 3506
3506 4798
2908 4798
2908 3798
3798 4145
1335 4145
1335 2715
2715 2758
2758 3679
647 3679
377 647
377 2074
2074 4209
3067 4209
3067 4828
2460 4828
750 2460
665 750
125 665
125 3003
2670 3003
2016 2670
47 2016
47 2277
2277 3903
1189 3903
1189 4852
520 4852
520 2774
1398 2774
1398 4760
32 4760
32 1846
895 1846
895 3609
2362 3609
502 2362
502 4886
4327 4886
3444 4327
857 3444
857 2967
2967 4812
1971 4812
1971 3299
3299 3650
956 3650
956 1351
447 1351
447 1512
1512 1531
609 1531
609 2372
1258 2372
1258 4651
1860 4651
1860 3765
3765 3828
2062 3828
2062 3513
3513 4842
1236 4842
1236 4989
465 4989
465 1734
391 1734
391 3680
296 3680
296 1937
1937 2196
1684 2196
1515 1684
1515 4527
705 4527
705 4800
3970 4800
1128 3970
1128 4604
597 4604
597 2015
1938 2015
1938 3656
1467 3656
1467 2707
2707 3845
3403 3845
1940 3403
1940 2447
793 2447
793 3847
3847 4855
2253 4855
2253 4398
1311 4398
1311 3640
1872 3640
1872 2215
2215 3792
1086 3792
1086 3563
1958 3563
1958 2334
2334 2611
2248 2611
81 2248
81 3720
2164 3720
367 2164
367 4374
2246 4374
2246 3890
2501 3890
2261 2501
232 2261
232 2601
57 2601
57 3322
3322 3759
3345 3759
1242 3345
1242 2794
2794 3315
2168 3315
1140 2168
1140 2449
1737 2449
1737 2610
2610 3998
3751 3998
3310 3751
531 3310
531 4054
2871 4054
2063 2871
2063 2358
619 2358
402 619
402 2003
2003 4699
1736 4699
1736 2397
2397 3132
1641 3132
977 1641
977 4429
779 4429
779 3833
2745 3833
2616 2745
2616 4254
2002 4254
2002 2117
2117 4445
2443 4445
517 2443
517 667
667 3523
3501 3523
3501 4871
127 4871
127 4127
2134 4127
2134 4710
2890 4710
1790 2890
257 1790
257 2858
2384 2858
2336 2384
2111 2336
2111 3085
533 3085
533 4942
3458 4942
3324 3458
2866 3324
1496 2866
300 1496
300 1970
1970 4163
3461 4163
3461 3581
3581 4820
1640 4820
1141 1640
687 1141
89 687
89 309
309 4367
4107 4367
2599 4107
2599 2951
2951 4428
1433 4428
1433 2961
2961 3808
736 3808
736 984
984 2185
2185 3701
3329 3701
3329 4848
2733 4848
2733 2949
1997 2949
1997 4982
3148 4982
1375 3148
1375 1639
1639 2993
410 2993
410 2349
2349 3746
556 3746
556 4660
3725 4660
2075 3725
2075 3352
269 3352
269 2550
2550 3373
3373 4154
3631 4154
3631 4704
806 4704
133 806
133 2796
120 2796
120 264
264 1420
1420 3186
88 3186
88 4087
2999 4087
690 2999
690 1249
206 1249
206 3692
73 3692
73 1538
604 1538
604 1230
1230 4553
365 4553
365 3336
2864 3336
2864 4878
1111 4878
1111 4525
758 4525
758 1942
1942 2590
953 2590
953 2752
2752 4484
2664 4484
2664 3236
1888 3236
1867 1888
1867 3981
3243 3981
1218 3243
1218 3615
3381 3615
2680 3381
2680 4490
3597 4490
3597 4049
338 4049
338 993
993 1807
1807 3332
1171 3332
1171 1609
1609 3138
3138 3570
1445 3570
1445 3013
1417 3013
928 1417
590 928
590 3750
1781 3750
1067 1781
1067 3777
3777 4998
420 4998
420 4650
3797 4650
3205 3797
295 3205
295 3951
1383 3951
1383 2107
2107 3747
3453 3747
3453 4301
1815 4301
211 1815
211 3374
3374 4335
2300 4335
2300 3203
2089 3203
974 2089
974 2491
2491 4041
2021 4041
2021 4504
1847 4504
1847 3065
102 3065
102 4797
4243 4797
2153 4243
2153 2193
2193 2595
2101 2595
2101 4958
4224 4958
93 4224
93 2606
2140 2606
485 2140
485 2286
2286 3297
3297 3503
552 3503
552 1773
1773 4763
3821 4763
3821 4714
768 4714
768 2600
3 2600
3 3078
219 3078
219 290
290 4194
512 4194
512 3030
3030 4788
1241 4788
663 1241
592 663
592 4970
379 4970
379 3898
3898 4454
2104 4454
2104 2685
2685 3392
1800 3392
1800 4575
3300 4575
180 3300
180 4574
1224 4574
1224 2995
812 2995
812 1904
1904 4331
355 4331
355 3333
3333 3774
3774 4709
272 4709
272 2962
2962 4753
1822 4753
1822 4534
174 4534
174 3856
2731 3856
542 2731
542 3571
3459 3571
1153 3459
1153 1816
1816 2515
2515 4872
334 4872
334 1161
1161 3749
1838 3749
1532 1838
1532 4593
317 4593
317 4987
3809 4987
3809 4418
4323 4418
3841 4323
2776 3841
2776 4287
2064 4287
2064 2884
1458 2884
1458 4416
3595 4416
3595 4919
784 4919
784 4662
4146 4662
877 4146
877 4449
3496 4449
3496 4566
3911 4566
3911 4317
3120 4317
3120 3288
3257 3288
2663 3257
2663 4759
4067 4759
2891 4067
2891 4572
921 4572
694 921
694 1374
1374 2997
2340 2997
1755 2340
1755 2395
2395 2910
1341 2910
1291 1341
1291 4316
3727 4316
509 3727
509 1659
1659 2048
1434 2048
501 1434
501 2073
1759 2073
1759 3524
2800 3524
2800 4968
4268 4968
2204 4268
2204 4062
4062 4459
813 4459
813 2019
1071 2019
239 1071
239 2657
170 2657
170 2959
2959 4885
2375 4885
2375 4849
1413 4849
1413 4507
2283 4507
2283 2709
135 2709
135 2309
247 2309
247 661
661 4421
134 4421
134 3041
655 3041
655 1381
1381 2096
2096 4585
971 4585
971 2847
2847 4869
606 4869
606 2697
2697 4866
29 4866
29 2147
2147 4397
2146 4397
2146 3866
2524 3866
2524 3131
2143 3131
1407 2143
1407 4663
3439 4663
3439 3569
1166 3569
1166 4579
2452 4579
756 2452
756 1066
1066 2581
2188 2581
473 2188
473 1956
983 1956
983 4801
1899 4801
1899 2672
2672 2751
2149 2751
2149 3488
3488 4843
3865 4843
2234 3865
2234 3156
2587 3156
2587 4320
3895 4320
3895 4665
2928 4665
2928 4915
4255 4915
4255 4597
3325 4597
3325 4555
4555 4558
3412 4558
3412 4488
3674 4488
3674 3835
3054 3835
3054 4126
1673 4126
1673 4907
3578 4907
1874 3578
1874 3782
2102 3782
2102 3568
2815 3568
1235 2815
1235 2935
2935 4701
4551 4701
3542 4551
3542 4366
4025 4366
2396 4025
2396 3406
3406 4210
1829 4210
1829 2252
2252 3367
3246 3367
2948 3246
1427 2948
1427 1470
1470 2659
1560 2659
1560 3990
3990 4682
131 4682
131 1253
1253 4036
772 4036
772 4312
44 4312
44 1436
1436 4427
40 4427
40 2425
2425 4821
3626 4821
3626 4417
2632 4417
2632 4641
1307 4641
1307 3712
2355 3712
2355 4664
4131 4664
4079 4131
2970 4079
2970 3688
466 3688
466 1126
709 1126
709 1762
1762 2732
2732 3157
3157 3748
1117 3748
1117 2067
1906 2067
1473 1906
1300 1473
807 1300
759 807
759 4632
3231 4632
2142 3231
2142 4064
4064 4930
4689 4930
2409 4689
1744 2409
195 1744
195 4826
2534 4826
2534 2810
2810 4612
567 4612
567 4227
527 4227
527 1437
1016 1437
989 1016
717 989
230 717
64 230
64 4132
2313 4132
2313 3528
3528 3722
3228 3722
3002 3228
718 3002
718 1121
1121 2681
2681 4545
2217 4545
1841 2217
1635 1841
1635 1642
1642 4414
2216 4414
2216 4238
2729 4238
1089 2729
1089 4703
332 4703
332 3907
2626 3907
668 2626
668 4142
2666 4142
822 2666
822 917
917 3259
1825 3259
1825 4050
987 4050
629 987
629 1364
1364 3050
3050 4231
3113 4231
3113 3491
1423 3491
890 1423
890 4948
4161 4948
1774 4161
1542 1774
676 1542
676 1728
1662 1728
1340 1662
1105 1340
1105 4896
1968 4896
1968 2784
2784 3753
3753 4666
4666 4695
3460 4695
1210 3460
1210 3125
1173 3125
682 1173
682 3175
536 3175
536 918
918 3244
3244 3740
3740 4399
1631 4399
560 1631
560 2170
376 2170
376 638
638 4723
2665 4723
2665 4546
3736 4546
242 3736
242 4782
4173 4782
4173 4538
3971 4538
1787 3971
1787 2346
1999 2346
1999 2331
2331 2393
726 2393
726 1989
957 1989
957 1295
640 1295
640 2189
2189 3502
3502 3518
966 3518
966 1059
908 1059
908 4963
698 4963
698 2454
2160 2454
839 2160
839 3760
3760 3787
2696 3787
521 2696
521 3754
3754 4806
18 4806
18 4155
2654 4155
2654 3031
1725 3031
1725 3812
2788 3812
2788 3092
2859 3092
1446 2859
1446 4845
186 4845
186 493
493 1286
744 1286
744 1051
1051 4916
2099 4916
2099 2941
2941 3786
2445 3786
2445 3891
2311 3891
2227 2311
2227 4304
3210 4304
3210 4724
9 4724
9 4816
3296 4816
1285 3296
1285 4464
3954 4464
706 3954
706 2357
2357 3880
118 3880
118 4746
537 4746
537 1114
1114 2092
2092 3859
3859 4044
35 4044
35 1983
1477 1983
1477 3566
1740 3566
1740 2175
2175 4489
1784 4489
1784 1992
1992 2401
1305 2401
1305 3399
3399 3822
312 3822
312 836
836 1504
1504 2483
2483 2750
2750 3768
86 3768
86 4890
4727 4890
139 4727
139 1627
858 1627
858 3121
374 3121
374 968
968 4380
625 4380
625 1644
1644 2741
696 2741
696 1680
297 1680
297 4043
714 4043
714 3832
185 3832
185 4617
246 4617
246 838
838 4267
1414 4267
1414 2459
2459 4961
602 4961
602 2540
221 2540
221 4076
4076 4618
4618 4745
4290 4745
569 4290
437 569
437 2465
2465 4184
1100 4184
1100 1823
1823 3893
3059 3893
529 3059
529 2522
2522 2923
669 2923
669 1566
671 1566
671 3863
841 3863
841 3944
3223 3944
3223 3662
3662 4748
4737 4748
1159 4737
621 1159
621 1678
1678 2787
1363 2787
634 1363
343 634
343 2280
1633 2280
1633 1717
1315 1717
1315 3017
1808 3017
98 1808
98 392
392 1757
214 1757
214 2327
2327 4162
3141 4162
2257 3141
1885 2257
1266 1885
1266 2976
2538 2976
2351 2538
189 2351
189 3247
1765 3247
1765 3173
3173 3356
213 3356
213 395
395 3622
554 3622
554 4070
1468 4070
388 1468
388 2736
2736 4747
3042 4747
1164 3042
1164 3179
3179 3295
3295 4444
3382 4444
3382 3707
2085 3707
287 2085
287 2485
746 2485
746 1651
1097 1651
249 1097
249 3617
3213 3617
3213 3389
581 3389
581 1147
1147 4893
3858 4893
3858 4289
4136 4289
4136 4728
820 4728
820 4061
742 4061
160 742
160 2385
2385 2660
2660 4340
1354 4340
1354 3172
2721 3172
2231 2721
972 2231
972 2704
2383 2704
2383 3409
411 3409
411 1037
1037 4001
1497 4001
1264 1497
1188 1264
1188 2899
2029 2899
2029 3733
3272 3733
3272 4207
436 4207
436 1018
1018 3330
3225 3330
3224 3225
3224 4920
2471 4920
2471 3251
3251 3564
3564 4772
4295 4772
25 4295
25 2359
1265 2359
1265 4017
46 4017
46 2972
1593 2972
1593 1908
1908 3476
3476 4215
4038 4215
4038 4406
4138 4406
4138 4956
197 4956
197 1511
233 1511
233 3015
3015 3083
2446 3083
600 2446
330 600
330 2702
2564 2702
2564 4898
1203 4898
1203 4652
2553 4652
2553 3442
1729 3442
926 1729
457 926
457 1557
892 1557
586 892
586 2069
2069 3290
3290 4513
620 4513
620 4223
797 4223
490 797
490 1248
1248 1422
1422 3769
3556 3769
2717 3556
1359 2717
1359 4702
3303 4702
3303 3600
3283 3600
1995 3283
1273 1995
1273 3082
1456 3082
1456 2339
2339 4473
3164 4473
1898 3164
1898 2662
2203 2662
2203 2644
851 2644
851 4734
2481 4734
2224 2481
1204 2224
1204 1669
1669 2403
815 2403
815 2843
304 2843
304 3940
3925 3940
2167 3925
576 2167
576 3894
3185 3894
1565 3185
1565 1875
748 1875
748 3413
3413 4258
4258 4769
3744 4769
3425 3744
2826 3425
2826 3043
3018 3043
2223 3018
1196 2223
596 1196
596 1857
1857 4620
3349 4620
3349 4217
2968 4217
1102 2968
1102 1897
1897 3493
1605 3493
924 1605
924 3090
2045 3090
2045 2684
424 2684
424 1889
885 1889
885 1743
943 1743
943 4684
1973 4684
1973 3218
2699 3218
2699 2779
385 2779
385 3098
74 3098
74 1443
1094 1443
1094 4783
2132 4783
532 2132
532 3060
1903 3060
1903 4736
4147 4736
1435 4147
452 1435
452 3966
26 3966
26 3699
3699 3723
2874 3723
471 2874
471 1487
1487 1648
1648 2575
150 2575
150 1891
54 1891
54 2381
2381 2427
2427 2466
2466 3910
3910 4767
4196 4767
4196 4520
1590 4520
1590 2420
1702 2420
1702 3359
1031 3359
1031 3411
3411 3761
3087 3761
3087 4606
936 4606
209 936
209 1449
1449 3485
3485 4978
1476 4978
1476 3978
1589 3978
1589 4994
2667 4994
2417 2667
979 2417
979 1764
1764 4877
4349 4877
3515 4349
2880 3515
2789 2880
1917 2789
58 1917
58 2053
2053 3916
2058 3916
2058 3593
3593 4294
697 4294
697 1390
1063 1390
1063 2991
1061 2991
1061 4402
192 4402
192 2066
2066 2883
2883 3642
2109 3642
2109 4318
2013 4318
2013 2210
281 2210
281 3418
1712 3418
1712 2598
2598 2760
2760 3215
1953 3215
464 1953
464 2975
738 2975
738 2229
2229 3846
3312 3846
1150 3312
1150 1814
1586 1814
842 1586
842 1365
1365 3504
927 3504
927 3430
1592 3430
1592 4060
2679 4060
2679 3434
319 3434
319 2373
2373 2838
2838 3996
3996 4020
27 4020
27 4818
3604 4818
331 3604
331 3046
1336 3046
1336 3238
3238 4348
2927 4348
2927 4469
3195 4469
952 3195
952 4840
4668 4840
1753 4668
1753 2477
1371 2477
1371 4363
938 4363
938 4715
222 4715
222 1901
1901 2157
1715 2157
1682 1715
1682 3669
3266 3669
137 3266
137 681
681 1624
1624 4535
804 4535
804 4198
1748 4198
238 1748
238 3075
724 3075
724 2032
2032 4940
1028 4940
1028 4376
4065 4376
1041 4065
1041 3889
3889 4498
4235 4498
1514 4235
1187 1514
1187 4098
3262 4098
3262 3920
3920 4039
2337 4039
2337 3789
113 3789
113 827
827 4583
2493 4583
2493 4115
1570 4115
1570 3784
2317 3784
2317 2394
2394 4221
378 4221
378 1766
975 1766
975 3204
3204 4925
3429 4925
3429 4462
4182 4462
942 4182
356 942
356 1039
1039 2374
2374 2775
263 2775
263 3074
881 3074
881 1183
1183 1501
1501 4009
2084 4009
2005 2084
946 2005
946 1513
1513 3250
1036 3250
1036 3377
3377 3445
2939 3445
2939 3997
459 3997
459 4732
1181 4732
182 1181
182 4603
2896 4603
2896 3396
1945 3396
1945 4066
470 4066
470 3331
3331 3530
3386 3530
695 3386
695 1689
1689 2831
2831 3827
1201 3827
1201 4696
3697 4696
1693 3697
1693 3585
3585 4393
958 4393
958 2036
2036 4385
3823 4385
3823 4011
2442 4011
2442 4300
1152 4300
1152 3686
783 3686
783 4808
1139 4808
1139 2307
2307 2768
2768 2835
1980 2835
130 1980
130 2284
1237 2284
1232 1237
1232 4120
2675 4120
2675 3022
2406 3022
2406 2985
865 2985
865 3287
3287 4372
2238 4372
1004 2238
1004 4007
1290 4007
1287 1290
1287 2589
2152 2589
166 2152
166 2462
760 2462
760 1319
1319 1818
1233 1818
1233 2648
444 2648
444 523
523 3739
3115 3739
210 3115
210 1144
1144 4677
3063 4677
1625 3063
1625 1993
1993 2490
584 2490
584 3339
1606 3339
443 1606
443 1080
277 1080
277 3995
3327 3995
1741 3327
1741 3216
519 3216
519 3086
1541 3086
1541 4103
2057 4103
1328 2057
1328 2369
2369 4347
1216 4347
1216 4586
1401 4586
1075 1401
1075 1317
1317 4040
2254 4040
2254 2823
2823 3853
834 3853
834 1537
1399 1537
1025 1399
876 1025
685 876
685 1698
1698 1868
1868 3521
3521 4600
733 4600
733 3565
1065 3565
1065 2989
2929 2989
1539 2929
251 1539
251 400
400 3027
1334 3027
1334 2343
2343 2756
782 2756
782 1946
1946 4467
3629 4467
2122 3629
1176 2122
1176 4369
4345 4369
2294 4345
2294 3068
707 3068
707 4006
777 4006
777 1382
1382 1694
78 1694
78 154
154 3645
2316 3645
1580 2316
1580 4944
4252 4944
3384 4252
2537 3384
1029 2537
1029 1457
1457 4055
2325 4055
153 2325
153 2882
1195 2882
1195 2682
2682 3358
1525 3358
1525 3076
3076 3117
488 3117
488 2653
985 2653
947 985
947 3343
3343 4530
802 4530
802 3335
275 3335
275 3618
511 3618
511 3346
2922 3346
2145 2922
2145 3702
1463 3702
1463 1638
1638 3805
3614 3805
3614 4777
144 4777
144 3590
3547 3590
1289 3547
1289 2734
2602 2734
2411 2602
2411 2957
2 2957
2 4500
1185 4500
1185 2141
1676 2141
1676 3810
3810 4193
1479 4193
1479 2262
2262 3813
2677 3813
2094 2677
1941 2094
805 1941
805 1212
1212 1556
1556 4953
2646 4953
925 2646
925 3106
1965 3106
1965 3902
1197 3902
1197 2482
2482 3357
2795 3357
2795 4804
1933 4804
795 1933
795 3795
1186 3795
1186 4211
2469 4211
2469 4672
3982 4672
3982 4425
3080 4425
2998 3080
2998 4022
3420 4022
3189 3420
3189 4876
2242 4876
328 2242
328 2413
2413 3591
2405 3591
339 2405
339 1154
1154 3624
3624 3873
2091 3873
181 2091
181 2942
2942 3529
3529 4306
1035 4306
1035 3214
1243 3214
1243 1880
1880 3177
2848 3177
2848 4448
4250 4448
2241 4250
1274 2241
384 1274
384 3482
3482 3531
60 3531
60 2992
2992 3137
2154 3137
2154 4756
2837 4756
2837 2921
2921 3630
3630 4134
3557 4134
2716 3557
1278 2716
840 1278
840 4577
2274 4577
2274 4179
3000 4179
3000 3670
3670 4248
3365 4248
3365 3441
1163 3441
1163 3338
2487 3338
2487 4395
4395 4524
1376 4524
1376 3778
2458 3778
1088 2458
1088 4337
2979 4337
126 2979
126 4176
2326 4176
2326 2625
2625 4263
1636 4263
1528 1636
1528 3221
3221 4422
4422 4891
346 4891
346 3107
3107 4584
3077 4584
2879 3077
2879 3952
2822 3952
2822 4867
664 4867
191 664
191 460
460 1377
419 1377
419 4420
886 4420
426 886
426 4700
4027 4700
1211 4027
1211 3577
543 3577
543 3665
344 3665
344 810
810 1782
1782 3994
2341 3994
333 2341
333 788
146 788
146 4191
894 4191
894 2103
1708 2103
1708 4847
2467 4847
2051 2467
2051 4766
4766 4997
1082 4997
1082 1718
1718 3178
2901 3178
2328 2901
545 2328
545 4784
363 4784
363 1817
1246 1817
348 1246
348 3957
3957 4985
722 4985
722 3183
3183 4148
637 4148
637 3909
1798 3909
1431 1798
1431 3402
366 3402
366 4201
1893 4201
1462 1893
778 1462
778 3745
2531 3745
2531 4933
1256 4933
1256 3724
2083 3724
1883 2083
1123 1883
1123 4031
1330 4031
1227 1330
1227 1332
1332 3007
670 3007
670 4309
510 4309
510 1010
951 1010
951 2368
2368 2432
2432 3939
3939 4086
4081 4086
381 4081
381 3730
1115 3730
1115 2441
2441 4244
2517 4244
522 2517
522 4793
1113 4793
1113 3525
3395 3525
270 3395
270 1055
234 1055
234 3616
829 3616
106 829
106 4646
4128 4646
666 4128
666 4437
3705 4437
1788 3705
1788 2474
2474 4029
3926 4029
3698 3926
3507 3698
3507 4659
548 4659
548 1752
1240 1752
477 1240
477 973
973 4496
2726 4496
2726 4150
1357 4150
1357 4465
4440 4465
394 4440
394 1250
1250 2338
2338 3020
2845 3020
2633 2845
1129 2633
121 1129
121 4827
1583 4827
1583 3831
3039 3831
2421 3039
2421 4180
4180 4481
1944 4481
50 1944
50 1131
497 1131
497 562
562 929
879 929
879 3913
3913 4529
301 4529
301 623
623 1112
1112 1366
1366 4264
1091 4264
1091 3685
3170 3685
1772 3170
1772 2001
2001 2165
1558 2165
6 1558
6 2746
713 2746
713 4921
479 4921
479 1777
1777 2872
737 2872
737 4829
2366 4829
2366 4499
2191 4499
1574 2191
1574 2312
2312 3706
1416 3706
1416 3560
359 3560
359 856
218 856
218 3979
960 3979
960 4887
3385 4887
3385 4941
2305 4941
2305 4830
1546 4830
949 1546
949 3064
1578 3064
1578 1824
1824 3964
224 3964
224 1489
1489 3606
2291 3606
2065 2291
2065 4571
4118 4571
370 4118
17 370
17 140
140 3649
3649 4174
3307 4174
1069 3307
1069 4035
1508 4035
1508 2982
830 2982
830 2151
20 2151
20 1158
1158 3226
2533 3226
2034 2533
2034 4639
1223 4639
1223 2059
912 2059
912 4391
992 4391
992 3446
3446 4175
2763 4175
2763 3703
3703 4240
2436 4240
386 2436
386 4669
2818 4669
306 2818
306 3908
3908 4140
2719 4140
14 2719
14 4303
4213 4303
4213 4957
4751 4957
2071 4751
505 2071
505 1430
662 1430
662 2735
1530 2735
1263 1530
1263 2271
2271 3738
2200 3738
302 2200
302 4717
534 4717
534 3104
3104 3852
605 3852
605 678
678 870
870 1647
1647 2551
2551 3378
2881 3378
515 2881
515 935
935 2678
397 2678
397 3973
1607 3973
1607 1652
347 1652
37 347
37 4922
3762 4922
587 3762
587 3897
2270 3897
267 2270
267 2742
1951 2742
1951 3611
2983 3611
1840 2983
1840 2119
1356 2119
1356 3729
3729 3803
1797 3803
1797 2916
2916 4796
3763 4796
2025 3763
451 2025
451 4482
4344 4482
284 4344
284 4628
2082 4628
2038 2082
798 2038
798 3095
3055 3095
463 3055
463 2020
624 2020
624 1974
1974 2842
2842 3888
1096 3888
913 1096
913 4973
1826 4973
540 1826
540 3927
2519 3927
868 2519
868 1911
1362 1911
1362 1910
1910 2098
2098 3362
3362 3398
999 3398
999 4080
4080 4836
349 4836
349 703
703 3058
2737 3058
2737 2862
337 2862
337 4466
1503 4466
1503 4315
5 4315
5 1389
874 1389
874 3191
2434 3191
2434 2785
1350 2785
1350 2885
2885 4640
1703 4640
152 1703
152 2539
2110 2539
2110 2938
2297 2938
495 2297
495 1870
1870 4599
739 4599
739 3479
1775 3479
1775 3103
430 3103
430 4212
4212 4362
2790 4362
2790 3881
2360 3881
535 2360
535 3948
1742 3948
1742 2324
2324 3984
82 3984
82 646
646 1604
1604 4110
2438 4110
2438 4758
3726 4758
3400 3726
888 3400
888 4765
3660 4765
3133 3660
3133 3480
506 3480
506 513
241 513
138 241
138 2673
2597 2673
1811 2597
1403 1811
1403 3912
3912 4629
3936 4629
893 3936
893 3696
3049 3696
1716 3049
1716 2415
1426 2415
636 1426
486 636
486 2161
2135 2161
2135 3511
417 3511
417 998
404 998
404 1637
1637 3871
3871 4952
4850 4952
1255 4850
1255 1758
1758 2178
2178 3837
3837 3976
823 3976
823 4924
1686 4924
880 1686
880 3097
1193 3097
24 1193
24 414
414 1876
1090 1876
1090 3824
1060 3824
1060 1303
1303 2801
2035 2801
866 2035
866 1297
1297 2510
1471 2510
566 1471
566 1733
1733 3427
2766 3427
816 2766
816 4139
648 4139
648 2181
2181 2293
2293 4615
4615 4707
3024 4707
3024 4755
4042 4755
172 4042
172 1282
342 1282
342 4202
1655 4202
1655 2353
2163 2353
2163 4902
4902 4955
3983 4955
3779 3983
293 3779
293 2711
1832 2711
1191 1832
1191 2649
1697 2649
1697 2322
1667 2322
1667 2250
2250 3945
3383 3945
1009 3383
1009 3028
3028 3559
90 3559
90 1555
1555 2228
719 2228
719 4063
1809 4063
316 1809
316 4675
341 4675
341 3391
220 3391
220 3436
3436 3735
3539 3735
954 3539
954 2809
1 2809
1 2342
2296 2342
2296 3232
3232 4371
4371 4899
1603 4899
967 1603
967 4492
223 4492
223 2898
2898 3731
1529 3731
1047 1529
21 1047
21 4089
3200 4089
1830 3200
1024 1830
1024 3800
3710 3800
3371 3710
3371 3988
2620 3988
141 2620
141 4093
3056 4093
3056 4276
803 4276
803 1661
847 1661
8 847
8 922
922 4456
3532 4456
3053 3532
2572 3053
2572 3101
2201 3101
2201 3825
3825 4903
1491 4903
168 1491
168 1864
1864 4109
4109 4581
3455 4581
1801 3455
1801 3012
1313 3012
652 1313
652 1006
1006 4642
2335 4642
2335 3603
1343 3603
1343 2897
51 2897
51 2159
766 2159
766 3483
2558 3483
1926 2558
1926 2615
1919 2615
1919 2137
2137 2319
2319 3949
3949 4596
3417 4596
3417 4497
3387 4497
2407 3387
2407 2955
2582 2955
659 2582
496 659
496 852
852 1985
1519 1985
1519 1896
1896 2282
776 2282
776 3235
1828 3235
1828 3135
2028 3135
2028 3404
1616 3404
1616 2803
2803 4291
2259 4291
2259 3870
3154 3870
3154 4927
872 4927
872 3544
36 3544
36 904
904 4293
2404 4293
2404 4519
2429 4519
2429 4550
1368 4550
1368 2952
2952 3883
2070 3883
2070 2639
920 2639
920 1977
1977 2545
2545 2812
2759 2812
2759 3274
2914 3274
1199 2914
1199 4882
617 4882
617 4554
4552 4554
1007 4552
1007 3627
3252 3627
2468 3252
599 2468
599 4143
3498 4143
1761 3498
1761 3899
2087 3899
2087 2947
2947 3199
2022 3199
1397 2022
124 1397
124 4165
3717 4165
2557 3717
2557 3598
250 3598
250 4791
831 4791
831 1653
1653 4505
4505 4698
2148 4698
1812 2148
1812 3514
950 3514
950 3248
3180 3248
425 3180
425 4517
3537 4517
3537 4622
4622 4914
4069 4914
3862 4069
3112 3862
980 3112
980 4508
1488 4508
212 1488
212 3713
458 3713
458 4731
1049 4731
1049 4749
3980 4749
3980 4644
775 4644
34 775
34 2024
1046 2024
1046 1630
1630 2695
2695 4208
3684 4208
3684 4166
147 4166
147 3428
2964 3428
1056 2964
1056 1314
1314 4273
2560 4273
2560 3376
1418 3376
183 1418
23 183
23 3369
996 3369
996 3432
408 3432
408 4078
3145 4078
1020 3145
578 1020
578 1534
1534 4868
2668 4868
649 2668
649 849
849 3233
964 3233
964 3896
3896 4996
1976 4996
1267 1976
299 1267
299 3477
1155 3477
151 1155
108 151
108 1668
1668 3423
1347 3423
1347 2851
1516 2851
99 1516
99 3612
3612 4106
3239 4106
3239 4361
259 4361
259 4750
4750 4874
254 4874
254 2807
2807 3475
2444 3475
1595 2444
1595 2502
1552 2502
1552 2211
205 2211
205 3212
3212 4860
298 4860
298 453
453 4405
2637 4405
1894 2637
1894 4307
1324 4307
1324 4014
1021 4014
1021 1803
1803 3079
3079 3553
1367 3553
406 1367
406 476
476 4681
3884 4681
861 3884
861 923
215 923
215 574
574 2945
2945 4045
2840 4045
2414 2840
2414 3314
111 3314
111 525
525 2965
2965 4881
4881 4909
3114 4909
2755 3114
489 2755
489 4433
835 4433
59 835
59 2461
2461 4409
3816 4409
3088 3816
3088 3755
2508 3755
2508 3368
3368 3658
3658 3715
3715 4735
1522 4735
1522 4384
208 4384
208 303
303 4446
429 4446
429 4412
2565 4412
1221 2565
1221 4181
3260 4181
3260 3472
1251 3472
1251 2511
2511 2618
2496 2618
2496 4048
1106 4048
1106 3254
1238 3254
1238 1972
1972 2905
2100 2905
2081 2100
2081 2209
902 2209
902 4611
3263 4611
2793 3263
2793 4396
3229 4396
28 3229
28 2781
1939 2781
1939 2661
2661 3342
3342 4795
528 4795
528 4187
4129 4187
2634 4129
2634 4975
711 4975
711 4461
3876 4461
1687 3876
283 1687
283 900
900 1600
1600 2391
2391 4477
4477 4838
3904 4838
2139 3904
2139 4790
2552 4790
2552 2940
1657 2940
1657 4825
3842 4825
3161 3842
2710 3161
2710 3052
794 3052
794 1327
1327 2230
448 2230
448 4636
3234 4636
3234 3922
3922 4259
2669 4259
1281 2669
1281 3919
1988 3919
1988 3109
1167 3109
1167 4539
4539 4960
76 4960
76 3451
1575 3451
937 1575
937 3620
375 3620
375 909
909 4439
1884 4439
1591 1884
1591 3946
1792 3946
1792 4608
4605 4608
2638 4605
2638 4199
573 4199
573 3006
2833 3006
800 2833
800 1296
1296 2208
2208 2596
2596 3276
3276 3279
3279 4256
1393 4256
692 1393
692 4234
434 4234
434 1835
1835 4073
2875 4073
2875 4778
33 4778
33 4686
353 4686
353 3388
1022 3388
1022 2047
2047 3594
2918 3594
2918 3130
3130 4253
3714 4253
421 3714
421 4857
1785 4857
1785 2536
2476 2536
2042 2476
362 2042
362 4939
3589 4939
3589 3752
1671 3752
507 1671
507 1526
200 1526
200 3587
846 3587
846 4900
1338 4900
1338 2320
129 2320
129 2771
1670 2771
1670 2605
735 2605
735 3127
1863 3127
1863 2392
2392 3165
2426 3165
1038 2426
1038 3452
3452 4297
2124 4297
850 2124
850 3168
405 3168
405 3447
3447 4533
2887 4533
383 2887
383 3965
3965 4690
3584 4690
3584 4450
1895 4450
799 1895
799 1887
837 1887
487 837
487 3036
446 3036
446 4084
986 4084
986 4965
4157 4965
3639 4157
1384 3639
1384 3522
1485 3522
403 1485
403 1645
1645 1658
1658 2037
2037 3152
2166 3152
1925 2166
1925 3849
3849 4124
1064 4124
1064 4346
2298 4346
2298 3025
3025 3489
3489 4635
52 4635
52 4637
2854 4637
1027 2854
1027 1721
1713 1721
1713 4624
2623 4624
2623 2904
2240 2904
2240 3206
3206 4549
336 4549
336 3756
3102 3756
1805 3102
1805 4567
3955 4567
2689 3955
2689 2987
2206 2987
2206 4931
1692 4931
1692 3683
2895 3683
2895 3780
3780 4786
3150 4786
3150 3668
3668 4578
2276 4578
1900 2276
991 1900
991 3561
351 3561
351 2267
364 2267
364 3292
324 3292
324 712
712 3508
630 3508
630 3163
3071 3163
1344 3071
1344 4122
1778 4122
1778 3142
227 3142
227 3783
530 3783
530 1184
1184 4021
4021 4531
3394 4531
3394 3814
1649 3814
1649 3122
2184 3122
2184 2852
2410 2852
514 2410
514 3861
3136 3861
2783 3136
632 2783
632 2635
641 2635
641 4805
4262 4805
91 4262
91 97
97 767
285 767
87 285
87 1821
128 1821
128 4839
2580 4839
2580 2652
1576 2652
1137 1576
1137 3462
3462 4438
3905 4438
2925 3905
2113 2925
1831 2113
1696 1831
818 1696
818 2802
1268 2802
1268 3188
814 3188
814 2412
2412 3520
2076 3520
2076 4452
1594 4452
1594 1873
1866 1873
1866 4204
3034 4204
2834 3034
613 2834
613 3162
3162 4969
4705 4969
4705 4761
1320 4761
1320 1915
1915 3291
3291 4685
2416 4685
176 2416
176 1054
1054 4159
3208 4159
2780 3208
2780 4983
2237 4983
228 2237
228 3111
335 3111
335 1103
1103 1412
1412 4059
4059 4713
651 4713
651 3285
1228 3285
1228 3308
2569 3308
2569 4984
2258 4984
266 2258
266 654
654 4288
1581 4288
1581 2609
2609 4271
2352 4271
2352 3326
3230 3326
2264 3230
2264 4311
4311 4559
3016 4559
2727 3016
1177 2727
1177 2195
2195 2543
1909 2543
1213 1909
1213 2472
1283 2472
1283 1806
1806 2566
2566 3840
2764 3840
787 2764
787 3914
1373 3914
583 1373
583 4357
1269 4357
1269 4219
2655 4219
1572 2655
80 1572
80 1329
1135 1329
1135 1776
1776 3370
1813 3370
1813 4929
3443 4929
1168 3443
1168 2470
2470 4358
1732 4358
1732 4206
3742 4206
1955 3742
396 1955
396 3850
3850 4835
2055 4835
658 2055
658 3986
1871 3986
1871 2086
1032 2086
1032 4443
1540 4443
677 1540
677 2570
2012 2570
2012 2308
2308 4046
4046 4375
4375 4966
2577 4966
1979 2577
1913 1979
1587 1913
1587 4516
245 4516
245 4822
2176 4822
422 2176
422 589
589 2080
2080 4725
4112 4725
3471 4112
498 3471
498 3275
2116 3275
1151 2116
1151 2192
672 2192
672 4012
4012 4178
2348 4178
2348 4673
1517 4673
1337 1517
1337 3942
1769 3942
1768 1769
1768 3293
2591 3293
2591 4229
132 4229
132 673
673 2954
193 2954
193 3857
3857 3928
2761 3928
2761 3094
650 3094
650 1675
1675 4844
2126 4844
2126 4647
1058 4647
1058 2221
2221 2740
155 2740
155 3337
2093 3337
2093 4485
4072 4485
1856 4072
1856 2504
1048 2504
1048 3583
932 3583
932 1209
1209 2604
2604 2705
483 2705
483 1929
1929 3941
3473 3941
3473 4722
3100 4722
3084 3100
3084 3211
3211 4494
2628 4494
1918 2628
1918 2946
801 2946
801 4979
995 4979
995 3864
3864 4479
276 4479
276 1523
1523 3486
361 3486
361 1252
1252 2273
2273 2314
2314 4962
3281 4962
3264 3281
915 3264
915 1392
1392 4233
2121 4233
1601 2121
1601 3694
3694 4711
3838 4711
3838 4935
1257 4935
1257 4967
3867 4967
3366 3867
3366 4923
4265 4923
679 4265
679 3819
3302 3819
3302 4308
4169 4308
3623 4169
116 3623
116 538
538 555
555 3317
1013 3317
1013 1333
204 1333
204 1321
1321 3505
1949 3505
1949 3116
3116 3885
577 3885
577 4228
4113 4228
1827 4113
1827 4281
674 4281
674 898
898 2332
2332 3304
2455 3304
418 2455
418 2106
2106 4824
3066 4824
2205 3066
158 2205
158 2236
2236 4712
3375 4712
1346 3375
1346 4083
4083 4382
1886 4382
1886 3159
2988 3159
2439 2988
848 2439
848 3256
3256 4275
4275 4468
2950 4468
2950 4741
503 4741
503 4570
3734 4570
3187 3734
2440 3187
1077 2440
164 1077
164 4943
571 4943
571 1372
1372 3301
79 3301
79 4220
2828 4220
2828 4613
4249 4613
3438 4249
3438 4616
2281 4616
2281 4185
4185 4693
1162 4693
1162 4980
1843 4980
1843 3201
1490 3201
1490 4319
3728 4319
3728 3937
2877 3937
2877 3124
148 3124
148 3494
1663 3494
1663 2172
1858 2172
1858 4537
1259 4537
1259 1275
1275 4458
2588 4458
2588 3139
3139 4332
2499 4332
84 2499
84 4518
1050 4518
1050 1507
1507 2907
2907 4582
2370 4582
1547 2370
1547 4726
4286 4726
2529 4286
1987 2529
1394 1987
1394 4392
2473 4392
699 2473
689 699
689 4977
4282 4977
4282 4330
201 4330
201 2054
474 2054
474 551
551 2754
1617 2754
1421 1617
322 1421
322 3848
3311 3848
3311 4594
2532 4594
2532 4991
3422 4991
1722 3422
119 1722
119 1610
1610 4988
2112 4988
2112 3974
843 3974
843 3023
2367 3023
2367 3004
2249 3004
2249 3636
1219 3636
940 1219
940 3923
3923 4670
1771 4670
1771 3478
3478 4460
1612 4460
1612 2544
1598 2544
686 1598
686 2220
1179 2220
889 1179
889 2937
2004 2937
271 2004
271 4447
1567 4447
862 1567
862 4279
832 4279
832 4168
3096 4168
883 3096
883 1234
1234 2233
1749 2233
1749 4200
4200 4365
3405 4365
3405 4619
1438 4619
1438 1505
727 1505
727 1116
1116 2857
2857 3796
1943 3796
1943 3490
1454 3490
1454 4679
291 4679
68 291
68 4008
3619 4008
2777 3619
905 2777
905 1074
1074 2456
725 2456
725 2213
1756 2213
1756 2813
2813 4683
2130 4683
930 2130
930 1194
997 1194
997 4993
4032 4993
484 4032
484 781
435 781
435 1796
1720 1796
1720 2624
1165 2624
1165 3621
387 3621
387 1156
96 1156
96 3993
3930 3993
3882 3930
1160 3882
1160 4897
611 4897
55 611
55 1789
1789 2765
2310 2765
1104 2310
1104 3298
3298 4226
440 4226
440 3651
2077 3651
2077 4095
4095 4478
752 4478
243 752
243 3149
1425 3149
1425 1460
1142 1460
1142 3134
1730 3134
891 1730
891 1998
1998 2138
2138 2720
1386 2720
240 1386
240 1481
683 1481
683 4241
3625 4241
449 3625
449 1747
558 1747
558 2302
2150 2302
2150 4536
4536 4607
3433 4607
38 3433
38 642
642 4981
1404 4981
1404 2613
2613 3596
1597 3596
1597 3110
1535 3110
314 1535
314 4388
107 4388
107 1272
1272 2817
2514 2817
39 2514
39 2354
2354 4971
4862 4971
1836 4862
1836 3321
260 3321
260 3467
3467 4691
4463 4691
441 4463
441 1628
1499 1628
1499 4338
934 4338
934 4522
2753 4522
2197 2753
13 2197
13 4880
4424 4880
553 4424
553 2162
2162 3174
598 3174
313 598
313 4589
863 4589
863 3268
3038 3268
1043 3038
1043 3646
1509 3646
1509 2060
2060 4404
3309 4404
2390 3309
749 2390
749 4706
3775 4706
785 3775
785 2118
1959 2118
1352 1959
1352 3519
3519 3987
2525 3987
2525 3613
3613 4602
1932 4602
1932 3657
3512 3657
3512 4269
1207 4269
1207 4865
1751 4865
1751 2969
643 2969
643 4407
4407 4523
3788 4523
976 3788
976 3393
1618 3393
371 1618
371 2549
1802 2549
1802 4894
2179 4894
2179 4623
177 4623
177 4104
2464 4104
944 2464
944 4486
2836 4486
265 2836
265 2561
2561 4819
962 4819
962 4114
1626 4114
1626 4047
4002 4047
1862 4002
1099 1862
1099 2330
315 2330
315 633
633 3691
2876 3691
1220 2876
1220 1614
1614 3364
3364 3947
1706 3947
1706 4794
2431 4794
2431 4510
3456 4510
526 3456
526 3454
103 3454
103 1342
1342 4752
1226 4752
1226 2495
2495 3527
3527 3535
1859 3535
1859 2437
2437 4266
2919 4266
2773 2919
2773 2894
2894 4170
588 4170
588 688
688 3711
961 3711
961 4837
2419 4837
2419 3844
398 3844
398 763
763 3194
256 3194
256 4563
1304 4563
1304 2128
582 2128
582 2603
2603 4156
2953 4156
2526 2953
2526 3192
43 3192
43 1739
1739 2920
2920 4003
3588 4003
1786 3588
1786 1820
439 1820
439 2996
2996 4423
1284 4423
1284 4781
939 4781
63 939
63 4334
3051 4334
3051 4569
910 4569
910 1724
1452 1724
173 1452
173 1930
1646 1930
1646 2944
2944 4426
1611 4426
1293 1611
1293 3931
368 3931
368 3466
3466 4595
3963 4595
190 3963
190 1157
1157 3533
3533 3549
3448 3549
3448 4195
3652 4195
3534 3652
2686 3534
2686 4532
4283 4532
1136 4283
217 1136
217 2865
1093 2865
469 1093
282 469
282 1793
1793 3517
1308 3517
1308 1613
1613 4274
3166 4274
3166 3985
3320 3985
455 3320
431 455
431 761
518 761
518 4119
729 4119
729 1052
1052 1701
1387 1701
1387 1861
1200 1861
1200 2260
2260 4568
416 4568
416 2365
561 2365
561 2219
1981 2219
1981 4928
481 4928
481 2692
970 2692
970 2329
1415 2329
1415 2878
438 2878
438 4633
2671 4633
2671 3605
2791 3605
2791 3099
3099 3270
2576 3270
2576 4024
3021 4024
2934 3021
2105 2934
906 2105
906 4770
3470 4770
1559 3470
1078 1559
730 1078
631 730
631 4655
4655 4901
1584 4901
1584 4379
792 4379
792 3741
2744 3741
2744 3118
608 3118
608 3014
1146 3014
1146 2903
2190 2903
732 2190
508 732
508 2182
1448 2182
1448 4757
4757 4813
4432 4813
4432 4774
3294 4774
1174 3294
1174 4671
916 4671
916 4096
1620 4096
1620 4272
3855 4272
3855 4810
1804 4810
1804 3632
3176 3632
1854 3176
565 1854
565 789
789 4614
1879 4614
1879 4245
2853 4245
601 2853
601 3682
3682 4455
2724 4455
845 2724
845 3958
10 3958
10 1110
1110 2830
2830 3637
3637 4378
2640 4378
2640 4814
2583 4814
1498 2583
1498 1533
194 1533
194 4257
1148 4257
747 1148
747 1109
1109 2839
1472 2839
1472 2345
409 2345
409 743
743 4946
3790 4946
3790 4151
3541 4151
790 3541
790 3128
2382 3128
2382 3815
1345 3815
1345 4892
4284 4892
4284 4528
635 4528
635 2379
1107 2379
1107 4544
468 4544
468 3572
1710 3572
1710 2061
2061 3440
1217 3440
844 1217
844 3495
3495 3934
3934 4436
616 4436
616 3045
3001 3045
1770 3001
1132 1770
1132 3469
2422 3469
235 2422
235 2272
644 2272
644 771
771 4780
3340 4780
2701 3340
2701 3661
1967 3661
1665 1967
1408 1665
1408 1619
1619 2650
1518 2650
1518 2387
2387 4556
1079 4556
539 1079
539 4590
3843 4590
2376 3843
1524 2376
1524 4587
4587 4643
1053 4643
1053 3008
1819 3008
1819 2486
2486 3146
305 3146
305 2144
2144 3282
639 3282
639 1453
110 1453
110 4976
4400 4976
1975 4400
1975 4657
3284 4657
3284 3379
3379 4841
3271 4841
72 3271
72 2043
2043 4026
4026 4189
3047 4189
2892 3047
2892 3551
2318 3551
2318 4720
2268 4720
2255 2268
550 2255
550 1288
1288 1543
1543 4631
1986 4631
1799 1986
1495 1799
1495 4910
1545 4910
1545 4833
3484 4833
3484 4232
965 4232
965 3860
3860 4225
415 4225
415 2888
2226 2888
2226 2315
450 2315
450 1062
1062 1215
1215 2450
2450 4811
1001 4811
1001 2008
1849 2008
92 1849
92 188
188 1700
1700 3757
2806 3757
2199 2806
2199 2621
2621 3681
1852 3681
575 1852
575 1881
1045 1881
1045 1707
352 1707
352 933
77 933
77 3269
1134 3269
1134 4370
1794 4370
1794 4410
3830 4410
2563 3830
1994 2563
1994 4019
4019 4926
3119 4926
622 3119
622 2363
1907 2363
1907 3806
1890 3806
1890 3887
1326 3887
1326 2936
2290 2936
226 2290
226 3416
3249 3416
864 3249
864 3181
3181 3463
3463 4661
2506 4661
1690 2506
1690 2129
770 2129
656 770
656 4547
2361 4547
1349 2361
941 1349
941 2728
2728 4884
2958 4884
2958 3242
3242 4954
2388 4954
2388 2694
1719 2694
1719 2973
2973 4052
3070 4052
3070 3915
1927 3915
1927 2009
2009 2289
2289 2656
2656 2820
2014 2820
2014 4506
4005 4506
4005 4430
3449 4430
3449 4394
2718 4394
2718 3267
3267 3655
3426 3655
48 3426
48 4654
2463 4654
445 2463
445 2762
2762 4074
2977 4074
231 2977
231 3126
2451 3126
854 2451
765 854
765 3829
1795 3829
871 1795
871 4343
4261 4343
3217 4261
2527 3217
165 2527
165 169
169 3421
3421 4542
1622 4542
1622 4908
3450 4908
786 3450
786 4913
461 4913
461 603
499 603
499 1850
1850 2584
741 2584
741 1464
1464 4051
3316 4051
2990 3316
2990 3171
901 3171
901 1991
1991 2798
2798 4653
4653 4692
4339 4692
3878 4339
3487 3878
693 3487
693 2097
2097 2559
2559 4729
1948 4729
1948 2960
2960 4390
2974 4390
1231 2974
1231 2912
2044 2912
1550 2044
1550 2698
2698 3874
3874 4190
4190 4408
1650 4408
1650 4951
4218 4951
4218 4995
179 4995
179 3062
3062 3700
1419 3700
1419 4799
4799 4888
1685 4888
1685 3689
3689 4216
1677 4216
1677 4972
2574 4972
2574 4434
1695 4434
1596 1695
1596 2869
7 2869
7 1145
1145 3991
2235 3991
1920 2235
1920 2299
1699 2299
1699 2377
286 2377
286 2068
83 2068
83 354
354 2418
2418 4299
4299 4776
2926 4776
1952 2926
1952 3419
2906 3419
2049 2906
1322 2049
56 1322
56 2542
1119 2542
