1000
)}{(]){)[](([}))([]}]]{[)]]{)(((]{[)((([}[[}])})][){(](]([)]))]([[()([()])}){)}{()[)))}{}{][](}()[))))[[({(({){){]](]))))]]{(]}({])]}){(){{)[]}]}})({{){]]{{}[({}[{][][([{{}{[[{}{}{([])}[{)})]]){}{]}([[[[}(}]][}[{{{{]}}}{[}}(])]}({{{]))[{[{(}]((({)([))){[(]()(])(())]]}([(}{{(]][)}]{{}[()[])()))(]{({{[[)(])[((]())(){){(](})[)[{{([{)}{[[{{({[)})}}[)}[{({(}]({[)}}{){}(}([{){{[{((){()[[{))()[{])}))))[)){()[(]{)})[)]}]]([)))(])]{[(}]][())[)([}[}{}])))]({(]]({}]][)}(]}[][))}}][}[][[)()])(([}}]]{{[{(({}(})[({(}]){{{({({]()(}({{)[{{(){)]]][]}[]]}}[(}{)}[[)})}]({]}}))[}]]())]([)([[[(]}]))[[[{)(){)[({{}[[}))}{}{)[}((){({])}({){))}(){{){(]})(]}(]))[{{)[{(}())[]}}((({](}){}[}[{]]][{[)({]){]))]{([][{][{([})({[([({](}()]]([])}({})}])][[][]{({[)(][]{(}[])[{{}}(]]]]]((()))[(}{}(][[[]}{{)]}[{]))[)){{)[)](]{([(}}[)}}([({[[})[)){{]]}(]){{[{]{)(}}})(}]{](}{]]{{(}{(){)}[{[][{()}))[[(}[)]}({]({{]]}[{[}]()])}()[){]((}[])((][(())[[(}]]}{[]}{}{[(()]][{[)({))}{[([](({]}])[{})](]()[[{{[[]{{{}])}]](}[)[}[)}(}}}]){
176 261
607 529
750 456
607 938
555 640
555 688
555 76
555 590
607 374
607 104
574 507
555 101
607 468
555 751
555 789
607 45
555 476
555 438
555 763
607 151
555 805
40 587
607 418
607 113
555 956
555 364
607 817
750 380
555 227
555 606
555 138
607 537
555 779
607 272
607 310
555 661
607 542
555 108
555 252
607 568
607 816
607 144
607 622
574 153
607 887
555 577
607 885
607 987
40 354
750 629
607 801
607 288
555 12
555 510
750 856
555 675
555 673
574 194
555 20
555 795
607 368
555 639
574 860
555 41
607 379
555 778
711 178
607 355
607 988
555 304
607 699
607 819
555 834
607 962
555 300
555 775
607 809
607 140
555 921
607 64
555 50
607 475
607 461
607 803
607 937
607 994
607 892
555 423
607 911
555 413
607 120
555 696
555 215
555 853
750 414
574 38
607 786
555 436
555 875
607 289
40 793
607 740
607 273
40 100
750 327
555 22
607 678
555 961
607 781
555 525
607 277
607 270
555 881
607 334
574 654
607 872
607 583
555 66
555 546
555 922
607 859
607 106
750 229
555 133
607 188
555 829
607 16
607 527
607 81
555 48
607 443
607 307
574 811
555 336
555 141
607 233
774 979
607 1
555 532
607 478
555 746
750 958
750 90
750 255
607 969
607 429
607 427
555 900
607 61
555 910
555 535
750 989
607 360
555 342
607 854
607 638
555 320
607 665
555 865
607 776
607 118
40 259
555 773
607 10
555 59
555 694
607 666
555 867
607 686
555 650
607 302
555 968
555 582
555 382
750 338
607 193
207 818
555 658
555 69
555 978
555 884
555 919
555 280
555 15
607 74
555 951
750 196
607 404
555 128
607 602
555 948
607 105
40 558
607 419
555 631
607 835
607 321
607 657
555 993
607 177
774 983
607 586
607 203
607 305
574 724
574 337
607 332
555 17
607 967
607 618
555 437
555 561
607 683
555 293
555 669
607 758
607 95
607 103
555 947
750 946
607 324
555 506
607 580
555 422
574 598
607 82
555 416
750 67
607 578
607 680
607 771
607 353
607 526
555 749
607 489
607 611
750 172
607 444
574 536
607 907
607 462
607 396
607 560
555 518
555 591
40 913
607 517
607 521
555 932
555 950
607 157
607 176
574 620
607 955
555 426
555 179
555 7
750 566
607 710
607 926
555 72
40 226
607 208
607 827
607 574
574 826
607 483
555 842
607 127
555 93
607 145
574 734
607 408
555 567
555 890
607 659
607 908
607 409
555 923
574 298
774 822
574 356
555 27
607 687
607 209
555 544
555 195
607 741
607 616
607 848
607 434
607 605
555 23
574 306
711 385
607 821
750 556
607 244
607 42
555 806
607 341
555 756
555 56
555 395
607 662
607 110
555 559
607 719
607 174
607 585
555 516
607 51
607 213
555 768
607 53
555 942
40 492
711 794
555 920
607 432
555 276
555 931
555 876
607 47
555 862
607 637
555 345
607 410
555 200
750 239
40 164
555 331
607 401
555 376
607 632
607 282
40 886
607 543
555 571
555 454
555 44
607 945
555 738
555 698
607 712
750 97
555 349
555 646
555 319
555 604
750 909
555 866
607 91
607 728
607 34
555 391
607 555
607 251
555 767
574 371
607 864
555 291
555 975
555 531
607 246
607 169
555 982
607 221
750 405
555 895
607 832
607 28
555 130
555 136
607 65
607 262
607 540
750 707
607 367
607 697
555 861
607 824
607 709
555 695
750 642
555 624
555 433
607 918
750 257
555 498
40 934
607 450
607 377
40 486
607 115
750 660
574 52
40 914
750 155
555 855
555 769
607 519
750 411
555 869
555 80
555 421
555 467
607 295
555 730
607 973
607 850
607 573
555 839
607 718
607 281
555 449
555 135
555 343
555 466
555 480
750 173
607 216
555 102
711 297
607 263
555 400
607 78
607 668
555 451
555 373
774 54
555 25
555 840
607 564
607 833
607 871
750 388
607 524
555 874
555 473
555 85
555 628
750 674
555 846
555 549
607 970
555 470
750 265
555 496
607 996
607 453
574 166
555 720
607 917
607 782
750 949
607 830
711 212
555 663
607 4
555 245
607 21
607 844
555 435
555 60
574 636
607 211
607 575
555 269
607 609
750 214
607 250
555 165
607 765
555 957
607 352
555 185
607 79
555 292
555 672
750 700
607 458
555 403
750 13
607 648
607 554
555 702
607 5
555 612
607 62
555 392
555 137
555 998
607 445
607 897
574 562
40 123
607 131
555 191
607 192
750 375
607 152
555 841
555 146
607 985
607 253
607 520
607 838
607 309
607 284
750 89
555 503
607 237
711 755
750 168
607 713
607 171
555 248
555 218
750 350
555 788
555 936
750 851
555 290
607 941
607 71
555 703
607 99
555 29
555 943
607 98
607 325
607 935
555 901
750 652
607 670
607 330
607 743
607 322
555 928
607 701
750 14
607 742
607 0
607 299
607 588
750 363
555 538
555 581
711 664
574 651
607 655
750 247
607 362
555 721
607 992
555 944
607 254
555 903
774 579
555 863
774 792
555 676
607 278
607 882
607 893
555 148
607 613
607 548
607 641
607 109
607 502
607 242
555 633
555 645
607 515
574 24
750 359
607 980
607 474
40 565
555 954
555 690
750 190
607 711
607 198
750 150
607 116
555 831
555 86
607 235
555 205
555 847
607 399
574 219
555 294
607 207
607 600
555 35
555 197
574 163
555 541
607 891
750 504
607 33
607 271
607 402
607 267
750 159
607 365
607 621
555 868
607 614
555 58
555 753
555 754
607 610
555 787
40 301
555 119
607 997
607 92
555 592
555 512
607 397
607 634
555 739
750 46
40 593
607 440
607 706
607 953
711 132
750 653
607 552
555 761
555 274
711 929
555 497
555 311
555 802
607 260
750 963
555 597
555 810
555 63
607 36
607 599
607 37
555 317
555 161
607 759
750 522
555 347
555 603
607 314
555 431
607 570
750 685
607 117
607 630
607 361
555 857
607 383
555 563
555 18
555 727
555 533
607 750
607 223
607 420
750 19
607 964
555 889
607 790
607 925
750 129
607 981
607 40
607 124
607 732
555 747
607 843
607 26
607 649
607 6
607 170
555 785
555 729
555 264
555 731
555 339
555 511
607 55
555 49
607 351
607 222
607 757
607 477
555 479
607 464
555 930
574 825
555 557
555 615
750 84
555 684
750 77
607 387
555 465
555 258
607 896
607 523
607 199
750 428
555 617
555 83
750 234
555 424
555 569
607 175
607 230
40 463
607 879
607 182
711 315
555 635
607 158
40 766
555 490
607 873
555 693
555 442
555 31
555 488
711 594
207 357
555 406
555 770
607 744
555 430
555 671
607 784
607 189
607 716
607 813
607 508
750 134
555 482
607 224
555 312
555 647
555 752
555 181
711 94
607 381
607 804
40 370
555 186
750 899
555 366
574 791
40 966
607 231
607 236
40 323
207 681
607 798
555 514
607 722
750 326
555 249
555 328
607 912
555 986
607 398
555 545
750 704
607 369
607 9
607 378
750 677
555 837
555 394
607 736
555 457
607 679
750 799
750 96
750 111
555 30
555 904
607 348
607 333
555 995
555 984
750 601
750 210
607 916
555 184
607 828
555 107
555 160
574 509
555 493
607 154
750 596
750 11
607 240
555 626
607 717
555 469
607 88
555 623
607 880
555 389
750 807
774 990
750 481
555 800
607 57
555 619
607 656
40 386
607 977
750 390
555 877
555 733
607 346
607 959
711 692
607 933
555 737
555 572
607 201
607 999
750 87
750 43
607 217
607 8
574 448
555 991
607 513
555 952
555 836
555 126
750 689
555 960
607 335
607 965
607 852
607 553
555 425
555 812
207 285
750 714
555 627
40 808
555 906
607 971
607 682
607 447
555 243
607 2
607 39
574 125
555 139
555 340
607 547
607 878
607 858
555 764
607 268
607 814
607 225
555 484
574 500
607 471
607 715
555 187
607 505
607 723
607 528
555 147
607 446
607 3
750 393
607 344
607 149
607 939
607 68
607 313
555 275
607 238
574 459
555 491
40 589
607 287
607 777
607 974
555 329
555 708
607 318
555 266
607 70
555 726
750 358
750 372
607 534
607 644
607 256
607 725
607 112
607 183
574 384
607 762
555 485
555 499
574 441
607 774
555 905
607 455
750 286
607 452
607 495
750 888
555 940
607 412
607 296
607 279
555 643
750 202
750 915
555 849
555 820
607 142
607 845
555 976
574 735
607 114
607 283
555 625
607 760
607 122
555 415
607 220
607 121
750 501
607 898
607 551
607 472
750 780
607 167
555 228
607 232
607 667
574 705
555 73
555 823
607 32
555 417
555 316
607 745
555 143
555 241
555 797
607 902
555 206
555 691
607 308
607 530
607 927
574 539
607 924
607 972
40 439
555 487
607 608
555 870
607 595
607 576
607 460
607 204
555 894
40 783
607 494
555 796
607 180
607 407
555 162
607 156
555 748
555 75
555 584
555 550
555 883
555 303
555 815
607 772