500
}}[][}[)[([{{([)}}[{}})}}{][{}{[([}(][}[(]][([({]][[(][([{{[(](([]])()[)))](([)]{]((})(][{{]{[)}][(]{][(][){}{)}){{))]]]({]{{{){)}[[(][[){[[)(}}}({)[[{)}}{(][}]]](]({]}[{{)[([))}[){])}][{}))]{(][)}(]((}}))(}]{)}{){}[]{)()}}]}(}[)}){{()[{{)[}(}]]](}}{({}[(]}()[{(}){{}]((([]])({}[]}[(}][])(](]](}{{}}{({[(]}){)[[[{(]{[[[{{{][)))(]])}[}}{]{([{}){[[}[[}[[{}(}}}]]{(({])[())(([)[(({[])(([{{{]]])]}]}(}((}}({{}}([{[[]][[}[}]}([{(](]](){}{]}(((}]{(](})([])))](}]{({{}})}}){(])})(}]([]]{[{{])(}}[})(}([))((]
354 461
354 262
354 337
354 143
354 437
354 378
129 477
451 68
354 224
451 112
354 84
451 360
354 20
451 323
354 246
354 100
354 115
372 468
451 232
354 252
451 102
354 481
354 44
354 129
451 69
372 9
451 282
354 309
354 154
354 1
354 170
451 375
354 10
354 330
354 182
451 148
451 110
354 400
354 94
354 324
354 163
451 376
129 364
2 414
354 390
451 107
372 417
354 363
354 46
451 8
372 290
354 299
354 397
129 28
372 201
354 60
354 361
451 120
354 72
354 410
354 287
354 352
354 286
354 15
354 123
372 29
354 391
451 39
354 370
372 348
354 312
354 470
451 253
354 251
354 38
354 142
354 473
451 439
354 26
354 150
354 345
354 369
354 453
354 475
354 200
129 50
354 368
354 377
354 329
354 255
451 70
354 440
451 279
354 372
451 113
354 430
354 289
129 399
451 104
354 221
354 258
451 63
354 425
451 198
354 188
372 190
354 162
354 268
354 211
354 144
372 47
354 168
354 374
354 288
354 62
354 111
451 379
451 263
354 71
354 472
354 33
354 210
354 133
354 138
269 398
354 185
372 292
451 349
354 452
451 61
354 366
451 165
354 316
354 85
354 230
451 25
354 318
354 404
354 131
129 271
451 285
354 30
129 297
354 87
451 463
354 127
354 464
372 493
354 479
451 488
354 158
354 36
354 88
354 478
451 482
372 179
354 385
354 342
354 428
451 409
354 304
354 434
354 467
451 82
354 387
354 215
354 139
354 156
354 320
354 456
354 228
354 152
451 239
354 24
354 177
451 249
354 57
451 394
451 130
451 192
2 73
354 383
129 219
451 442
451 191
354 343
354 459
354 2
354 16
451 431
451 227
354 49
451 294
354 443
354 164
354 235
372 124
354 284
451 118
354 278
354 41
354 217
354 214
242 484
354 178
372 93
354 315
354 435
354 27
354 293
451 281
354 317
451 486
354 237
354 171
354 308
354 247
354 125
354 392
129 276
354 51
451 157
354 332
451 59
354 311
129 145
129 356
354 314
354 213
354 496
129 42
354 418
451 277
354 187
354 424
372 81
372 353
372 78
354 405
451 160
129 167
354 183
354 447
451 254
451 351
451 76
451 280
372 208
354 389
451 438
354 54
354 451
354 52
354 108
354 393
354 313
451 275
354 199
354 151
354 448
372 80
354 248
354 7
354 423
451 300
129 122
354 487
354 35
354 347
451 75
354 367
354 328
354 212
354 307
372 206
354 114
354 21
354 79
242 3
354 194
354 335
451 495
354 189
129 19
451 303
354 34
354 421
354 233
372 166
451 422
354 97
129 441
354 146
2 373
354 259
354 446
451 455
354 186
451 413
354 136
129 96
354 256
354 359
354 140
354 236
372 386
354 449
372 498
354 18
451 58
354 56
354 358
354 119
129 445
354 471
129 295
354 234
354 149
354 155
354 14
354 45
354 336
354 474
354 350
354 273
129 291
354 12
451 491
451 238
451 480
451 416
451 205
354 371
354 134
354 310
451 302
354 55
451 331
354 22
354 135
354 466
354 419
354 388
354 90
354 339
451 476
354 485
451 153
451 420
354 67
354 340
354 257
354 267
372 296
354 17
354 365
451 172
129 384
372 334
354 181
354 184
354 43
372 406
354 483
354 444
354 197
129 458
354 48
129 357
372 193
354 407
354 381
129 137
354 5
354 241
354 462
129 243
372 245
354 128
451 105
372 395
354 173
354 489
354 450
354 250
354 264
451 207
129 225
451 432
354 161
451 169
129 465
2 13
451 91
354 411
354 265
129 218
451 325
354 321
354 244
354 301
451 402
354 203
354 269
2 454
129 98
354 92
354 338
129 306
372 222
354 427
372 117
354 401
354 204
354 65
354 270
354 103
451 341
354 176
451 83
354 492
354 101
451 31
129 346
354 40
269 196
354 499
354 497
354 4
354 380
354 195
354 242
451 53
354 415
354 333
354 180
354 220
451 382
354 229
354 6
372 436
451 126
354 469
451 355
354 322
354 0
354 260
354 460
354 429
354 396
354 327
354 159
451 141
2 326
354 109
354 174
451 77
354 426
451 95
354 298
354 132
451 202
354 223
354 106
354 231
354 216
354 344
354 32
354 74
354 433
354 362
354 319
129 11
354 99
354 408
451 272
354 403
354 66
451 89
129 305
354 283
354 457
354 37
354 240
354 175
354 494
354 64
354 490
354 147
451 116
354 226
354 209
354 274
354 261
2 86
451 412
354 23
354 266
354 121