1000
]}))[(][]({)[[)})}{)))[}[[]{][){]}{{{][][]))[{[)[)))([(}((){{{}}[}}}[[{{][}[(})(]})){}])()[)[}]{(}()}}}]((}{[(){[{}{]{(}][{[[)[{()(}}]){}(]())(]}])[{[[[))[{(])[){{())][{][][){]}[}((({)}}{)(][{][)[){(}[)}])(([][[})()(}[(}}[}}][)[]{)][(}})(}())}{}){}]{}]{{)]))(({[{[(})))}])([){][{((){[}[({{{)](]{]([}({)}}}}]]{}[}}{(}[}{([}])[)}}]{{}(}{)][)}}(]})]]]()]{]]}))(({(}){{(]))([)[(])}]]]])(){)[[][]]{[[{)]}[}]){((({}([}{[{{}{]][[{}[[][([](())}}{(}{}{)]]}[[[()}[)}]]}]{()({)]){{{{]}[{]])((]([[]{](}}})}()]{)[(}])(]}()})(]{[{](]((}}]{((]]((}](]]{)(]}][}}[})}}{)[[()[[]})){{[}(}]}[({({{(}({}[{({}][{)()]))][][{[{)[[}}[}){})}[}}}([)}()[][{]){])(][(}[)({}{)))]})()]{([{{}(){]{]())))]][]({]]){((([{][]]((}[}([[){))}}[]{[{))}{}[]([])]{}{([})}()][][({{][}(]{}[}{()]((](]}))[[[){{)){[}{[){}}{]})})(]}(]{)}(()([)(][]})))}[({[}{(]{{)](}}{{(][]]{]{}])][(})[){]}])}{}][)[]]]()))])]{[(]((}]{]{]}{}}))[[](){()((}})[}}[]](}([]}))}})[([)[])({[[})}]{}[)((}(][}{])}{{{]}[{)(({})){]}(]{)}}[)[[{{[()){()(])}{[{{][[()(}{(}])[])[(
163 306
163 796
796 805
796 592
163 534
163 92
400 325
163 490
796 220
163 547
796 346
163 0
163 453
400 551
796 780
163 218
163 27
400 410
163 920
796 923
796 189
163 979
796 476
796 929
796 147
163 730
163 945
796 859
163 28
796 259
796 627
163 517
163 667
163 16
163 480
163 468
163 244
400 672
163 874
163 307
796 751
796 253
796 109
163 385
163 159
163 972
400 617
163 272
163 933
163 999
796 173
163 345
163 656
796 465
163 773
11 935
163 339
163 645
796 274
400 18
163 914
163 49
163 73
163 823
163 965
163 982
796 697
163 536
163 755
163 351
796 293
796 487
796 954
163 304
163 108
796 904
163 479
796 190
163 864
163 720
163 649
163 602
163 983
163 418
796 437
163 782
163 869
163 863
796 486
163 723
163 177
163 613
163 994
163 669
163 463
163 883
163 88
400 186
163 611
400 498
163 749
163 756
163 397
163 303
796 574
796 912
163 818
163 504
163 440
796 433
163 699
163 373
163 358
163 113
163 609
796 231
163 211
163 826
796 72
400 138
163 195
163 650
163 748
163 778
796 898
400 532
796 95
163 964
163 845
163 224
163 820
163 887
163 160
163 187
163 204
796 783
796 443
163 29
796 23
11 719
163 943
163 932
163 407
796 634
163 962
796 689
163 772
400 763
163 567
796 43
400 647
796 676
163 150
400 295
796 427
163 290
163 798
796 784
163 461
163 519
796 833
796 675
163 939
163 31
163 568
163 68
163 299
400 700
163 712
163 471
163 800
163 511
796 142
163 678
796 607
796 715
796 87
163 283
400 409
163 298
796 130
796 75
301 847
163 674
163 194
796 529
163 660
796 45
163 577
796 533
163 911
163 143
163 431
796 970
163 802
400 439
163 632
163 85
163 164
163 808
163 66
796 483
163 423
163 825
163 1
163 940
163 564
400 428
163 995
163 924
163 420
163 172
163 145
163 197
163 831
163 539
796 458
163 578
163 638
163 785
163 386
400 843
163 942
163 793
796 561
163 813
163 129
400 562
163 2
796 282
796 79
163 682
163 219
163 379
163 765
163 907
163 365
163 12
163 268
163 384
163 709
163 40
163 591
163 319
163 14
163 811
163 131
163 447
163 948
163 193
163 535
163 393
163 764
163 377
796 477
163 349
796 804
796 323
163 839
163 449
163 589
400 196
163 270
163 692
163 396
163 921
163 812
163 441
163 641
163 853
163 493
163 455
163 622
796 803
796 162
163 891
163 30
163 10
796 900
163 636
163 601
796 881
163 610
163 264
163 862
400 226
163 605
163 786
163 475
400 153
163 752
796 525
163 278
163 931
163 67
163 834
163 104
163 549
400 886
163 105
400 209
163 470
163 166
163 949
163 122
796 411
163 575
163 836
163 452
163 182
11 576
163 261
796 910
163 990
163 615
796 644
163 776
163 595
163 671
163 165
796 100
163 959
796 398
796 53
796 842
796 214
163 642
163 412
163 246
163 363
796 450
163 810
400 503
163 885
163 39
796 213
163 315
163 630
163 767
163 90
796 457
163 548
163 405
163 922
163 8
163 217
163 110
163 510
163 861
163 422
796 841
163 491
163 777
163 571
163 827
163 758
796 563
163 367
163 70
163 180
163 454
163 230
796 86
796 640
796 271
796 729
163 956
796 882
163 149
11 787
163 448
163 297
163 353
400 527
796 888
400 313
163 425
163 889
163 317
163 587
163 82
163 429
796 909
163 191
163 619
400 451
163 181
163 243
163 245
163 251
163 301
163 543
400 759
796 684
163 394
796 41
163 56
163 876
163 952
163 222
796 915
163 686
163 46
163 951
163 867
163 236
163 677
163 552
163 722
163 726
163 918
163 265
400 753
796 984
163 754
796 258
163 206
163 872
400 507
796 538
796 239
163 221
163 557
163 788
163 846
796 496
163 621
163 334
163 248
163 280
163 311
163 875
163 275
163 499
163 256
796 120
163 383
163 174
163 717
796 608
796 514
796 54
163 71
163 472
163 631
163 5
796 528
163 401
163 446
796 908
163 500
163 357
163 944
796 474
163 34
163 101
163 154
796 694
163 747
163 662
163 126
163 464
796 505
796 50
796 9
163 520
163 497
796 794
163 744
163 158
796 870
163 828
163 205
163 388
163 968
163 3
796 456
163 879
796 821
796 234
163 144
163 103
163 616
163 791
796 727
163 89
163 524
163 832
163 537
163 713
163 489
163 55
796 702
163 663
163 294
400 518
163 269
163 969
163 207
163 77
796 661
163 958
163 739
163 966
163 64
796 402
163 509
163 680
163 171
163 583
796 460
796 550
163 612
163 350
796 506
163 658
163 871
796 724
163 704
163 896
163 136
163 375
163 426
163 987
796 766
400 364
796 389
163 857
163 279
163 809
163 235
400 625
163 600
400 736
163 890
163 227
163 178
400 523
796 558
796 216
796 117
163 342
796 840
796 417
163 17
163 318
163 32
163 555
163 927
796 376
163 266
163 892
163 604
163 849
796 284
400 432
796 341
163 971
163 779
163 185
400 597
163 488
796 585
400 118
163 554
976 878
163 208
163 950
796 819
163 986
400 116
796 695
400 743
796 546
796 579
163 530
796 903
400 718
163 792
163 711
163 348
163 352
796 360
163 556
163 36
796 21
163 928
163 392
163 731
163 281
163 35
163 135
163 586
163 541
163 285
163 769
796 267
163 495
796 133
163 741
400 121
796 168
163 74
163 637
163 701
796 664
163 134
163 57
163 382
163 24
163 322
163 941
163 835
796 848
400 332
163 257
163 485
796 99
163 175
163 895
163 633
163 685
796 328
163 48
163 302
163 877
163 444
163 584
400 146
163 316
796 262
163 80
163 223
163 953
163 156
163 91
400 624
400 795
796 362
163 974
796 98
163 242
796 654
400 202
163 44
163 308
400 657
163 738
163 997
796 797
163 599
163 391
163 415
163 581
163 937
163 830
163 96
163 860
163 354
163 873
163 4
163 76
796 60
163 139
163 771
163 115
163 513
163 492
163 237
163 629
400 936
163 570
796 854
163 967
163 111
163 292
796 691
163 97
163 648
163 973
796 737
163 963
163 705
163 188
796 590
163 565
163 985
163 806
163 515
796 276
163 494
163 107
163 65
163 69
163 659
400 324
163 151
163 141
163 516
163 906
163 22
796 255
796 15
163 148
796 260
163 522
163 33
796 119
796 992
301 865
163 184
400 309
400 331
163 94
796 238
163 155
163 930
163 502
796 768
163 310
163 400
163 635
163 430
163 333
163 614
163 215
163 651
796 855
163 946
796 799
163 128
163 976
163 978
163 404
163 815
163 62
163 770
400 866
163 169
163 327
163 435
796 26
163 740
163 406
163 359
163 938
163 646
163 569
163 228
796 893
163 902
163 961
163 762
796 512
163 540
400 653
163 666
163 757
163 20
163 728
163 733
163 336
796 326
796 335
163 598
163 355
163 916
163 560
163 249
796 157
163 343
163 399
163 320
796 370
163 706
163 789
400 176
796 413
163 416
163 366
163 459
163 288
163 442
796 746
163 698
163 225
163 124
163 856
163 588
163 521
163 445
796 822
163 140
163 347
796 807
796 582
163 212
163 469
163 531
163 838
163 421
796 596
796 957
163 424
163 696
796 25
163 330
163 289
163 919
163 250
163 42
163 84
163 975
163 947
163 687
400 19
163 725
301 161
163 305
163 170
163 408
163 852
796 851
163 742
163 735
163 371
163 761
796 721
163 114
796 553
163 774
163 683
163 277
796 58
163 775
400 559
163 824
796 977
163 7
163 183
163 467
163 626
163 296
163 51
796 478
163 955
163 880
163 434
163 618
400 868
163 361
163 369
163 573
796 59
163 372
163 850
163 132
163 603
163 934
163 192
163 52
796 127
163 526
163 829
163 544
163 993
400 473
796 291
163 901
163 606
163 344
796 167
163 83
163 690
400 623
163 273
163 232
163 102
796 263
796 152
163 981
796 286
163 707
163 670
163 112
796 203
796 200
163 438
163 11
400 996
163 93
163 368
163 13
163 395
163 926
163 750
163 125
11 693
400 356
163 381
163 858
163 37
163 403
796 668
163 338
163 655
796 482
163 816
163 673
796 508
796 899
163 817
400 745
163 78
163 988
163 390
163 628
163 123
796 179
163 593
163 620
796 414
163 665
163 801
163 466
163 716
163 703
796 6
796 233
163 314
400 38
163 201
163 681
163 708
796 652
163 991
163 814
163 199
796 905
163 837
163 329
796 374
163 337
796 63
163 254
796 312
400 106
163 760
163 340
163 894
698 710
400 47
163 980
796 229
400 387
163 545
163 252
796 732
163 884
163 484
796 240
163 81
163 287
163 380
163 542
400 781
400 247
163 572
163 436
163 714
163 913
400 566
400 462
163 378
163 998
163 198
163 960
796 481
163 790
163 137
400 925
796 679
163 210
163 419
163 300
400 501
163 734
163 917
163 688
163 989
163 594
400 643
163 844
163 321
163 580
163 639
163 241
163 61
796 897