1000
){}[{}}}){])(}[(]{(]{([}{}({{}][{)[{{(((]([)})[]}())([}({])}{])[(][]()({[)]{}]{][}](])}}])){(){[[{]]{](}))}])({[)[[{{[}([}}({[][[([[]([)[({]{]{[}}[}]}[]]({{{}{[[)([){}){[{)(({]})]}]{([[)})(]{[)[({[}{()}{()(}()](}{{]}{]{{)]}(](}}[})([}}{[[)[}[({])(}[]{)]{}{){([{(([()[))({})}{{}[(()}(])([{](]){}([]{)[)){[]{[[({(()))}()}{(]{([(}}{](})]{([)[([)]}}}]]{{}}([}))((]{)(}](({{)(){({][[]({[]}](([){})()[()(([][[{[}]}}})}{]]]}}{]([}]{]}[{(}([}{{)){[)[{})((({)]}]{([}(]])[{])(}))}[][}])]}](((]((([][)[{)]){))){])]{(]()([}((][)(]{[)[){]]((])}}}))[)(}{)[){)]{}][(]}]}))([(({({()}{}[}]]]}{(([(){){}}{(]((({{[{}([((}}({[}]{[}[{](}{)])][)]}{()]][){]][{})[[)({{[(})}([)}))(((([{)[}}({{})](]))))((()][]{{(]([{[[[][)(]}]{))[])(]}]{})][(}]([}{]}{}]})[}[({]{{[{}][)](}}]({]}))[){[{(}{(]()}[){{){{[})){[})({])){({)[[[)(]]){)[[})][)[)()))}}]}][}]((({}]{{))(}[}][()({{({[{}{{])}[[[)]{](][[(])](({}){(]}[]()}(()[(){[{])})}(({()(){}[{(}([))]][}})]{(}[])[}[[{{}([{[()[]}()]]]][{[]}[[]]{(}){[{[[([[((}(}({))}}{)()}[]}[(){}]))[]
740 534
728 768
459 140
14 390
357 436
261 893
589 795
121 248
838 139
470 22
114 595
987 434
907 568
350 196
295 387
97 337
888 512
242 981
993 611
925 976
53 653
746 658
665 845
493 555
296 961
41 87
984 29
534 63
747 923
923 863
926 896
839 663
313 506
889 567
4 244
17 275
718 54
644 363
387 312
103 273
844 573
178 820
750 181
773 85
182 775
550 192
68 784
645 8
345 396
150 826
437 519
213 263
593 493
855 968
663 564
623 404
194 957
130 668
272 726
200 302
851 608
339 732
134 623
805 902
319 745
969 58
708 806
664 539
11 138
728 847
224 556
926 65
722 32
587 780
307 650
271 205
963 886
105 586
383 107
897 535
544 455
594 121
228 418
190 505
571 494
545 432
326 149
66 761
958 963
254 576
270 483
314 631
105 344
831 865
496 547
306 929
488 510
363 277
741 471
850 348
878 397
418 900
66 925
111 338
23 237
568 447
797 198
676 284
516 108
420 999
53 286
505 627
474 157
570 123
628 3
799 289
822 480
20 223
554 624
519 466
706 0
157 654
175 773
848 129
203 971
607 998
515 41
192 243
608 370
213 946
109 827
937 332
160 605
304 913
51 892
471 120
448 386
246 318
22 12
751 628
945 571
844 227
895 255
883 869
73 72
596 269
262 508
599 219
351 308
161 104
841 986
233 498
102 251
858 909
679 307
778 919
554 407
142 199
557 147
61 697
102 967
172 290
583 402
527 75
44 818
67 708
549 822
559 482
551 952
731 239
89 135
508 225
71 739
285 871
257 300
64 428
931 377
720 582
363 549
329 527
189 723
421 895
517 583
389 488
2 562
873 406
904 660
506 375
681 416
637 733
752 758
795 810
711 592
650 619
782 520
169 536
759 411
91 137
311 802
149 424
153 692
659 652
144 718
438 453
630 334
467 355
833 888
563 704
26 883
839 696
170 800
44 81
85 831
272 311
249 956
405 184
713 173
247 640
663 874
109 55
602 635
635 301
104 249
86 786
924 464
403 304
988 193
16 101
223 30
315 282
100 68
764 441
725 924
788 201
604 191
357 781
370 915
382 803
872 904
198 864
842 19
91 528
139 914
933 897
334 837
943 391
438 977
496 133
223 853
22 358
536 401
764 252
674 27
470 738
537 579
325 674
127 194
255 470
144 752
165 870
307 235
723 951
721 823
154 165
846 546
401 163
379 210
767 398
425 626
403 757
382 525
675 463
759 17
695 114
392 61
740 423
889 665
428 356
192 2
865 805
607 303
202 682
749 855
894 128
704 42
908 703
444 501
701 764
243 18
580 425
863 960
274 798
78 207
516 962
940 368
32 662
315 152
602 990
439 105
787 721
264 868
152 862
505 921
642 305
42 690
162 762
353 5
567 630
726 43
494 839
986 891
426 160
275 614
4 202
639 878
633 412
354 877
408 503
746 170
584 747
991 950
804 935
413 642
646 955
503 431
200 542
775 779
620 606
546 760
336 136
469 570
900 132
935 700
501 944
156 460
635 713
696 982
118 336
815 873
202 748
297 932
369 287
209 462
539 517
647 383
540 459
116 707
282 794
394 859
579 813
224 538
919 673
725 306
338 537
497 427
249 66
448 875
520 285
978 643
18 691
400 530
462 796
857 554
309 974
749 600
188 824
498 799
32 86
6 182
991 346
638 648
629 553
868 992
568 320
578 490
208 458
820 852
410 509
248 612
46 116
837 321
669 744
77 926
462 45
466 684
435 972
684 641
557 572
3 979
152 789
306 801
104 507
33 49
989 417
46 596
94 443
236 35
661 727
404 151
907 637
757 52
345 109
226 722
366 885
761 155
153 939
498 366
957 830
339 50
252 38
59 403
255 322
433 495
125 910
717 313
75 373
55 93
779 533
54 815
826 73
677 153
328 382
293 266
193 242
688 754
850 166
423 666
397 695
487 59
814 551
680 335
225 496
304 736
916 585
31 281
164 371
581 228
260 328
762 245
227 257
546 560
216 159
605 502
285 96
378 34
609 987
867 774
62 857
744 62
783 828
326 67
944 734
896 715
782 158
650 446
881 261
414 872
903 339
545 580
686 16
314 836
997 848
34 9
687 603
82 699
520 769
335 621
909 531
430 598
718 526
394 679
627 172
620 705
897 793
805 770
396 254
683 812
371 599
206 688
317 212
731 326
822 569
935 276
562 92
379 169
257 333
934 866
791 778
280 451
686 671
502 76
187 113
831 617
217 179
246 657
534 890
901 816
941 609
952 680
204 161
77 943
596 126
492 51
49 127
237 309
322 89
359 364
588 442
783 610
999 48
911 439
634 57
340 545
45 354
486 218
132 615
445 867
472 728
965 419
928 347
766 541
632 84
299 647
575 639
609 421
859 468
706 288
361 240
551 753
944 655
252 581
684 782
460 625
509 965
231 4
65 930
703 271
310 299
943 53
592 256
735 119
219 211
980 246
334 911
743 995
510 850
658 882
504 686
92 814
951 861
323 88
107 601
457 984
702 258
455 701
753 540
765 197
595 634
969 125
867 280
121 456
343 429
203 683
804 934
277 374
616 846
662 7
124 28
349 11
641 90
973 741
644 504
628 958
107 947
329 392
424 996
478 749
561 385
427 597
828 362
752 477
922 497
343 771
112 342
995 360
322 343
605 270
117 232
370 709
29 39
441 14
352 476
984 430
655 797
996 687
482 47
524 969
463 916
985 622
78 821
934 56
145 187
265 881
512 82
388 324
432 746
116 250
925 522
788 544
766 422
20 381
911 70
171 369
49 811
23 645
477 524
130 325
955 487
734 594
30 357
251 112
211 772
603 838
566 843
917 71
806 379
830 329
412 77
701 731
617 405
552 262
955 644
157 604
869 220
671 69
990 473
76 500
196 991
870 278
264 142
906 195
374 790
241 327
431 791
920 122
287 905
824 616
988 216
169 907
486 454
690 444
817 79
434 908
565 222
331 164
196 629
899 457
610 395
364 808
473 523
471 636
9 532
279 515
566 438
942 380
869 399
186 832
37 316
402 720
979 618
172 787
642 511
349 167
751 922
517 231
923 296
774 966
960 204
922 203
945 917
843 898
574 226
521 15
54 410
507 735
634 587
627 102
301 143
857 400
414 681
51 656
113 241
318 777
25 903
335 1
113 788
260 783
29 214
275 948
906 994
229 177
398 174
796 413
846 200
201 563
328 94
490 486
961 175
515 213
310 394
9 376
712 937
267 807
119 737
84 964
689 267
244 876
179 350
660 154
863 293
134 272
484 851
811 980
730 117
243 889
710 638
240 83
940 283
647 730
468 124
664 188
456 649
65 887
18 988
738 461
431 26
590 997
416 323
729 518
98 144
455 550
128 353
946 856
641 420
88 264
784 367
952 712
70 352
258 558
693 414
622 819
309 689
645 590
483 513
416 279
657 445
254 719
179 759
290 942
626 954
350 632
58 829
266 985
301 970
683 834
971 756
796 933
469 315
510 706
814 189
401 938
888 162
594 440
145 710
613 841
493 106
676 491
743 931
123 879
895 146
891 516
980 702
558 521
537 37
762 452
849 588
927 479
142 672
615 928
956 659
90 817
366 714
776 36
125 475
378 858
402 940
595 711
241 171
466 236
960 408
323 378
312 552
711 103
266 765
592 840
739 44
384 620
197 233
159 973
599 884
777 593
340 751
484 449
567 340
73 176
392 224
931 698
769 415
501 217
119 481
327 767
659 294
445 349
623 319
98 646
942 183
920 678
457 206
148 825
661 99
824 265
228 565
174 478
669 844
381 156
543 253
75 40
864 230
826 766
95 860
573 918
959 292
870 670
413 557
622 602
981 949
853 676
656 717
312 23
391 298
858 21
365 91
654 450
174 295
726 854
239 437
859 849
57 529
247 393
321 229
327 148
668 351
799 131
411 906
425 78
742 100
440 842
689 238
896 983
215 448
996 899
300 10
695 833
918 993
210 804
729 912
459 180
219 566
178 975
755 20
548 97
549 314
244 60
985 111
967 750
238 168
437 492
690 331
365 729
293 190
851 677
842 115
512 561
35 215
965 792
828 372
146 725
845 742
975 234
616 365
665 633
877 716
287 33
222 64
80 589
251 435
744 25
899 80
775 941
979 577
747 6
825 575
68 433
632 31
868 409
873 776
946 330
311 110
675 46
657 345
290 927
717 118
877 24
449 359
209 936
552 484
533 755
674 724
240 651
384 388
38 664
390 310
112 185
936 894
884 178
776 485
319 13
389 134
86 953
333 74
648 584
892 675
15 259
406 694
92 426
397 209
8 361
103 268
646 669
21 880
158 467
588 221
905 693
819 743
504 384
593 959
968 389
282 465
600 574
949 901
587 785
865 274
540 186
526 474
778 543
772 514
296 98
741 920
758 260
999 809
959 591
974 607
356 291
861 499
337 469
47 297
773 559
691 945
90 247
186 685
841 578
827 667
67 548
424 613
235 763
45 740
114 150
427 835
87 489
263 341
198 978
225 317
853 661
921 130
527 95
167 141
918 208
723 472
17 989