1000
]]){})[}(({[{]}[[[[)((}((([])[}[)[[(}{{{))(]{{({(}][}}[[(]]()]){}](){)[[){(}{({][][(}{})([)]}]{]{]{)))(}{](}[}])]({[[[)]}(}]]{(]}(}(][[(}[){){()[()}(}[)(}[}(}]}[}[)((}{}[]}{((){)[]({)]]]}{(}}{{[}){]](]{}[{)[[{{]){([(]}(()){{(}[)[(((}]}}[{([})({}]}}[{}}(]{[{[(]{(})(}]}]}))([[)){(}[())}{[))}(])]([}(([]{{}[]){)[}{(())]((]{}{]{[[})]}]}{]}(()}]]]})}}})){)}({]][{(]{]()}[](({{)}][[)}}{{[]][{}[{))]}{]{)({[(()[}])){)]})]}{([{}()())({([]})[])([)}})(]}({{}{[[]}]{{[(][{[{}}](})([)]]()}})}}]{{[(([)(]{(}(]{{]{})){{{)[)(]]][}})([]){]})]{]([{[}][[]{[}()[[{(]{))][}({[[)){}[{)))[[}[}})])})[}]])))(}]({])((}({[])])}[])}(])]))[}{})([{{)]{)[[[)}]()([[[}[[}]]{]{]{))[{]]]}[{(){{][]){)][[]{)[{]))])[]}(]][][}}}}[]([{)}[[]{{)]((}}}]()))}}(([}({]][({{[[{(][()]]]]{[{})[((]}[])]]]}{{[{)]([(}[}}){})(([}[][(]}{}{()[{]{](]}{}]{}[]{[[[}[(](]{]][)})]})[))]([})][}]{)}])))(([[]({})]}[][}((}{]()]({)[)]]{}[}({{))(])(}}))]{(}}{((}[{({[}]][({(]({{{(})()]}{}]{{]}]]}}}])](}][([(([{([)(]{[([}[}]{])))({[(](]{{[)(]([][[]([})[{)[[[
413 641
854 379
690 98
204 259
89 730
488 430
404 300
178 883
932 395
963 195
912 393
200 51
39 589
180 544
46 285
85 953
998 392
376 313
410 561
876 716
908 781
975 366
470 327
746 821
279 632
895 228
170 834
604 800
178 72
847 568
977 110
695 991
663 577
749 486
999 915
307 597
783 336
485 409
611 989
681 294
589 400
471 416
798 293
179 890
395 543
460 153
313 654
127 138
127 993
356 604
68 141
747 565
100 693
125 805
506 753
525 81
766 982
582 492
35 495
262 136
410 737
671 699
742 246
710 471
298 243
958 625
551 256
925 276
705 444
310 187
262 937
451 235
822 390
68 893
928 533
839 850
909 931
422 100
341 95
304 771
929 864
861 690
908 966
412 828
877 270
714 887
525 899
251 742
958 761
460 203
584 474
560 133
348 833
912 152
16 460
652 422
802 785
904 145
946 680
41 659
937 708
358 624
765 595
416 314
234 398
700 209
99 798
177 245
198 579
630 724
861 564
32 789
661 119
631 920
762 521
704 49
882 432
430 216
630 555
648 844
768 688
642 951
798 389
628 179
53 372
577 756
764 623
304 85
723 201
498 648
252 151
740 702
416 943
996 111
845 250
660 76
301 38
107 240
471 477
986 219
153 983
460 981
551 196
303 551
459 494
374 718
823 851
152 291
485 10
505 268
929 726
718 797
805 713
998 412
604 867
859 13
513 896
861 944
340 465
432 969
961 405
420 684
674 458
36 524
167 324
199 840
505 410
883 326
438 97
775 905
105 43
383 796
117 743
179 725
487 413
644 316
427 998
413 320
848 895
441 819
693 745
949 852
18 493
791 525
781 581
240 518
760 382
939 523
194 47
373 646
180 985
479 948
671 275
882 131
313 499
305 299
263 610
245 613
310 870
388 54
298 950
811 965
728 788
105 672
401 720
696 599
693 636
142 238
569 402
740 818
536 335
908 441
580 762
963 635
603 462
459 475
644 999
799 200
740 75
683 426
397 546
877 116
876 806
192 809
5 356
268 941
783 34
968 140
121 277
859 913
556 115
523 891
500 249
576 562
919 859
325 439
735 188
562 176
17 529
734 992
976 169
474 271
667 433
670 605
513 938
882 429
780 959
765 608
413 567
471 596
642 331
802 602
687 516
117 836
674 274
569 537
316 879
448 505
487 927
707 653
637 694
654 233
39 766
580 556
781 548
863 881
628 301
348 549
981 782
414 508
265 903
932 127
376 229
500 234
847 464
907 964
891 457
361 832
653 194
13 974
108 27
481 717
939 341
116 515
107 172
827 908
123 3
368 588
520 538
151 279
843 123
89 554
972 202
373 815
369 321
501 351
374 681
768 900
748 550
630 970
977 784
939 510
580 928
368 593
959 339
839 765
591 377
867 58
401 478
687 496
13 634
782 897
436 572
808 242
499 755
764 423
378 273
949 853
450 841
127 923
584 987
854 174
919 70
983 961
469 28
24 325
774 87
177 105
426 578
46 520
921 545
896 633
251 783
627 668
121 824
968 367
85 108
95 657
932 661
479 940
768 52
523 918
247 267
559 244
740 658
17 106
880 21
598 463
10 68
357 69
974 84
499 575
733 481
10 909
710 374
303 451
696 297
596 957
292 715
799 678
506 61
298 237
338 205
639 396
645 157
68 272
771 695
121 227
89 485
356 162
369 709
647 540
197 958
735 553
24 62
694 89
979 683
987 933
780 667
981 22
311 760
497 350
733 18
866 408
603 384
70 488
422 995
441 935
979 791
958 547
22 687
444 308
262 41
525 349
808 675
116 703
518 502
161 660
32 264
251 383
177 723
748 91
170 289
139 199
32 682
525 11
229 630
422 258
984 71
560 868
266 857
396 425
53 6
340 892
999 886
843 117
961 126
409 305
859 628
117 288
161 101
245 803
938 638
973 812
444 186
14 929
363 491
726 863
987 865
131 337
376 559
554 161
696 232
432 817
301 19
808 842
298 990
409 102
518 380
774 814
627 466
279 846
648 112
690 603
358 837
510 626
539 5
234 557
105 563
996 484
986 171
639 921
589 952
118 996
634 315
458 443
569 752
457 143
949 59
705 822
268 132
883 431
896 511
686 403
448 598
618 507
292 236
726 479
108 158
513 808
731 86
861 666
644 972
497 849
14 376
766 207
692 64
968 727
765 901
551 12
704 346
653 591
960 876
426 67
683 401
906 139
2 552
604 621
611 4
771 734
939 827
733 627
310 173
706 40
17 988
730 979
251 759
626 618
371 168
880 225
245 786
611 306
152 345
760 446
98 375
876 223
505 692
358 898
498 278
41 744
958 773
265 344
70 955
102 512
310 391
122 885
383 113
162 696
928 206
907 381
86 159
605 949
560 651
764 78
499 144
348 399
95 357
498 411
441 911
13 348
897 571
234 875
209 260
105 616
257 731
766 50
85 975
666 506
637 566
463 719
32 872
85 907
596 208
774 302
770 801
361 296
108 323
5 855
95 368
863 732
906 262
687 120
562 93
151 287
961 230
584 919
677 473
197 204
695 365
695 184
434 148
257 498
278 650
249 129
891 823
244 531
907 92
618 517
863 607
98 619
51 333
53 790
392 858
378 490
928 541
127 954
477 910
693 343
639 973
175 574
705 504
827 971
13 497
604 677
369 461
621 606
295 925
404 440
518 807
438 9
876 183
677 222
626 714
596 103
542 79
258 434
55 329
866 586
683 582
781 914
848 361
122 691
107 197
73 631
746 29
156 211
448 700
644 298
801 290
866 503
971 292
637 584
122 813
605 33
610 847
983 170
971 977
536 615
22 686
409 417
677 421
973 862
986 778
2 191
730 799
647 594
554 811
854 44
268 385
891 35
965 866
101 53
827 46
580 36
706 673
53 130
760 360
937 332
564 438
497 776
316 65
802 164
928 137
748 455
687 830
764 777
897 334
791 536
946 45
735 415
203 733
937 146
770 167
556 20
654 947
559 774
179 428
434 63
847 30
393 942
866 318
369 930
430 218
963 576
966 56
959 449
427 705
448 877
444 793
559 984
678 369
60 750
178 121
287 286
986 509
661 769
481 182
142 154
316 587
432 936
279 454
434 698
909 729
397 787
848 802
850 795
116 135
307 352
889 994
68 664
262 378
451 282
438 831
714 669
816 266
229 17
341 487
36 312
690 968
35 825
798 447
429 640
938 534
213 768
657 330
416 83
438 530
36 772
99 740
86 997
671 221
959 835
340 124
542 189
268 160
363 609
771 60
108 255
474 304
198 134
10 845
596 452
156 922
628 775
975 8
348 214
199 328
804 338
783 926
170 701
645 934
285 181
248 637
811 125
979 843
759 829
304 311
621 77
513 469
968 894
918 470
463 15
864 407
869 155
883 871
41 456
487 946
554 251
798 697
897 215
285 190
98 685
450 435
443 932
180 437
788 655
457 838
895 676
16 14
504 662
747 751
303 32
426 573
374 611
774 860
278 820
72 364
276 241
270 166
376 644
257 882
151 869
414 754
419 355
265 514
274 263
458 295
955 192
944 642
41 792
481 104
855 177
392 468
285 522
285 442
909 212
621 57
839 450
863 163
689 916
441 217
783 114
136 590
368 37
977 128
17 980
292 253
925 373
99 735
710 24
86 90
945 645
610 749
906 848
505 542
76 794
518 362
393 74
378 193
373 592
16 939
526 816
520 767
94 142
274 963
686 109
397 528
771 986
434 826
569 527
295 500
686 956
500 501
983 880
263 639
706 779
603 220
731 388
883 231
170 810
554 448
693 711
652 707
591 874
280 670
271 945
963 580
443 728
506 601
413 873
444 284
488 363
542 31
125 175
718 758
195 397
759 649
677 585
808 736
414 418
142 261
167 643
506 489
179 319
995 889
257 73
551 283
485 118
304 513
780 976
116 185
944 459
136 42
229 706
463 902
634 757
98 359
718 269
178 747
25 88
252 804
566 16
72 483
983 198
301 347
422 303
859 780
746 80
35 482
748 738
340 924
504 147
689 739
161 663
611 884
730 427
457 224
591 472
966 353
33 281
976 612
955 419
477 763
55 558
800 354
24 748
180 149
865 770
925 671
536 712
564 247
410 317
695 239
976 519
254 583
457 48
526 213
960 904
280 861
371 741
647 722
136 600
325 322
471 156
410 614
89 710
177 414
652 257
22 704
867 888
671 917
976 0
420 23
313 180
62 629
584 280
929 99
913 358
759 386
996 467
681 150
142 656
864 340
234 476
252 94
804 647
735 309
458 526
933 178
311 265
683 55
704 66
689 617
696 665
18 406
973 445
843 569
944 764
953 394
731 436
172 420
799 839
504 480
689 387
358 26
731 689
987 252
203 960
730 906
356 912
200 307
987 107
823 878
407 226
642 535
95 371
801 82
417 679
694 539
55 96
804 854
589 967
907 622
630 856
965 560
426 721
845 370
889 342
927 210
254 978
316 532
843 122
153 39
566 674
100 2
499 620
374 254
635 25
411 424
674 652
407 165
634 570
278 453
908 746
959 962
770 404
46 310
749 1
2 7