1000
]{}){{{[][)[}([)]()]}][){[()))}(([({{])[){}[]({)(]][{{})]{[[]}{}{(](}]))[(}[}{{{{]}]{{][])(()}(]}}{)({()({}{([{[[())({[()}}((}}]})]]][]{][]()){}]()({[(]}]}[{)(}{)}}}{[[]((]])}[]){}{{}{)(][{({(]]]{)[{[])[}{))]((]{][()[]](]{{[())(][{(})}{]]}[{])]{]{{{}]}(][[[}]{}[((({)({}{]]{][[[})]}[)[][))[([(]]])}][)(](({])({{]])(}{({}]{{([}){(([)][[({}(][]((({)))}[}[]{]{[)]]{({)[}(({)(}]{}{[](}[}{{}[}[)){]}{}{)(})]]}[(]){{[]{()({})])][([)])]]}[(]][}{){][{){((]{{)}){[(})}))[)(}[}]{)(][(((][}{]((}}([}){[[(])])[][[]{{}]{[){](]){(]][)[){([{{}](}[}]]]([)(]]][[((([])}[][[)())])[{({])))(])[{{[[]}[)]))]))[)}}[([{}(({]]}][}{[))[[{){)]{}}])){}]{{[{]{[]{[{)[(}](])]]}{]}([[}(}}[){{)]}[)){[}(}]{)]{}()}]([][{])[)(})]{][{([[[]])}}][))}}{[([([)){}({]]())}]}[}([({{]]}{}(({}{}]{[()(][){(]({[})}({)}])(]{))(]{][[})]]}[}]))][{]]{{]}{)({({{[[]})}{{[])]{][)}]({(()}{{)){)]({{]}{[(])]]}}({]){{({[)){[[)[[)(}{][]{]}({(][)[[(}}{[[(}([}(}][{[{[]{})]{})[}][}}[)[}[]{}][))[{[[}}[){})}[([{{])()[[{]}(}}[[[])]([]{}])}]})]{{[]{[)(}((([}
122 383
190 503
28 949
782 833
626 112
487 625
874 766
776 577
932 365
782 14
754 193
122 896
650 849
503 636
191 892
626 559
707 402
12 689
547 257
4 626
240 684
776 675
707 624
97 431
680 342
557 944
713 301
650 740
226 219
97 31
272 844
386 88
27 916
240 2
97 208
661 910
294 670
97 668
547 659
83 782
500 931
269 340
436 874
28 274
860 184
62 519
670 494
694 161
113 378
74 364
661 337
680 638
734 187
83 27
22 170
518 169
680 387
799 655
263 357
153 339
932 232
226 162
557 616
963 768
269 56
272 752
272 835
266 607
191 531
670 546
433 493
27 767
135 263
682 50
303 121
694 864
661 427
433 410
22 596
825 310
240 66
191 857
581 807
893 194
702 135
83 226
269 40
294 500
874 984
240 909
809 213
266 293
622 145
809 201
595 235
813 853
191 308
325 335
60 595
963 152
113 485
68 154
547 20
83 734
595 968
240 119
191 637
294 271
97 92
713 176
874 553
557 720
550 382
650 111
373 985
650 147
661 992
399 132
825 718
62 812
712 298
190 269
83 272
680 367
240 673
825 945
263 982
809 876
266 356
122 426
932 241
670 727
734 802
874 777
28 407
68 664
682 482
303 41
373 651
191 917
500 786
680 377
319 91
295 566
135 674
557 262
97 330
487 933
813 946
506 123
799 247
12 239
799 555
518 229
68 862
754 905
240 552
680 971
28 38
825 381
712 999
581 891
471 228
518 9
680 757
379 771
694 583
294 447
581 118
319 120
266 941
963 699
557 355
518 614
319 736
680 278
294 825
550 11
874 43
97 225
713 221
581 163
754 726
379 914
813 59
72 408
233 599
702 822
74 569
319 496
508 645
832 243
860 230
399 688
386 276
825 174
547 352
754 890
62 351
547 879
696 868
963 316
500 346
27 217
386 630
369 63
799 755
694 126
557 196
809 80
779 544
506 142
83 122
294 860
893 182
779 520
83 74
565 224
493 190
581 719
135 518
487 516
500 265
782 451
565 350
373 480
734 10
191 39
503 915
113 563
779 750
547 801
385 54
97 463
674 457
22 877
22 332
171 980
487 741
680 405
963 554
373 906
702 294
754 103
379 735
713 354
779 895
62 648
22 338
319 746
27 18
28 935
595 515
74 527
702 83
294 533
319 438
813 792
712 510
240 328
238 710
779 580
713 953
240 476
379 798
565 218
832 745
295 867
779 970
809 521
825 109
650 264
191 5
27 492
837 326
294 846
702 28
379 133
595 55
379 995
694 678
373 93
779 36
27 79
191 739
386 578
825 441
712 628
694 620
696 957
517 195
386 486
813 715
565 856
547 389
557 930
97 267
517 698
837 58
893 156
493 4
754 859
295 562
22 919
240 250
319 183
269 416
581 8
500 662
650 253
782 817
404 639
932 173
269 371
874 763
893 129
135 379
294 46
266 64
373 805
874 561
135 303
822 838
503 728
963 0
707 538
503 634
379 988
518 396
153 749
622 445
550 617
893 481
294 976
62 973
373 579
547 966
506 994
813 644
399 998
694 870
373 489
386 761
557 703
650 623
874 742
550 450
680 200
822 191
325 411
240 215
28 26
825 437
674 347
799 836
595 758
135 963
74 943
319 974
860 537
581 889
399 322
754 397
379 927
565 106
191 180
713 829
113 806
680 417
832 423
97 631
266 828
581 512
779 465
238 571
754 687
694 86
319 723
68 29
269 70
385 375
622 168
694 305
272 586
190 809
680 139
776 878
779 536
813 89
135 779
557 384
893 85
595 751
963 789
325 432
74 348
838 869
712 434
113 646
508 231
963 148
303 855
62 744
661 989
754 652
263 105
932 199
266 748
550 913
547 7
379 618
226 370
518 525
837 658
694 572
776 280
240 732
707 30
595 290
712 772
83 373
626 359
506 392
4 113
734 37
172 654
874 701
893 808
373 146
319 23
874 255
191 543
272 140
113 760
650 409
12 186
399 969
22 582
809 51
226 284
518 287
779 349
319 110
734 738
295 819
226 898
782 788
263 693
694 151
386 343
696 455
500 820
595 816
62 179
626 950
874 107
932 261
97 570
713 443
680 248
4 707
97 102
506 852
379 991
874 456
122 188
550 324
74 459
809 794
269 96
272 488
734 491
62 277
190 399
97 220
837 882
190 385
696 961
822 893
503 446
74 939
550 936
399 61
295 753
595 529
782 127
471 52
682 818
493 60
171 621
674 236
754 901
487 435
27 534
266 297
272 57
622 406
386 361
190 650
83 661
547 242
500 380
713 903
153 584
83 325
60 622
734 667
893 848
27 497
226 522
595 479
190 153
838 642
754 606
83 837
712 796
487 3
550 692
518 197
847 233
226 15
734 894
963 954
135 813
22 962
240 610
226 128
433 702
932 336
779 997
696 548
22 469
191 722
12 454
269 830
832 362
190 404
799 149
238 923
734 78
813 401
822 754
386 793
506 47
557 904
754 558
269 477
799 468
932 747
713 526
860 136
712 573
294 680
385 612
68 972
712 251
595 709
874 307
707 685
319 470
263 613
294 390
508 717
550 185
932 412
799 204
557 843
74 388
97 671
399 223
500 938
707 542
754 887
565 165
135 799
963 345
518 567
238 697
373 785
386 309
565 17
779 159
702 369
62 323
399 329
83 319
319 619
674 117
27 603
28 839
379 811
153 368
696 21
893 911
240 781
776 507
595 810
28 501
135 68
713 425
269 609
62 143
22 157
172 929
712 756
28 591
27 150
294 713
379 291
74 800
386 331
433 847
754 743
190 172
650 797
860 403
471 840
799 448
702 436
379 576
153 780
754 472
595 144
266 254
837 643
386 787
325 918
694 372
565 888
547 871
294 940
22 907
325 959
734 48
713 466
860 474
754 615
83 776
713 442
83 565
799 640
837 602
240 814
670 721
860 320
550 922
97 831
595 872
74 104
702 266
399 600
932 273
506 420
557 429
661 45
550 663
713 986
28 475
734 725
386 137
581 334
517 256
153 899
581 608
893 928
404 587
410 696
113 691
874 94
62 711
266 730
386 514
680 672
266 167
190 712
813 956
226 545
172 924
172 900
754 897
503 341
97 439
650 676
813 724
272 421
712 937
893 834
272 281
874 824
734 90
373 299
22 418
373 560
547 708
471 84
707 880
74 774
782 49
493 920
294 12
386 821
386 589
135 581
294 884
550 775
135 547
233 641
682 125
272 504
379 490
27 452
707 75
799 203
713 292
27 244
97 863
885 592
734 116
680 158
97 629
557 317
487 947
135 487
135 72
508 716
712 590
325 192
920 97
696 333
319 358
799 960
518 934
27 815
885 181
696 598
226 541
581 473
547 134
595 53
813 653
581 77
97 926
680 315
860 513
832 296
963 130
294 832
294 593
272 424
240 400
386 505
101 551
650 108
837 967
650 246
782 393
696 539
626 467
860 483
503 564
28 302
226 1
680 854
557 285
399 679
506 902
373 942
28 270
799 568
269 912
399 951
932 34
779 42
809 690
191 227
734 311
385 430
319 87
135 550
373 540
191 344
506 210
754 484
294 62
399 82
319 209
22 952
860 784
813 286
62 214
487 769
712 69
837 827
832 948
518 605
191 509
97 681
837 216
593 588
694 234
825 283
500 453
694 996
319 733
799 376
172 875
825 714
694 304
547 394
874 314
963 647
191 790
626 575
518 363
294 101
503 306
27 695
712 883
266 665
172 32
799 908
581 419
734 65
734 523
269 764
565 6
694 759
860 414
379 114
319 700
379 993
809 413
62 282
22 175
860 649
517 44
503 189
27 252
696 865
963 205
191 464
487 98
153 886
550 729
932 138
822 694
226 669
62 25
779 318
893 460
782 245
893 705
518 71
932 597
547 535
712 461
266 765
487 627
404 353
893 978
932 211
83 885
503 398
190 295
500 249
233 955
713 289
63 374
813 178
83 22
113 823
694 666
860 449
932 260
12 313
832 499
837 549
650 422
266 258
557 850
404 866
68 845
832 206
932 360
379 99
547 177
190 240
661 990
838 16
837 155
63 731
694 24
63 76
269 124
799 81
240 268
713 611
712 657
471 275
776 440
62 977
557 633
487 979
694 395
650 327
135 238
28 981
557 683
734 444
27 530
303 415
680 391
63 677
963 778
626 987
860 803
874 237
190 517
837 594
72 983
83 932
550 965
595 925
266 783
62 495
12 222
385 601
813 478
373 861
702 386
303 921
379 300
113 795
28 202
799 704
581 851
74 164
518 35
680 528
799 141
385 737
240 964
550 532
238 858
266 288
325 873
517 574
893 706
822 557
674 958
550 498
782 13
373 462
226 842
503 458
779 656
266 160
837 207
379 975
893 826
557 166
190 171
83 508
68 804
809 660
517 366
550 115
734 212
694 67
263 198
696 511
837 321
893 881
557 502
74 632
27 33
63 428
506 773
436 471
303 100
240 791
83 506
550 95
28 131
670 770
60 682
779 19
779 585
172 635
385 604
622 556
860 762
22 686
799 524
172 312
191 279
550 73
860 841
547 259