1000
](][{[]{)}([[[[(}{)}](([}(([})[({[}[))}}]([]{)[{]])[[}{[[()][]}[{]{}{}}{{))[(}]}([}]}(({{}{)){(})][}}]{]}}{([]]}]{][]]{]){[]{{([}{]{{]([}(()(}}))}[}]}(((]}){}[}})]}[}}[[({[}{}}){{)}}[{}{)}[{)]}{])(}{}){()]{)]]([{{({([]]{[(){}([(])[)[{}{]}}([{(){{(}([{(}][[[{}({{({][{}[[[{(([[}{(}))){})]}]([{]{)[({)}{[{{{)([}[({({[}({}{([)[[]}}[}[]}){]]]]((}(([]})[}{[}(]{(}]()()})}]})){{}[)((}}{)}{}[)])({)}}}]({}(()]])][[{[(){}}}[}({){))(][}}()(}[({(]{])(({(}]({[{({)}(({}{)((({)(][)}])][)){())}]{]({{})}([}))((({[(([[]](){}{]}{][[]}{]]}[(({({{](})[(}){]{([)}{(][(]](}))}}{()}({)][])}((({{(({)(){[)){[]][)[]][)))[[]{})[{([(}[}){(}(}]}))[))}{()[)]}{)}][){}]{(]{(((]]({}{[){{{(){({)[(]]}}])}]}}}}(]{}}](([[][}[}{{[{}]){{[[)(]](}(]][)]{])(((}{(()[[}}]{]({{]}{}){[{{[](}](]}[)}([()[[])({{}){[[]})}]]{{)}{)](){{)}{[{)[[{(}[[]){]}()](]}(]]{}{[)(([})(}](][]))([)][({}]]{)}[({(}{))][}[})[]{}))](}}(]))()]})])](([{([)})[[[}}{{}]]}{})]]([}([(){))(()}({{]}}()){[[))(]{[{](][({][]})[][}[[(])()((]]({([]}}]}()[{)]])}))][)]}[)){
624 290
912 868
526 899
30 587
458 775
116 640
891 690
410 688
116 283
30 937
458 114
116 215
580 867
289 974
912 483
526 729
488 644
580 25
526 504
470 261
470 92
458 266
116 658
116 486
289 480
912 903
470 339
912 470
470 299
289 768
606 242
458 402
526 914
912 876
458 888
624 807
891 33
912 116
116 554
458 638
696 924
624 123
289 543
116 828
289 734
116 325
116 482
696 627
810 401
891 760
458 117
116 979
696 192
458 80
580 147
696 870
696 333
483 257
470 18
624 467
606 948
624 113
891 218
483 451
912 289
912 30
718 748
483 75
696 524
470 89
696 193
526 42
30 637
624 122
483 252
116 592
912 689
606 506
30 154
526 233
116 53
606 836
116 475
526 326
624 575
696 590
526 428
116 393
116 619
606 431
526 100
624 231
483 957
696 784
116 43
483 507
488 808
410 939
580 725
289 230
526 636
126 713
289 363
689 581
606 920
624 747
526 669
289 992
116 536
116 814
624 258
458 662
458 855
116 300
526 284
580 741
580 209
624 604
606 869
458 239
483 832
116 288
289 292
624 665
289 528
410 115
526 578
526 436
624 853
718 722
526 820
458 365
116 936
810 247
526 259
470 199
410 386
696 616
696 830
580 372
458 708
470 381
410 406
718 723
289 615
483 294
483 759
30 848
483 364
526 49
526 607
606 667
526 969
410 756
458 472
526 319
289 849
470 330
458 910
289 384
470 812
116 879
458 379
458 671
696 548
116 144
483 586
470 563
470 941
526 234
606 305
526 418
696 588
526 131
410 909
526 947
116 981
526 481
526 164
116 844
624 159
488 243
289 295
289 343
580 357
483 136
410 954
580 332
483 538
289 498
116 308
30 264
624 420
116 973
483 143
696 656
30 618
624 755
458 370
624 250
696 873
912 696
624 373
458 577
718 687
526 959
912 500
810 120
30 226
526 821
30 502
410 59
30 970
116 241
606 62
289 675
289 816
289 10
606 896
483 630
116 435
289 32
488 993
483 109
116 335
696 275
624 388
696 915
126 337
116 182
912 624
483 58
458 726
289 163
624 758
470 293
526 260
458 559
410 589
458 146
116 222
30 424
483 414
116 976
718 37
289 318
624 698
458 986
580 312
458 183
624 865
810 78
606 731
458 942
410 953
624 12
289 609
526 864
116 857
624 764
696 366
606 142
624 392
116 550
624 129
470 96
470 829
606 302
458 837
289 856
458 387
891 802
483 310
483 338
289 799
116 508
696 432
624 102
500 356
696 704
526 232
526 819
606 404
810 546
30 779
458 841
891 594
526 968
289 437
116 885
696 24
891 225
912 923
580 355
289 625
483 108
116 889
624 140
289 882
526 175
410 809
289 746
624 940
126 198
696 237
891 464
483 329
458 491
289 385
624 14
116 389
580 790
470 908
470 452
891 509
410 534
526 91
410 989
624 737
483 859
606 185
116 361
483 728
116 227
458 964
526 569
483 448
718 651
116 659
470 453
606 176
718 753
458 204
458 272
624 249
458 26
116 165
458 851
606 523
606 798
891 166
891 880
606 9
470 351
580 354
624 35
458 677
458 614
912 958
606 186
116 935
891 847
696 532
30 839
606 286
624 963
126 287
289 767
483 603
689 81
696 710
580 907
526 322
810 676
458 45
696 456
696 473
30 878
606 980
483 430
483 956
458 727
458 555
458 938
526 341
526 972
526 678
410 647
696 499
30 772
30 107
624 634
624 751
126 927
458 683
580 994
526 886
30 740
289 46
624 440
696 413
912 901
116 591
526 670
483 621
126 990
526 700
483 650
696 567
696 542
696 201
891 255
116 282
126 668
289 23
116 770
470 245
116 36
410 463
526 276
689 537
470 489
30 570
891 845
116 124
483 843
483 945
289 887
689 128
483 362
606 297
689 271
912 580
891 742
483 629
483 926
624 561
624 171
116 496
891 556
606 549
606 646
289 785
470 818
606 568
696 90
410 684
696 996
696 562
116 274
458 854
30 516
696 280
526 445
458 39
458 156
116 99
116 862
470 210
126 884
289 95
912 891
470 412
289 823
470 965
30 67
488 447
410 98
624 877
470 374
410 301
526 422
289 649
488 902
606 13
696 394
410 987
410 560
696 179
126 695
289 648
126 47
624 913
410 368
526 795
696 806
689 137
606 991
483 744
488 466
410 946
126 983
470 778
696 966
624 434
580 601
410 21
624 791
458 311
470 174
30 846
289 134
696 890
624 494
689 223
289 127
289 943
923 11
718 520
483 152
116 952
624 358
483 240
30 88
30 304
488 510
470 69
116 933
624 780
624 916
458 497
458 228
470 450
696 277
458 593
912 654
289 64
526 872
488 153
483 248
410 63
116 525
458 527
458 315
891 51
606 697
606 540
876 111
289 622
891 425
624 79
116 863
30 765
116 323
526 674
488 462
696 605
30 151
116 757
289 66
483 522
116 950
624 815
458 219
624 273
470 955
483 138
526 391
483 610
289 396
30 539
624 202
891 60
483 1
116 652
624 745
116 679
891 576
696 716
580 48
470 805
116 303
30 196
718 732
526 599
410 971
606 298
696 132
624 531
458 235
30 518
116 602
116 505
30 866
458 883
458 405
624 167
458 663
289 441
580 55
526 529
30 585
696 835
458 931
116 334
891 917
30 0
30 789
488 150
696 582
912 606
624 169
289 720
624 291
410 479
483 119
289 583
458 76
289 443
624 429
876 444
458 552
458 121
526 20
689 852
606 719
696 574
624 861
470 743
116 161
891 476
289 635
526 352
458 623
410 197
718 860
606 141
458 347
696 469
526 85
483 158
580 149
912 410
696 752
116 517
526 900
696 236
526 416
470 246
891 932
718 403
606 826
458 181
606 544
483 177
458 895
483 371
689 206
606 796
624 4
483 270
606 279
624 977
526 822
526 216
526 327
410 794
606 519
696 278
116 221
696 399
526 16
458 172
410 83
912 458
526 349
30 871
289 65
458 535
912 34
483 733
624 269
580 694
696 253
470 639
30 776
580 346
116 681
483 484
483 633
606 579
580 439
912 526
689 685
116 459
526 77
470 309
718 620
289 421
470 455
624 320
624 417
470 842
488 919
410 682
526 838
876 811
606 584
624 2
30 643
483 801
624 598
696 170
458 57
116 827
470 613
116 104
289 457
289 200
696 833
696 408
410 934
696 655
116 982
483 97
289 715
116 750
289 82
526 395
30 454
483 353
289 224
526 446
289 995
289 749
410 189
526 383
410 997
30 573
289 155
526 897
526 793
289 423
526 360
696 739
30 3
624 8
483 376
458 769
470 375
912 693
696 70
116 774
289 777
624 359
912 190
410 628
526 478
526 71
116 17
526 110
483 477
606 419
483 427
696 660
526 256
483 699
606 906
606 345
606 626
526 148
891 306
116 944
458 817
488 783
289 705
606 54
116 928
116 771
488 105
696 492
483 511
458 803
488 521
483 6
483 313
483 254
470 50
696 706
526 787
624 125
606 173
624 692
580 721
30 572
470 893
912 718
488 558
289 596
526 61
470 503
116 495
483 94
526 724
488 631
580 984
116 788
410 213
289 661
624 988
580 547
458 28
606 922
458 673
624 267
488 22
458 786
526 31
116 763
891 449
470 5
116 571
30 840
526 442
289 380
696 471
891 929
470 103
30 701
696 336
606 41
488 792
526 268
289 490
458 999
488 220
488 194
580 40
718 641
289 874
483 597
606 438
810 285
891 314
580 762
483 307
458 800
30 781
483 214
526 512
458 188
696 702
483 761
458 317
606 985
458 468
470 263
458 157
488 93
458 244
624 617
289 168
116 139
696 465
526 735
458 400
30 397
289 38
606 74
526 930
912 810
483 101
696 208
289 460
458 316
526 657
483 407
526 106
891 344
624 975
289 960
458 133
470 653
30 611
483 184
488 350
289 961
606 824
30 514
470 736
289 348
470 205
891 825
458 898
526 904
488 978
470 553
810 474
483 797
488 84
126 409
289 565
891 7
526 211
458 645
696 738
458 296
458 180
458 19
526 595
458 754
116 342
470 27
810 967
116 533
526 195
624 87
458 68
606 433
470 487
458 703
606 612
488 281
289 415
488 894
458 730
606 203
289 493
289 925
606 369
624 773
526 251
696 461
410 426
526 411
126 86
116 911
696 951
624 566
696 541
624 905
689 921
483 666
458 44
624 390
891 15
580 378
624 672
526 217
30 145
483 178
30 112
912 56
606 714
470 52
718 72
116 485
488 664
912 488
458 530
470 632
580 850
289 513
580 328
483 691
470 858
526 367
116 187
580 834
410 191
891 831
526 881
624 262
470 501
30 229
606 515
696 162
289 600
458 377
624 608
912 126
624 712
606 551
410 813
891 118
488 875
116 212
689 680
891 711
116 564
470 73
410 545
470 707
624 340
116 804
458 918
458 949
696 892
458 642
458 265
116 766
606 557
116 962
718 331
410 29
696 130
410 782
470 160
606 709
30 324
289 717
526 398
624 135
410 998
470 207
624 321
483 382
606 238
470 686