123 314
95 103 6
65 98 4
112 121 6
24 51 8
77 78 8
13 109 1
74 105 6
93 103 10
41 54 9
34 105 9
42 67 7
78 112 9
103 118 1
26 59 7
57 114 2
62 71 6
60 88 2
6 28 10
53 85 2
10 101 8
111 121 4
35 123 5
75 117 6
84 89 8
101 122 1
9 96 2
27 105 8
9 87 2
59 95 2
108 119 5
19 110 8
60 83 4
117 122 9
41 84 7
46 77 9
61 80 8
85 97 7
80 97 5
43 45 8
100 105 6
21 54 10
6 8 4
22 47 4
65 83 1
28 33 2
102 106 3
10 42 7
86 104 1
96 114 9
109 115 9
71 123 6
4 121 3
94 102 8
44 70 5
65 109 2
51 87 2
20 83 2
71 75 9
20 115 2
65 67 5
72 95 1
23 51 4
56 98 8
40 88 6
84 106 4
70 109 6
73 103 9
29 68 2
57 95 2
35 71 9
119 122 4
58 112 7
121 123 1
3 73 7
74 78 1
24 83 2
1 62 2
6 22 1
3 107 8
107 110 3
18 51 6
51 120 4
50 51 6
118 121 10
20 116 3
115 119 6
61 82 1
60 72 1
53 59 1
108 116 9
73 101 7
99 101 5
115 119 10
121 122 5
16 57 8
94 115 10
54 56 9
77 118 4
38 43 8
61 105 6
43 107 8
3 30 1
30 112 9
69 89 10
62 112 2
58 121 7
104 122 3
92 120 2
47 64 10
55 65 1
108 111 6
65 92 10
106 120 8
82 113 2
21 70 7
22 117 7
60 104 7
70 123 8
79 107 9
48 121 4
21 39 5
115 121 1
90 106 4
68 100 7
122 123 6
119 122 2
53 81 7
120 123 9
119 120 6
104 108 6
89 103 6
39 61 6
73 117 8
21 67 5
1 86 1
92 122 4
78 121 1
101 107 7
63 104 9
4 120 1
36 114 3
14 76 10
80 87 6
38 100 5
88 90 10
92 109 6
45 118 2
30 59 8
76 86 5
22 74 3
115 118 2
51 116 10
113 122 4
4 42 8
92 117 3
62 84 7
115 119 10
122 123 8
83 91 5
91 121 6
17 79 6
60 76 3
53 95 8
102 110 7
10 115 7
53 61 5
75 107 1
95 119 2
5 85 7
18 94 9
111 121 6
59 86 5
63 116 5
27 75 6
43 99 9
5 98 7
115 118 3
29 33 1
45 97 9
122 123 5
91 114 9
105 112 10
90 113 10
88 108 3
86 110 9
90 111 7
91 101 4
7 53 2
118 121 7
23 104 4
71 83 4
3 64 10
101 105 7
76 106 1
34 107 9
93 104 4
121 122 4
110 120 4
9 14 9
69 91 9
75 87 1
2 114 10
21 108 8
4 81 9
122 123 10
58 87 9
44 92 5
49 117 3
2 82 4
80 97 7
60 96 4
24 93 9
22 111 9
66 78 10
82 90 7
81 123 1
110 114 9
72 96 3
95 108 5
69 102 6
61 91 6
37 39 6
65 77 10
61 120 4
81 119 7
62 122 1
97 119 3
88 108 7
50 55 4
9 117 9
66 91 3
21 25 10
15 102 6
3 62 1
38 122 5
21 107 10
69 116 3
108 114 5
95 104 8
122 123 2
84 97 4
37 97 7
82 116 2
111 123 3
72 92 6
91 100 5
97 108 10
20 40 5
114 119 9
85 110 8
9 73 10
59 105 8
69 118 3
109 122 3
58 98 3
59 78 9
84 85 9
120 121 7
69 83 8
88 116 5
55 96 10
100 113 2
76 102 7
65 67 9
52 88 7
88 113 10
55 63 3
52 82 7
106 123 9
61 123 10
5 122 7
74 104 8
122 123 3
87 108 9
42 85 2
44 95 6
24 38 1
72 120 4
19 36 4
17 61 4
20 95 7
73 83 10
116 121 2
82 91 7
85 118 10
93 110 2
121 122 3
46 71 3
115 116 6
39 57 7
68 72 4
50 56 6
119 123 10
11 38 9
80 84 3
119 123 2
104 111 6
64 92 3
47 67 6
49 88 4
58 63 6
40 86 1
88 100 2
17 36 8
110 117 2
94 98 6
31 101 8
89 122 4
98 119 3
49 67 4
17 65 3
1 113 9
5 60 2
74 77 3