325 755
286 301 58
104 268 18
33 46 49
277 298 23
179 272 21
234 292 56
89 135 37
229 316 3
70 230 21
17 27 59
202 251 6
86 177 18
232 319 32
240 297 50
202 317 18
258 293 48
44 299 8
276 280 7
189 287 8
88 291 44
210 240 11
294 305 16
53 86 55
119 315 34
189 316 14
143 252 44
100 140 34
158 268 8
63 79 19
174 190 52
255 325 54
290 291 30
302 307 14
79 248 7
193 288 10
313 319 59
137 233 52
264 315 42
117 306 1
257 305 40
294 298 50
208 307 8
58 208 30
21 55 52
52 116 55
65 109 19
95 161 57
251 267 6
296 297 50
45 89 38
256 298 41
34 169 59
147 296 4
232 316 32
8 274 3
228 248 27
136 270 33
27 159 25
278 287 33
113 118 2
292 312 23
14 251 29
313 320 24
156 254 46
190 209 60
298 314 53
86 240 8
243 295 49
199 287 60
11 38 11
137 186 55
170 292 55
26 196 54
238 249 22
216 279 9
92 156 48
315 317 30
108 160 42
181 276 55
275 298 42
35 219 10
11 68 37
277 311 25
141 168 50
12 224 2
52 206 2
115 245 38
196 228 49
237 296 46
105 317 20
11 177 26
106 301 35
69 181 22
289 312 52
280 293 2
123 267 40
150 173 18
195 202 53
229 264 4
313 323 24
20 84 5
79 196 32
290 318 19
64 290 26
153 170 46
68 78 15
67 236 18
241 249 28
236 252 10
66 285 29
287 294 35
39 238 3
182 229 18
179 268 20
267 281 23
191 240 58
208 270 3
197 321 25
253 286 2
267 304 60
62 122 38
51 305 57
289 323 38
14 286 10
114 247 8
109 130 56
93 169 59
139 288 15
23 72 39
298 303 57
35 110 24
216 244 5
324 325 32
139 184 50
182 244 4
290 299 10
194 294 9
283 290 14
51 228 37
143 193 19
275 292 7
320 322 25
168 324 9
159 304 37
189 199 19
81 292 40
129 151 21
250 324 21
253 275 15
168 177 37
59 148 43
189 240 45
153 208 35
207 225 44
159 167 47
215 227 2
98 319 22
201 209 41
291 299 57
135 309 21
166 191 7
227 314 18
162 232 32
172 222 24
233 307 33
229 260 34
309 312 55
137 257 27
42 223 11
282 317 45
37 194 21
158 294 59
179 282 28
277 281 6
37 100 39
150 290 45
19 73 28
129 186 37
169 268 33
248 283 5
177 295 51
317 325 39
32 118 9
96 254 47
166 284 51
59 241 19
152 180 56
180 325 48
162 164 58
35 170 58
298 313 16
286 301 4
168 209 35
211 297 13
290 306 21
61 247 14
43 251 48
138 312 33
296 307 60
305 308 20
90 303 50
202 233 58
161 171 5
101 305 1
163 280 6
189 214 46
74 226 1
133 227 15
322 325 56
61 281 45
119 254 16
273 324 30
238 296 34
57 133 3
118 185 43
21 119 18
272 281 29
266 316 40
322 325 39
147 268 58
54 276 31
47 266 34
236 317 34
188 198 45
111 218 12
194 246 7
313 323 31
52 180 41
257 267 36
298 320 58
127 236 43
56 134 59
135 241 43
185 299 21
118 284 37
298 306 39
305 315 26
304 320 38
285 304 17
172 299 58
25 272 50
173 283 19
42 73 20
300 310 2
240 286 22
256 286 12
155 188 26
201 310 3
169 191 47
312 321 4
123 188 15
317 325 2
156 308 9
36 318 57
220 226 27
311 315 48
40 299 43
309 319 42
46 85 57
206 235 59
78 106 8
112 113 26
117 136 28
144 172 3
287 303 29
146 243 57
185 273 35
120 219 4
112 282 41
104 145 22
172 199 25
102 207 49
246 283 49
163 296 50
244 282 42
167 267 46
200 262 16
23 79 24
123 222 26
14 305 39
231 237 10
238 303 46
181 289 52
244 269 22
140 253 55
120 164 59
203 284 42
85 94 60
239 277 13
248 266 41
5 299 38
148 229 42
305 320 20
83 186 41
9 63 56
270 281 13
166 241 25
111 316 22
142 185 25
23 59 32
55 77 2
56 313 23
303 325 11
89 242 59
181 294 59
209 226 51
293 303 26
60 294 25
52 320 52
188 287 29
247 306 51
27 185 38
22 46 41
173 219 47
9 81 51
123 299 47
278 284 3
68 294 34
246 317 27
277 318 43
90 175 8
40 285 22
66 100 34
243 285 16
40 276 53
318 325 4
112 323 3
195 278 27
122 156 46
319 320 30
57 251 2
318 320 17
6 13 3
294 316 17
20 88 9
291 303 59
159 293 29
21 112 8
229 322 47
190 206 10
224 293 26
268 277 9
149 325 30
274 323 13
100 123 48
37 152 28
61 180 60
175 210 23
17 186 54
64 140 51
185 320 58
281 282 46
282 324 57
154 252 26
243 280 3
41 73 44
269 289 32
105 199 43
167 312 50
222 232 12
104 227 20
296 319 57
166 190 23
218 296 17
43 245 55
193 214 4
86 127 5
181 184 39
50 289 52
84 187 3
259 290 13
322 323 45
224 225 14
263 306 43
65 121 30
237 312 19
39 80 41
17 38 13
30 317 43
106 244 50
31 61 26
208 284 57
169 289 17
239 313 5
184 308 55
6 253 27
198 241 3
90 296 7
237 247 49
316 321 29
56 98 23
64 291 32
99 134 38
39 117 43
2 230 17
103 241 13
198 238 52
308 317 4
322 323 37
313 319 38
159 178 2
58 276 29
64 193 55
233 272 28
146 156 45
54 144 29
22 79 16
14 152 23
144 168 19
182 232 34
324 325 40
161 285 20
56 167 50
121 193 46
76 182 16
50 141 25
131 318 29
319 321 56
217 273 3
65 235 50
288 312 18
83 221 52
249 288 50
68 192 27
132 324 2
233 237 53
25 203 43
142 279 52
323 325 26
237 248 34
222 228 38
44 211 49
258 302 22
231 324 17
303 318 57
123 186 19
90 140 25
162 253 25
106 154 38
148 179 27
86 300 32
69 231 36
312 318 12
321 322 1
318 319 21
254 283 46
19 167 51
169 238 20
79 214 4
80 225 31
270 301 51
232 235 31
136 230 8
81 285 11
40 185 21
173 243 21
217 316 15
79 284 60
115 146 30
235 287 48
278 311 9
149 207 12
43 302 11
219 223 41
131 240 26
277 279 2
3 258 43
239 273 11
179 185 57
290 300 24
245 259 52
315 317 43
167 201 23
118 235 8
196 199 27
265 267 30
51 186 9
232 278 60
89 96 6
11 113 33
199 287 14
268 307 7
106 290 36
188 283 14
136 200 8
270 278 24
89 248 46
77 114 48
25 98 53
118 223 53
283 287 42
309 315 9
73 283 24
172 177 30
314 323 8
162 260 58
149 264 23
121 291 36
306 321 40
77 106 5
155 266 31
64 129 15
244 286 8
122 129 19
324 325 52
263 265 7
131 267 52
276 296 51
311 320 32
146 274 1
30 124 60
173 272 9
103 292 52
260 292 20
39 126 46
24 55 45
276 282 21
207 214 59
147 292 20
102 265 41
277 290 32
73 193 22
31 88 46
34 264 28
253 268 6
7 232 58
237 268 53
132 136 39
82 127 43
270 291 26
156 233 36
220 268 44
285 313 27
12 158 53
100 210 3
198 275 22
140 272 17
175 184 29
169 258 4
324 325 60
310 318 10
170 172 5
95 233 41
201 256 4
241 256 44
69 109 41
69 71 13
69 204 7
64 247 15
32 302 9
181 305 60
32 299 58
102 135 48
219 221 57
145 270 23
132 320 14
226 236 3
253 262 25
192 245 3
194 251 14
139 273 40
136 284 47
282 288 34
310 323 52
228 256 39
136 211 18
14 65 58
186 225 25
118 251 25
150 276 21
12 46 29
130 141 27
255 318 7
231 276 9
245 274 44
205 252 55
29 116 39
59 155 60
196 260 34
293 297 44
42 243 40
69 208 25
314 320 18
61 212 41
257 289 11
234 316 56
240 254 15
27 139 13
269 317 33
108 222 42
124 179 52
305 315 45
237 311 11
233 292 12
283 317 5
44 222 27
23 85 39
173 224 54
294 297 11
153 234 56
248 322 33
324 325 51
221 257 25
262 312 42
96 323 8
76 298 16
56 130 51
204 271 56
60 304 15
36 310 55
303 306 4
98 244 58
135 144 10
235 275 26
175 315 29
180 227 59
94 207 22
194 265 35
69 158 55
243 291 15
16 255 22
146 244 24
187 302 52
176 177 35
248 281 35
149 211 59
315 317 17
37 192 4
324 325 7
161 313 11
233 248 27
243 275 39
95 108 4
143 315 32
93 300 50
169 292 56
111 236 39
126 127 31
282 321 52
278 300 14
119 258 8
181 275 29
49 304 30
140 233 40
31 225 44
119 271 60
31 283 1
132 224 29
156 273 28
3 141 46
185 292 40
22 34 38
220 281 11
66 164 33
263 304 59
89 119 57
279 289 7
162 256 10
208 209 60
292 318 21
225 267 20
97 178 11
169 290 24
103 218 16
289 296 30
15 59 32
203 254 58
218 270 44
60 105 37
100 274 25
280 292 33
87 161 30
173 250 7
17 300 53
284 323 12
101 155 13
145 197 12
207 210 5
244 297 13
278 298 21
136 237 22
193 266 10
172 317 30
16 42 49
259 273 21
109 287 33
199 231 17
279 294 38
8 18 47
31 301 27
20 43 36
299 307 46
242 308 43
35 254 45
138 139 58
277 321 32
69 168 23
46 140 44
53 91 9
168 187 6
201 269 27
87 158 24
292 303 39
294 305 26
258 302 28
191 211 36
193 283 23
106 198 20
59 112 27
177 299 56
61 125 26
254 268 14
298 311 54
22 179 39
101 314 19
297 298 29
219 262 23
267 290 12
211 224 34
191 315 27
321 322 26
323 324 56
300 321 20
28 265 59
135 187 39
44 91 32
235 310 36
268 272 51
81 194 23
54 293 46
80 85 37
290 291 22
98 305 4
323 325 6
302 323 13
210 244 55
117 180 54
220 304 19
305 310 11
63 134 46
305 313 39
276 309 13
1 209 34
22 46 34
169 222 45
287 321 57
62 201 51
96 238 29
284 285 5
294 320 54
93 305 44
2 229 39
311 313 48
48 98 41
78 176 47