299 81333
17124
3816
72377
53958
50701
52971
34440
6434
46069
19129
78689
63578
13675
67801
51717
53499
34963
8217
39699
31650
58063
53355
21055
29521
35844
50595
27045
52768
32411
1446
41961
64062
12829
55680
37185
40872
67622
31240
625
17071
67084
44261
35060
31632
22581
72329
10281
36440
50275
69145
36660
58339
1631
17639
24549
48095
47323
79043
28755
52760
59581
50384
18192
63569
57654
50072
32371
80088
76901
56295
35378
38355
71103
78914
67600
17450
76131
61974
76526
68022
46986
70689
41677
1773
50818
622
59165
21363
57165
57575
9225
65132
25346
54660
27225
7559
60967
8576
53949
80052
26975
79808
71518
3979
20101
44459
37343
18883
78442
51487
13831
925
24770
40261
49684
63725
14452
78771
66042
6593
41136
58075
60224
42356
3075
15429
36037
7918
49309
63816
49169
44630
70713
19270
40489
3228
60044
4698
53711
27474
40308
15344
11612
80368
6635
43124
68686
59624
11473
24202
22626
46236
16857
31046
6789
30873
67538
2105
61039
4709
44793
13157
24936
29658
29526
56395
13815
46911
58706
70319
79689
10430
16060
48897
79537
3467
49481
30920
35007
76604
67205
60581
53638
66024
39123
4889
39226
41228
38589
39021
19793
15015
45165
31402
13891
38500
16470
61199
39568
16287
58478
79675
45324
75589
60751
61871
31404
32235
31000
35871
74211
13227
55295
12708
74361
37393
52877
61520
64113
19878
58529
12417
9714
76784
24205
21161
60833
19263
22352
12405
80486
38994
17521
31902
62889
6056
45016
61519
58677
12268
26241
59979
50353
34202
66653
21748
23606
78917
10531
6990
51632
3990
51122
4429
37786
50345
33787
40878
66802
45019
10168
31517
53771
71980
59239
52366
11726
35179
59588
49445
23035
38418
53838
65894
30229
69436
66722
60812
35664
8731
9605
38427
77906
52579
14286
78086
14602
9580
946
21203
60164
26360
29876
30562
53881
74095
10100
53113
38073