454 62026
45675
60440
15801
9003
55375
1084
12192
32302
31558
61637
6673
47520
44623
34741
8022
57680
41600
47989
25264
27996
6525
22909
11011
3952
45800
61938
33909
3017
50022
9419
38799
61111
2673
59799
19567
457
61992
37948
60302
60813
3732
34151
23184
58394
45146
25593
56184
37597
46495
61206
39920
46009
27380
20928
3611
45108
8038
48566
25011
42134
60349
9445
27826
6745
34507
28709
7466
11819
34213
57440
48196
23553
26841
60298
19131
17768
43409
50281
60626
26997
19748
55454
58411
48159
6969
33232
42866
36763
41161
52688
13292
46438
53561
7569
35351
4284
39722
44112
42048
61927
33627
35117
35362
36930
49166
31713
2721
21413
9956
31167
40081
14578
29675
10550
11441
1939
58029
5855
31379
44768
20278
26430
7353
39766
17980
40919
20810
54876
11350
36929
1051
14606
41568
48628
40712
60530
16212
2459
31785
39663
1904
57409
44803
59985
30014
29259
52707
4786
4940
47523
7345
8227
13759
29615
40972
36845
39435
50323
29218
30026
56833
54760
24731
59429
43000
61648
26646
54178
18560
52434
44714
60906
2608
17708
20453
51577
11658
49514
21563
28294
33610
35268
12329
28363
4668
38907
11807
8466
24627
17020
787
57384
61308
43884
48304
29491
1873
33458
22683
26457
21053
42238
17043
2488
24939
54909
59663
37941
45840
6332
37658
50070
54312
41887
36562
52634
61875
20550
31798
48232
60265
52854
30241
53669
48676
18925
32179
37239
38047
44019
16490
36712
41663
3799
9483
9266
43985
43682
48832
16675
32700
9220
56636
15036
10425
34592
41782
8540
30476
18629
48778
58617
43387
9761
21365
17418
61970
61938
21624
9335
61502
387
46498
26468
35738
50308
45383
23372
7288
14104
12729
48809
23588
38901
61609
60331
16591
23356
61597
14953
44048
10719
41816
10762
9490
35161
39362
27105
59233
26882
35858
43365
42303
40907
61918
38529
43857
53546
3701
51753
46668
32514
40406
16578
645
31682
22027
11408
16189
38679
7235
50737
60003
27158
45993
33693
41964
26378
58441
6668
10980
3905
34673
35748
47979
24528
46372
17388
45069
19007
23682
15047
23262
35850
40553
16959
44040
41367
54130
10111
12532
814
47028
11006
30703
37714
6601
22846
10972
30967
35055
2747
13163
54824
24621
7428
48294
28041
32973
59330
11704
42354
56691
46145
18463
53643
8554
26404
18508
44520
38684
41788
5450
38681
8983
27020
28055
39836
21012
8406
10112
42279
58661
43251
43488
26138
56650
10899
45661
52488
10861
57780
41730
33261
53800
59943
34028
11339
60962
15260
19712
9331
60546
36141
5406
17947
39392
57250
11464
38369
37812
42946
2255
58643
21783
11421
43373
59836
53170
52733
34981
55202
33327
46449
10396
13009
44838
20889
17818
45340
51279
15672
29760
42021
57412
45610
1086
15004
36415
52203
45463
40762
5631
42542
39112
33997
49898
31624
15407
3240
22780
31611
41020
59383
