6163 204132
40846
4979
34238
82251
10817
51926
55458
83885
44112
2987
8317
92955
1266
76272
34539
14856
63570
101240
37820
71415
60929
77696
71986
17838
86686
51545
5744
53699
20233
67668
84418
83625
40928
90844
33776
100622
96440
54864
11407
34378
17708
76881
62993
85831
78619
52423
75828
7730
98977
756
45598
32795
12432
5449
72608
49096
40401
66661
63924
39407
48798
36256
25840
58097
9233
85656
24659
79279
3826
1444
88799
33698
28138
99195
30684
96363
19477
34132
36523
77809
88568
91017
6788
18508
65558
95813
52991
50910
64912
39704
38874
55576
29707
58060
49536
23555
15120
58735
53957
40165
24219
22631
84090
39400
50068
90181
45405
64777
53675
1645
87527
78472
108
72628
32092
101795
50117
44284
88801
12136
51393
100512
88335
94594
83172
84790
12719
81232
79781
15493
92596
94389
67750
36826
88942
4779
28659
39400
93189
42921
52583
72426
78489
57515
28149
1161
71397
51405
54965
28576
40429
29248
101386
43073
51274
10337
65682
74054
79544
67726
43575
1585
102041
44034
57051
99624
11486
83499
85002
92803
8597
83127
56683
15248
9560
34374
14821
46845
44247
17847
68871
101502
56644
64434
81551
86740
18517
83221
59303
77572
31864
8416
71280
28463
24430
30135
40180
64625
41704
43209
32595
50881
7075
50527
12132
14591
18339
7004
18872
75633
97899
20375
55179
17643
83097
35404
20471
29898
10305
79782
69965
48700
34423
86063
60123
24428
2352
83450
22873
86286
19593
31539
42069
15040
18041
73277
43167
31634
86130
86338
93698
72319
74368
71871
51978
4128
8748
32772
20637
62209
87630
72887
57462
83746
98712
22536
94000
15343
11749
6942
30444
25568
53641
40750
4570
38853
64140
99710
35568
7289
75922
43871
90878
78843
23645
23062
93658
25936
41933
52639
93892
71374
80818
62680
93040
76399
82671
17043
4606
24659
30665
100311
93127
3820
42095
10303
43391
8940
53625
93393
62171
90755
11
7480
101635
56036
27976
44637
55916
97376
91288
60875
22379
98151
58103
31299
32164
10070
22104
76816
80820
101026
29379
72851
52815
63595
36274
57000
30444
61711
6516
49577
17359
77056
6940
60036
5215
77095
51649
12165
36614
6690
90787
82932
61548
351
3179
23114
29335
71624
79347
87784
68474
65216
88116
23141
7699
59102
16996
16187
46862
4957
78
37158
93602
94893
87767
67671
63435
36231
20438
39243
47684
86831
44097
12965
35609
60950
28600
46350
57762
76159
7121
12822
32830
99103
29951
15337
67972
82515
2728
29135
52575
91814
37752
62025
58727
95215
11967
43881
9773
97303
28621
15517
38750
72501
94448
60867
91569
90723
2303
227
66946
40032
66827
13457
21787
33289
99889
89233
34977
99265
81179
33205
91740
85129
45666
57990
89685
79775
3328
28826
1142
45242
61195
88797
48337
24029
7629
36
49855
87388
16179
35874
63714
64937
33108
86749
60791
89177
36398
91719
24465
17115
58154
94063
13355
82461
98792
5296
100850
48994
12424
96204
64215
91908
47796
49972
74390
51973
7347
73706
5249
1673
63620
24175
14641
43373
61105
33899
71208
13505
5655
44073
94719
86948
50508
48944
33916
39734
60230
74653
16432
77422
35278
79446
77570
74421
44202
70298
72384
67238
3060
89608
34742
39225
48796
69786
80181
2016
48248
66766
18336
75580
30317
24449
2246
2211
83968
94033
100802
34879
62531
82315
68393
6436
49270
37896
85575
5854
31100
35278
81009
67036
68111
71144
32975
69450
25570
30007
57790
62349
42222
10967
84938
48710
56199
75877
3656
65205
22658
70504
97703
46658
95944
93408
99238
81063
76628
34035
25371
39052
44549
26783
67182
38108
24785
15473
83522
80516
53668
79836
75357
18545
62052
65499
53765
54349
44472
37715
49999
31361
34480
856
75564
65200
30447
30113
13033
81316
69306
38295
91788
47704
25781
14165
698
89588
75542
85388
39164
47493
80369
77743
85360
63587
46768
56875
42447
2816
89384
15014
27277
20360
61345
38387
100780
23923
71551
19826
47817
10050
23509
63515
5030
49460
2699
81211
56471
101050
30849
10172
46274
30126
51836
79686
99000
9923
33727
45644
39115
80212
51155
56868
22474
23847
29387
33909
26845
63175
16837
54371
52864
91858
17668
18726
39022
42161
92774
66223
25761
8481
93505
42970
74055
92004
49974
62124
37585
66620
56243
39823
75934
36045
30922
64417
2706
51049
84692
46575
5978
2857
68991
83000
16260
83036
71801
98771
33931
69730
21117
44141
79771
13687
35443
4416
81698
41106
46529
78795
17699
8982
66740
40051
19885
27370
54682
30562
30217
95789
38012
63697
5606
65358
41310
28836
5593
35977
32392
76723
67276
7372
92999
17652
27782
2700
33093
86898
6912
12399
90979
34761
49490
6741
89555
8197
1465
59518
88930
101065
94628
26939
59795
52277
64819
93017
17634
34967
32102
68429
95173
50738
27820
86755
48500
42082
29714
10360
99340
51294
86183
55282
13599
98361
66670
48836
93051
65602
52371
64740
81830
48769
72767
14728
73864
36055
66027
15889
17154
21599
42401
56199
26581
93705
31511
17785
86057
69606
7356
98012
51330
82267
77814
52755
72650
15949
84098
6112
91387
2393
74899
6364
29899
100196
20220
63971
95216
96010
42445
38835
92977
85246
37789
65837
43772
30475
46406
75148
74346
23107
101771
52590
14123
36029
41473
74363
96081
85211
74687
25726
67673
37094
40996
8473
70198
52532
80123
83138
83003
90171
778
37599
47966
4848
14946
98374
87103
57129
53449
66991
14464
99680
33484
29815
31265
40477
20532
40195
77684
10612
75952
32481
24695
70764
12690
767
87725
49191
9216
81014
23156
11351
75614
1060
94676
100261
34207
62711
36725
58918
28623
64226
17312
79000
19189
100179
7080
100185
56124
22795
84295
29808
15882
72200
61176
89385
85974
1335
62772
54039
56270
82675
36538
64195
96940
90737
9820
74946
7159
80721
56753
76431
52701
32643
279
86121
80906
24581
82736
33111
22579
64262
86448
24256
74653
68228
65268
81430
54012
16686
35543
65587
28839
70975
2275
53280
101767
11348
49378
27553
20080
1336
46368
82828
38228
854
21852
52941
95119
76135
17174
45220
100777
18867
18676
84268
51205
11703
45979
83013
14445
69354
96287
50513
18585
55626
23128
21525
54746
39944
52026
60112
70506
62882
35019
92780
94436
49633
29339
21709
71567
50311
22473
3754
52221
33575
69467
78913
82187
75285
81831
44430
83632
46898
94750
4758
29399
65716
99865
97596
2560
39237
99081
13791
33435
49937
92817
92802
101133
20565
40376
65781
49282
35713
93741
62895
49620
33434
78134
67976
59562
37944
90919
28407
34333
86737
89599
40150
39294
65689
35273
62617
49705
27435
77231
46706
61324
6697
62313
99157
22578
66745
43753
31770
18147
87644
78989
90135
1999
49003
79931
24958
94392
62110
34741
25603
81636
67915
6846
88263
87822
100966
78149
65135
53589
59132
83307
12457
91000
57265
30256
37157
42737
4203
27819
21663
70099
29263
80716
36764
28049
58963
60161
95932
87541
67425
45481
101832
61349
46979
38241
38075
82807
60821
61820
34736
59605
29648
38052
88970
90549
47321
8337
54235
11598
15697
34405
83931
65523
94775
66483
27681
36399
62386
39989
67386
40357
48605
68483
60465
62826
4900
44525
1196
40853
79171
99171
39778
47265
15216
39859
3929
25534
27843
47710
42011
39722
53172
34135
32230
39621
67152
15336
68446
45871
74444
85720
84368
84677
10548
40561
48947
66655
27785
4859
92287
47183
42287
78389
58237
8042
26290
29571
20851
54847
49874
72843
397
97654
82259
31379
4062
21905
74432
89737
84059
20915
45577
37378
67300
28015
31031
93839
68099
16122
2774
83509
30862
36847
40610
766
80273
48736
92567
93187
11423
37627
86881
47071
18964
49118
46090
92665
24312
85332
84669
16499
85311
38765
10307
79349
72892
46988
42726
70633
17274
16261
53911
7577
95471
9726
29571
37806
32178
10017
67323
75632
84341
86347
84686
61606
79679
15919
58769
94396
2554
12699
38797
24212
54463
73843
57429
9660
68187
79412
48989
84516
71224
48088
84941
1247
62066
66906
26239
1459
32043
29090
69673
36558
14879
22698
36925
41799
89310
53904
11959
6433
62073
9210
9013
71070
60563
11815
19536
65789
36308
58432
58976
86243
61821
14554
62084
10425
5086
64316
25297
64666
58536
5136
33741
17211
26830
83772
86013
91313
39391
58573
23512
99109
77877
11636
76480
16812
94091
97422
4572
40847
5668
70105
48268
67578
8023
16138
16131
75610
1322
6340
42606
78491
53472
8883
99879
36944
68974
20722
37236
45286
89658
2401
95089
53044
56756
43654
30405
24306
29183
80975
34320
58350
2623
26177
47088
86514
58962
39568
70048
15840
63437
56678
82205
37500
49889
3207
10749
13174
35654
60103
21085
69667
64590
95611
101498
33732
32520
86371
11241
68054
19630
23421
14595
45637
29644
76825
49892
11810
54280
80322
83844
56725
98999
64400
26773
60324
19450
99606
63901
13064
12872
53566
58374
61284
98206
53872
9675
56516
88831
76425
56668
80620
1812
4199
37161
49341
69003
28266
52548
7503
28580
86510
39408
55095
99164
34107
63933
89539
51559
23637
48553
20381
39572
81975
59150
94080
79571
24568
21120
91544
101341
31683
81363
22494
39664
58742
94761
66042
9914
10673
12968
22282
26932
30338
42606
76004
46677
9211
15351
25332
47657
34817
45075
34075
98566
64388
51242
74343
42427
7591
25380
92178
15683
100371
86412
79551
82769
39437
25797
504
9450
48877
41381
18836
47955
5095
44686
76667
53521
82803
18201
88810
53435
34833
25199
90309
30918
4947
26065
33844
70005
16117
99722
48915
48915
23338
88043
69492
56164
12421
96924
57690
62453
66855
3734
24585
12420
41451
99544
24177
13753
25765
7361
88103
4173
28136
90136
3805
88234
61161
14073
40235
21216
58765
13647
68832
99947
50757
71878
98592
77729
67507
80174
37574
5217
19793
69200
3805
63573
51341
34096
38731
98388
63134
39654
36837
5914
97727
19758
53296
81548
25294
83665
30888
98895
45202
85792
72273
2016
47152
74764
19180
88696
51552
90707
84384
55028
51678
58409
61455
76432
1499
62770
52054
50996
42922
31206
83669
29765
100245
72072
59451
86713
56078
59404
80523
14635
23473
25017
25390
4806
50867
87988
35353
20004
41816
21169
32448
48355
65995
41991
60134
9145
10436
100657
1659
39823
59371
30650
59068
39983
101049
73107
19292
52586
7008
82287
81949
16320
34571
42470
96133
57297
42525
88081
7355
86238
28292
22216
2339
31414
36416
46039
79077
75720
62684
20762
50629
4422
81076
7522
68272
45498
18284
63295
51679
47119
4947
72799
64724
1932
94595
49908
19230
34722
45200
93127
6261
84423
29832
89966
1882
59730
36798
89287
82143
25685
54734
38851
16385
48473
12879
74433
89110
74903
6920
50779
62099
18642
33595
36015
29000
87782
100367
6264
17667
93106
45972
40470
77649
45195
31652
87225
63007
23205
92571
41676
19580
82315
70644
1078
49768
41580
89484
20295
3593
74882
51785
96433
45383
92991
52790
86022
9009
79552
66743
85597
14570
28663
45068
98188
30791
92954
50414
96439
97919
7037
57643
18758
57377
69193
70753
23992
12771
63124
69788
93858
63295
38292
96446
16139
5665
79623
41275
87590
60014
91558
83268
54032
95393
91633
28451
83504
69889
25345
20703
83687
86982
65764
27144
87165
15601
93272
14181
37335
4519
55097
89797
77638
53384
55692
95535
27172
3924
23909
64972
37824
66629
68821
92191
101135
77026
90512
67993
29423
21898
40975
13208
98533
87991
22812
61235
97650
57041
28669
6844
66814
96236
10783
10055
20427
13170
86197
92593
93238
26916
70483
64576
65066
86999
49109
100279
63761
21017
52791
38898
62441
18798
63723
70165
91118
66824
10039
36491
53987
74517
46623
66722
32064
91730
86894
13393
76710
63567
60040
17239
9502
85752
45905
76934
45055
8021
42227
7874
2260
57846
94682
77108
101621
82646
11163
66310
60980
59814
12117
33137
99108
22294
48260
16713
80453
27855
26755
3394
65413
55938
6654
18176
23456
33791
87504
73670
59120
42625
36900
75866
87752
32586
10163
41558
93533
42356
88500
3614
27244
55431
48842
33329
16441
68879
41452
15390
27816
88093
37935
49040
74825
62997
4135
5189
52373
22449
72946
29460
61379
27764
33164
91320
4579
94672
8266
22617
68561
88376
87369
25338
24343
3557
76750
53232
83616
60882
32877
92628
49490
31323
62330
38343
72371
78683
52159
33192
49019
63932
95977
15832
81765
74791
100278
89618
11334
88397
46954
59512
18611
26036
37000
47339
21178
54398
18330
96463
12428
33040
47649
16930
70015
75032
92437
71961
50238
49762
72484
99389
86667
27747
49086
14269
46322
20550
51884
81448
88150
91644
9048
87397
4455
85399
64375
27288
69935
6398
20867
30996
57717
29306
72408
4814
96938
68920
2795
65794
94450
35003
37024
68021
61379
70991
48217
61042
31269
26722
65287
9449
28105
61554
5734
12014
84464
21500
75775
55277
72144
4449
26356
1917
8363
51518
23920
26777
69807
20876
19358
93566
71192
83678
19386
28894
32187
73504
66470
9285
32256
81945
101445
36564
64464
16023
93188
13995
64729
77300
76230
61670
80598
38832
81386
53154
40994
33581
49398
57382
40885
36078
91645
40458
53116
37508
67785
69023
76466
17122
1577
31051
65332
39800
64951
43390
94523
36602
14722
62152
91220
32894
4164
60810
14382
82070
60147
80933
68222
45300
35804
44653
75169
77480
4873
98784
56699
72591
1406
69800
68763
84260
75095
22164
89305
90557
91590
69627
51690
92761
91168
64688
42676
15363
101876
11972
11819
47163
25346
16881
30982
11402
63267
7062
73877
58005
27938
64396
9254
42051
48820
40000
97529
67544
32328
53239
55672
33663
44887
66594
98951
95824
95466
45913
71731
7283
86761
12032
94469
77540
2253
36639
12262
68466
67487
53962
31697
60333
55922
87524
47651
69003
82988
66048
90844
29744
814
29696
86139
4662
58830
83514
31326
80466
92008
42290
48834
95207
83154
3323
60775
46001
84447
79536
70149
28777
37987
23268
13369
71860
2904
20216
26027
42294
4499
83662
80056
70645
47476
91752
63266
2837
85451
71062
30699
3476
76727
23984
52348
29213
48710
17340
17630
99829
54761
6172
96393
94493
37750
63259
53713
51385
16163
14077
69675
56374
48277
83284
80670
17359
67488
19268
63145
56773
80322
16617
17243
78361
50945
46074
67632
32750
42824
35692
18851
6634
52401
87721
6682
66327
44234
15095
83167
21307
1429
20806
31720
60137
95125
34826
100820
58745
4845
91034
99140
7163
9426
2976
47013
12743
18689
17009
17841
4947
10240
80708
35386
56695
40780
91817
58504
6684
20049
45648
82987
83275
92247
32710
98042
41620
29460
42063
73191
78494
98469
30326
95277
29603
85688
88440
20605
6391
9514
2910
24375
75302
100508
25355
53086
51580
15346
27019
71796
9710
9134
81052
61816
51087
22134
42532
90852
34083
20490
12213
16593
34389
31085
17287
89276
60167
10359
8296
29719
39648
24778
47063
80445
61155
94356
41078
93939
53381
32782
96267
1968
98929
54332
82306
57782
27704
53237
28802
22583
45540
12384
65504
18914
56880
42880
93777
52841
63031
77096
24533
14780
3910
9433
14925
56357
73404
80378
50487
58687
36765
61595
63451
28118
48325
38409
40190
64040
89181
93325
68766
62895
13804
56484
51646
41461
62850
29358
2003
43664
17421
56121
65959
60471
61741
53472
77045
36508
25019
34514
22094
3217
76849
62356
74426
54360
45477
60919
97759
81898
96189
63086
68570
20870
93252
56636
10432
55017
7290
93627
69319
76741
32132
43137
16555
2321
11855
6481
94771
69507
83654
37432
86432
32214
52279
93450
74615
53202
53343
24063
85969
97396
41372
84808
29289
77518
48505
50377
45447
99341
58426
1487
77231
21214
77309
6914
29346
79467
6467
36320
52141
45871
27061
7107
65298
14187
88275
34087
68665
26174
14095
60583
3403
83395
13970
84187
32274
12800
490
5293
19168
61999
83901
90950
95169
33057
47939
76843
49269
81947
69372
90580
2954
9509
52939
69308
47167
36487
4543
47283
99410
92041
78468
68590
11191
27190
87879
30036
45884
91238
75288
49171
90104
95092
81068
63899
12911
94674
56991
39486
76007
54495
47799
98023
43359
86452
83308
35008
69533
69304
13485
47703
48229
90200
44099
88429
45174
85700
31103
97456
63938
33772
78499
11198
50664
36858
20400
48704
17132
90363
39613
85433
44082
5196
100117
93477
3764
30841
13000
26036
30896
63445
15008
11548
73308
26120
44172
92664
65991
51716
61386
39987
65538
56467
11651
9342
17400
83565
20618
55312
72795
9343
97302
50682
34664
47918
86332
62043
84857
21224
85724
3523
36532
73631
39578
5757
52763
31975
36790
5716
28476
70457
96359
16208
424
97538
1736
42582
24034
58010
39005
68238
42464
72245
51070
10398
2564
59932
4752
12957
90212
53434
70863
36318
55317
101116
2318
38600
73943
46590
34323
55212
80710
54781
49876
12918
3969
90558
52117
16926
48277
30383
97566
63012
35258
66583
40781
81657
39074
79516
45918
78959
11279
73464
98839
84601
10326
63878
95032
37844
29645
31230
52079
26127
74119
44512
51790
8309
25293
59049
23099
1073
64150
46064
24371
48145
66868
34606
27281
47577
47924
14600
59641
28793
25489
33777
93073
13138
99089
98538
81007
58576
56384
6788
82485
71432
17690
80947
80860
58576
93295
32456
46268
99330
17771
83056
36952
30537
51283
68069
34505
27624
59159
91406
68227
30009
9546
77205
43985
38319
16633
71256
44266
6210
79582
14404
94791
17263
47373
4821
31425
1790
97868
89705
45761
43845
32776
34943
24348
6410
22164
26456
8836
50709
58199
1733
90752
8360
98898
31904
2322
77984
41228
32741
41602
99472
98730
101618
60284
20475
12733
96311
9742
3811
4896
20011
101574
37151
28872
25563
79463
79820
73537
97241
10184
62066
44542
15021
94915
53373
47927
54545
97988
45361
2263
86389
86335
32040
89812
27826
3026
26912
7710
5437
43434
6993
96768
29868
21865
89235
80362
34728
36284
96356
19811
54821
20309
57711
13926
74606
76486
32912
44588
74238
74077
66458
8767
77790
55514
98962
35305
15930
76101
71725
8309
55493
20585
20929
13612
46624
63494
94585
85726
59800
53267
16813
101962
75944
82863
40289
68071
42223
62188
49787
19566
78495
71202
8501
80711
24230
30900
1067
81763
100562
50989
94874
46127
20355
62628
30456
65505
68241
45024
36822
75114
98641
99521
10195
86183
49664
60687
431
39601
70084
36043
5273
1615
16444
8422
54557
9964
59369
53074
22410
8459
12168
57242
88349
101210
70676
4140
31236
18542
28233
16236
14713
33030
56026
78904
61891
21108
35548
31016
25700
61089
79888
95362
4693
90148
33765
10344
78879
63292
97241
3120
89855
48391
5198
20826
64769
20415
10494
20892
90856
49813
94389
34552
89573
52721
83825
81694
15639
101956
32925
93805
26788
36879
83866
19851
74040
45078
18671
43212
68424
77821
32099
20163
82952
101765
78753
46566
51506
73692
70327
58612
27185
94839
74422
69058
56112
5763
28113
49393
49273
49863
81860
1444
101622
59030
21019
91035
4186
24901
92007
86849
59559
10935
65843
25820
67283
97703
39285
9585
8253
4889
92745
1742
30830
37050
71916
32094
55331
53686
24526
77427
53250
47716
83440
38775
6396
32240
27135
99999
37140
23444
137
25909
100291
5362
40310
90708
42978
75286
99132
90850
76303
47330
70306
71826
88329
24849
45075
40501
90206
62388
98460
28921
55368
68455
53843
91443
81043
38752
15858
13712
46826
46584
64335
76980
33867
71517
19861
9924
24956
85964
71657
11380
36832
25653
96619
26633
43247
99727
3378
89990
77221
62728
97006
92564
58589
45414
97724
66616
56836
14318
101804
54467
72239
8286
12310
16411
22367
101551
82968
26785
46611
19435
20821
27088
19471
14156
36720
17853
91063
54030
25618
61215
25480
22178
54642
39148
6458
68179
100922
33033
32895
62065
28536
90373
59589
60428
80699
66715
75143
10994
37241
51081
86953
67420
17678
9892
11615
102064
39495
45382
74766
28705
99332
57576
37206
50243
74129
34604
80227
93636
61080
80356
49279
77431
50971
72027
38227
29541
101754
73355
11045
7968
78578
25578
23259
90241
24456
85322
5644
82250
54964
49515
30777
13829
87804
54062
27559
17016
28786
49635
842
90796
35511
101988
93869
10998
6124
86438
15883
1796
44473
33919
58557
71398
46895
11835
17513
29568
8286
70864
69587
84064
91533
28670
45911
89127
28790
81947
82361
13769
4738
9327
91563
7004
12520
11659
32693
54786
42422
28202
1497
14913
70914
40408
52523
67130
34239
97411
9758
40486
80443
62538
35047
6882
90509
80545
37799
77603
50494
30743
24823
22530
54227
70341
18588
65866
12379
87604
76101
37529
47674
10661
53556
81782
5632
42906
85321
93703
99820
22384
53507
36685
48714
26336
27165
101909
30258
60539
71153
41218
6857
88054
28428
19451
76500
5030
6772
70031
9675
15391
45664
70267
21156
88103
47758
35470
55425
47036
60816
37099
10557
56185
64257
77692
15937
27568
101507
48497
55879
82217
87148
87625
56968
82233
30558
1617
30416
39991
39547
56344
85313
99659
95513
94718
62941
3498
82584
12142
23602
30734
90372
69620
27809
62752
1798
67160
85467
77470
8538
97306
22004
22624
66592
100347
45185
75336
90222
39374
70496
87087
2948
57929
93709
51785
30272
69574
82559
84457
93856
40904
80764
90668
97836
51538
86557
20134
78031
89063
92154
5316
4267
95591
81767
73784
14477
4811
29511
63010
56836
47979
96104
20636
59297
95911
69955
48517
77431
80237
43492
21338
5150
67424
30107
1777
62451
80999
20768
55278
71710
54958
73304
70521
53356
69002
76501
94916
72108
59892
18953
6085
81055
95091
40596
82186
25726
94600
50106
81007
52177
65817
29059
18372
5782
3071
27166
27126
83142
48780
18403
96063
97628
91210
50691
69259
78401
12367
73682
10834
42358
52249
42593
91821
28393
19322
83926
86020
3029
26308
19055
43819
78734
81967
27623
31066
37790
3703
100284
18147
60055
35091
81292
59189
74454
33152
42219
99664
30605
12190
11785
31728
63168
47171
40049
9
41078
94958
74239
79090
9356
81703
88046
53585
10363
78915
49500
49769
22888
59511
2799
71390
14020
17427
20839
63578
34621
67483
99102
25680
88029
88471
85131
81928
81763
42206
83648
31778
2713
89149
97708
5816
47693
49130
85318
78720
99665
11199
65272
498
12877
18640
9333
88065
23248
12211
91656
56893
51466
73320
62357
89162
62827
62036
31513
70724
68850
54576
13717
18466
49096
79728
53221
10799
96790
46322
90853
2908
61354
74995
71661
79545
59370
44592
2485
73563
83496
37810
17643
79978
89816
9437
59285
16496
58799
59790
78401
86627
54208
29980
17990
93191
83911
73764
69122
52579
25546
52827
78052
20316
99785
52360
80871
92938
6967
78485
13958
54227
95807
1007
84919
46476
86228
20812
4796
89994
31728
24813
77478
4755
85715
83101
11737
59025
34385
59885
26869
53252
43229
80355
91247
35654
22763
7855
33370
46208
26415
41296
76744
19638
83891
17257
14804
58297
54740
60364
46857
101422
89699
68513
93606
38327
9773
49176
64062
7465
30411
86129
28799
73590
52499
62434
40481
8346
13913
92084
42390
45219
50549
61608
756
94560
28777
41988
5714
32138
14013
46542
16788
66155
2400
31761
100727
90884
93763
81740
33208
43835
98837
57106
74892
3360
48598
75789
32121
16028
1640
64560
51549
18371
52284
14425
92578
21923
35160
37758
65440
65990
42050
46422
27806
44273
62809
92200
9468
52619
40978
51096
43883
38198
87427
67005
71240
93678
33733
76902
10530
37353
74278
66872
28318
76725
41924
4091
63529
100262
12947
64856
83420
14621
50234
76060
78418
89219
35130
70223
26470
20157
72375
91022
71530
14186
22579
43664
68166
85963
59036
72357
37656
66521
2149
94514
80934
83115
89988
56195
4583
3277
98777
91227
30577
9176
93218
28433
89605
17859
67511
87311
18564
31525
94603
48275
62428
53013
84315
30541
13535
101522
87912
8498
87801
49184
9938
4558
90512
63297
69353
39132
59931
74496
82397
32038
82620
83705
91926
35147
69578
22573
99283
25109
25197
30762
16264
80337
79317
18873
96446
85952
41906
25670
89038
94873
72039
48009
43589
59181
83119
30229
35310
19436
23999
95807
83351
18903
54396
31326
92411
37149
99926
84082
8174
30670
81910
62191
89698
53877
64277
24321
62918
3676
74742
40083
52803
30466
92291
25487
83385
65773
14981
37992
18741
30242
86714
20756
28385
82216
84544
379
39892
95408
41080
22177
89251
26557
69328
81929
53488
91470
35380
2566
15208
79754
58525
57951
33274
92630
6442
60520
74271
73559
93535
57097
48946
69388
73289
18902
72971
63144
18818
95432
88639
12651
79821
82303
28367
62995
98007
101123
35601
21092
2665
19755
89378
67603
24269
1166
11547
6094
39643
80208
85834
75078
1263
79447
99916
20974
36383
35362
27686
61460
43713
3799
18784
1279
77510
16666
44533
83135
192
48497
53132
75934
11702
368
16237
97906
70471
970
90799
82927
94268
25396
89532
39371
84306
44671
62125
10700
57256
90324
34892
92363
18749
76507
5503
49942
66569
28041
16471
20036
71891
66684
47882
88736
8526
90532
65957
93034
65388
11717
2415
40511
3984
41759
67636
72760
14941
98184
46042
72256
72434
93760
46151
75022
59062
87255
86855
30085
58006
3982
63616
21236
3273
17542
49526
38498
36297
26184
78934
23497
89285
62550
66537
90473
17469
83990
45622
94800
31223
58230
98753
43362
32090
93911
39610
50755
20794
58212
65407
32152
78595
1333
29901
86430
80042
33654
58095
10315
49209
57751
53179
87865
85683
24261
34755
11821
82851
55846
48021
50097
58759
31168
48172
99722
83944
40957
58778
18473
32648
90671
47768
12840
29439
41799
13725
36877
62797
74675
54050
78652
58114
63148
42737
101661
48442
14071
101695
86781
76259
77769
79776
43555
82792
31616
87230
89701
68215
86542
72680
101830
32308
17089
91045
80263
80378
35099
4844
20641
31173
19533
33858
12020
97529
13159
81647
34506
30233
9391
2871
20829
55897
65567
31054
92891
35468
36372
56723
17243
58749
92278
65666
27431
42834
99299
78949
90177
69259
33829
57102
22698
28707
90342
71094
23809
14026
54062
31335
62449
74466
99499
77311
31633
31295
49072
15838
8727
14821
63859
80530
39981
11072
82366
50665
57479
66308
17125
31679
84243
49438
3515
78417
12951
39406
77038
96863
17665
96676
3382
65928
33412
70657
48272
8172
24245
64278
5980
21576
14663
18942
74944
1563
84590
48355
7269
5895
8690
3002
25889
33063
39349
46283
26447
54553
17693
91914
16456
11930
83162
99939
95950
60354
80887
43584
5157
38469
16612
89258
27413
94669
65999
11862
1349
68017
100065
58431
43233
41215
31836
4322
98120
81149
50711
43314
20699
94272
12462
82986
80399
28501
98409
27203
20355
24625
38348
59696
16871
68919
80274
65231
100728
41155
10519
14957
3704
12087
30304
30792
100793
79671
89956
34738
9378
66368
30158
95935
97059
91734
44538
34747
80955
16864
72623
21243
22233
53299
1913
56965
74945
6111
368
51237
19911
71498
80970
19729
40661
93455
16350
10842
73261
74881
74476
71634
61981
81430
42333
62412
22884
26820
74761
71268
21993
265
3898
76065
93821
96333
101989
6463
86719
34109
83890
1123
35946
41969
86215
28177
75909
24903
11751
79658
8664
49813
48910
24473
99131
42257
54017
74834
38331
86828
48994
12397
63777
62916
68684
80459
5552
61642
96304
99443
75984
95057
54211
94171
1717
48403
56819
16612
4524
66832
35827
53080
1000
59002
7751
87739
75551
48906
15157
14923
65045
99235
97180
13760
2771
79372
20253
91210
77631
45252
9116
41355
880
7686
12429
70565
73413
24816
99623
27062
13085
3911
44197
22837
4941
74229
69137
98739
41235
57543
67488
36035
63089
10627
43435
7498
1748
81836
41613
19421
37871
76629
81476
4427
5571
19614
97382
21307
8521
81991
73706
80056
46717
86497
28950
4598
84325
99842
80646
43650
48650
88257
64204
89999
5133
84947
64400
87102
18560
40576
92939
56821
48435
93665
32544
74771
85044
58290
69116
80926
20332
55064
6325
10856
16119
58316
42267
19807
73760
7399
67126
78746
85460
50139
33740
91883
80283
4545
46244
101245
76951
78119
101055
4856
22972
45236
81548
31213
81615
28126
40581
43633
24906
97279
24036
45679
30099
46850
41430
100965
82276
8219
91653
66816
32761
133
56675
8205
4838
38048
89911
89655
52560
96579
72364
58230
91989
19290
55995
68221
13163
31074
10072
25652
36279
74468
3145
76562
41234
50313
65543
16229
1836
28725
39935
57694
57097
19141
66084
72725
93683
90372
21219
30042
96828
42882
27164
82964
73088
90242
56406
13372
18601
324
31563
30342
76854
5713
62189
84483
27376
62549
29504
40192
62017
29904
42629
79838
7336
11576
81674
7097
9686
3041
49211
18810
65775
97452
61543
42703
89445
89824
23821
101313
22677
73982
2306
49172
11247
19183
59286
77662
96610
19299
53829
15057
83356
46074
4586
59494
61850
40771
61169
2158
90248
84149
21092
69013
97004
71882
26531
42272
91069
15851
47302
38128
38684
75669
88339
86136
18042
27307
33586
55374
5331
76198
3461
70374
83067
45048
78196
71579
74357
77496
83412
91675
45672
30791
29540
35902
89509
56912
49294
90553
13988
58230
84539
30466
88419
41299
52781
3557
66403
39842
59853
99360
28691
95752
72752
41453
89746
17932
39533
3677
68004
80198
46650
61943
30552
20386
24873
78317
25520
75266
59183
93008
67008
38101
14185
3004
45595
56906
38573
5810
30601
94203
26485
82470
19388
78426
69110
36003
85665
94457
16872
62084
40504
100755
4735
101358
5560
92405
65138
22863
11667
66202
53769
73853
23331
97276
19896
66219
15106
19931
49877
25824
34189
7175
51457
15236
22941
6854
49020
5638
76636
71414
19926
78577
100989
7482
18512
46588
43350
65939
81372
80468
39467
99713
84184
15486
68679
86348
81297
91073
23332
38408
71380
55701
3157
70740
5180
9686
101977
21765
60979
57354
85338
89343
4936
67490
19982
50182
32721
83171
47573
95180
76653
57463
77518
3844
61856
29621
41879
101027
798
23689
40173
39154
8993
94589
61150
38289
79542
64552
83948
11028
16027
76068
68088
7880
67340
93848
29678
21789
84610
42727
7747
25631
44469
21108
87150
38189
101093
43619
27827
23348
68310
21404
26591
13857
64324
20002
31587
75612
55600
80114
48837
40736
94110
87129
61261
31403
47560
64945
16687
78584
27747
52521
75501
617
14663
72032
63592
61914
70640
22661
57364
6983
16376
1944
7672
86560
11941
97052
88038
2281
25722
643
25852
97359
53245
31954
47031
33350
80908
57776
67149
54939
97862
87836
53956
72661
22840
40129
585
54153
89369
13304
36809
69469
42116
34643
69136
96325
33147
84276
1188
89541
18507
84408
21835
59527
95189
79507
48758
28766
50272
59585
16706
28365
75288
60181
35326
44501
3210
22501
84646
47529
26802
8421
9205
16166
17519
42720
73168
21943
44277
100102
44372
46522
57503
76490
75179
1544
21496
44705
47758
59984
84986
40127
46653
93555
3913
33084
43401
50090
13161
28316
98326
87181
49832
41796
32816
2109
52096
41397
12161
23896
71171
85904
87440
73298
41291
40158
29076
12077
48152
57125
27664
5745
64554
49450
80811
59871
17045
55140
7721
38385
75067
57454
73764
11191
72216
2030
85140
98733
60401
95340
81773
1506
36771
9040
43001
202
57359
91041
44736
38367
12673
30446
44290
28234
66484
34993
24444
92945
86735
18572
69479
99182
43634
531
53175
73041
46127
84364
94509
90237
69519
97479
65050
94199
84561
91402
31974
85714
7036
54745
17397
62153
35637
75992
14826
24980
23109
92466
28696
54938
2744
53645
96412
100003
9069
74776
78982
58604
75081
43222
99263
9927
41750
83686
68907
85549
8932
42823
64340
2679
72454
68587
38512
96983
85013
23200
42872
24852
16328
27781
66078
95111
91491
29991
39727
62962
11323
60626
5332
61708
42056
1267
24185
89684
29003
62624
61350
57640
37920
55130
51596
95495
86319
86116
66927
6903
76327
88337
54531
99257
87521
67229
41802
41110
21266
2056
10353
56819
86038
94833
49593
60421
79654
59177
94846
20484
46509
75257
46597
50281
8407
86580
48865
9096
49910
19547
33838
65135
100426
37732
72409
94709
72994
62184
32707
40572
82534
67662
74514
12486
29815
60159
42503
29182
45113
33003
52671
75619
74117
75736
61596
51936
97824
90414
12192
99240
64209
9774
75327
7267
64342
9591
4809
3321
77326
46178
41353
3448
44183
47954
74809
74373
7525
21253
30705
76456
41511
33575
28579
13989
83103
41942
95978
16167
50383
64793
91679
10459
82406
7446
75958
49231
72158
34465
72827
52610
53642
970
81848
90505
76602
9392
89213
58664
62417
73641
88259
97565
45874
50759
13223
50227
88507
9470
37544
5669
61885
26187
31555
35315
96193
94013
54413
93593
14838
91565
38188
4289
21802
56386
87050
2549
67219
96795
99065
59831
59997
14107
51611
65438
73147
73570
67194
13153
22837
29073
51520
55611
56982
8277
24676
49584
41374
11767
64320
84096
2123
88530
89637
9572
5905
1225
45415
30296
84285
85711
90829
62005
65693
57249
96606
40680
59469
31656
46425
60731
43568
47546
66737
62501
12617
86374
61554
3943
35183
46248
18525
79518
3402
70839
19738
61065
99374
44466
61306
88426
49645
83020
81320
86197
33576
46558
14154
3020
77175
68511
67567
93693
49623
18270
1794
4769
790
19095
19370
32917
26732
96994
49214
46850
24435
48481
60237
82574
45230
71004
32543
102022
49422
28266
66363
56831
30923
17878
42411
14480
64975
23665
80288
11201
39900
37264
16734
86788
52697
38275
82693
79010
85367
100649
77024
88250
3391
52268
7825
44425
66675
45627
67940
10256
57817
37037
97050
102065
80034
73911
91416
101860
93988
63121
77484
94088
89051
96492
75772
91897
48393
31343
66996
52677
80
71333
18064
81124
38605
11538
8471
2240
90136
34246
11761
101796
94699
55392
75309
63093
25568
80118
13902
62670
46886
8454
24812
86769
42580
66820
45875
87792
40234
76073
94545
17822
27157
64464
16457
58180
29454
65633
40413
59158
14479
46514
14348
48860
436
50138
85312
49630
39790
100589
3695
11044
37026
18278
19867
39780
53984
12684
24989
34703
91505
82256
71009
96605
30298
64020
89995
608
57208
84371
35064
47381
5750
6018
5551
8118
52782
20497
35955
250
30605
42906
101032
30581
36569
70439
68617
55115
24688
21951
83381
31498
38497
71288
4120
93576
75170
99463
5453
65033
76938
30558
23430
51756
895
52196
10191
11985
78279
35279
43300
84769
95776
42984
29594
56822
40438
82127
91477
57069
90153
61287
30508
76955
94634
73001
41645
63913
28815
81971
98000
19465
43209
41820
1854
40286
53533
51233
80783
99887
18111
91445
22014
9419
84055
58902
79714
91454
51671
55494
56978
98942
8775
61184
23918
60697
51182
48024
24553
90651
1108
74456
74823
31616
61280
27622
27398
30487
92838
51076
51637
66786
9135
100257
16782
82659
100435
573
77855
33763
92282
44667
38876
82850
5227
26493
80952
85833
34479
39781
86352
87430
97267
76766
89701
53814
53499
6265
32553
77125
14150
47498
32944
53751
82169
1002
48916
61055
16250
89075
14647
47926
35512
46203
94652
15395
6259
70418
24223
595
63874
45815
53148
35018
93810
40538
5926
49961
63607
59139
73727
81346
101288
81875
11784
41309
89928
2302
90531
61990
25453
16696
86058
37237
75989
17129
67458
84704
24740
65754
65004
78210
43461
16688
94025
39222
58631
11629
11582
43874
76226
4284
94915
33574
45463
58291
91036
82787
68743
32415
64249
72969
1626
71751
45614
62435
617
20571
25980
48539
58890
36107
85278
89234
85514
84539
70067
6052
77991
93937
35561
91079
66001
14077
23089
77806
31025
96478
39361
52832
13392
31578
72553
98842
3219
43472
11053
71091
15963
90689
15349
76836
17024
62301
68031
32465
42923
618
31636
56863
9026
30471
5617
71984
72256
33629
93233
91087
9535
93750
91475
33849
85724
65732
40250
28337
89860
91656
71718
60775
70180
21075
37711
88777
76082
10169
42733
74836
87796
27270
26698
50417
74305
34731
29872
20906
95032
41236
76171
2963
20022
26917
38829
13489
32259
57508
96923
36442
62096
8783
23519
63603
16971
97252
58302
33966
45008
100387
56325
6499
90792
18247
36730
49060
52972
14547
93508
72346
16643
28143
62901
38387
24420
75580
80921
15917
56238
53046
66302
93716
43200
38635
48011
54242
9199
17510
37045
97063
80511
74905
67674
48284
46631
55521
40216
95948
28406
46226
87174
24515
59084
3829
49650
67547
74717
56483
69073
54475
82129
4018
1812
11436
65815
87382
90134
87558
101486
84699
87731
9334
101479
21942
71660
51616
14781
90956
101656
17796
38659
57695
65044
51109
42153
26805
58782
1871
97366
6106
511
7777
66309
85477
33173
22599
92393
82899
77990
53517
82467
76037
50319
18781
45443
1715
44657
50806
85677
21762
77821
69663
58617
47474
18055
9668
96024
56798
81084
11412
9404
74311
27637
31670
27068
18584
34386
61576
61140
53415
66074
70000
47011
77668
7343
48590
48485
3877
17593
24337
66245
97667
64002
74276
7676
22990
80933
250
72470
36582
43571
53297
64216
35248
84552
78102
100126
51887
31703
89950
59553
27538
97829
84609
75376
17900
9312
3830
38271
32540
72465
89920
7477
26734
49231
15779
89127
66452
50269
31026
2268
101396
6945
38076
100099
48558
49422
51912
7272
28881
24706
39599
13134
61864
93705
12311
39941
42469
29761
1603
67062
12678
58162
10615
43057
45966
5291
46616
32342
17990
50837
15586
67788
99407
82360
21599
39130
17178
34429
95201
81508
12061
37045
87497
12024
89971
70946
676
49848
98804
47875
14304
57841
28250
46281
53318
49378
78160
1246
9591
95588
842
2640
101967
90770
56298
67519
14139
3279
93384
88848
80685
72261
13901
90623
37441
50755
1063
82686
6158
2570
56131
54569
48742
86298
75508
97983
35583
45530
37013
37276
6113
53041
53450
32063
6527
66278
52961
26870
19165
47790
87627
29692
49168
17430
59553
1159
54143
99712
50327
80499
8300
79593
55231
84092
44570
75920
45953
56380
31011
6411
55668
6114
71356
44511
93282
92019
6403
7701
26653
80801
97632
22132
25606
12355
60129
18218
70925
15812
95988
100055
70013
6598
45311
42814
67183
66999
2364
28938
41001
78884
79502
7554
26326
88242
79070
21747
8236
15869
18220
21418
5922
16211
49520
68866
16404
4027
67827
39492
82473
47375
87774
86215
32892
13616
71039
87450
90021
14852
35156
78658
99779
72363
25080
89273
83961
49897
80174
36801
79748
5126
29185
100765
64862
45329
39495
25302
44069
99165
27055
41846
74249
56733
16889
27713
28830
97507
41587
87411
64706
26299
37219
56973
54496
72396
93709
44256
94893
97569
54470
45562
2508
19954
43362
47594
98743
59055
23274
75472
90907
43950
24414
37119
34596
52559
55019
2691
62755
62162
27443
90976
20755
12472
92826
5989
23729
35654
67688
47205
89474
22902
96135
43020
73064
11701
53462
31743
33430
28547
16060
100746
82169
11050
26829
67369
48358
14467
92967
90762
82258
19870
44934
25458
43242
60298
94004
709
12632
66060
16564
85202
5825
6163
12330
19907
56434
78895
38154
53294
60308
24060
80269
76640
60375
73043
63860
5221
2344
45813
15454
87248
30728
100770
15262
39785
61198
4800
98263
99290
48987
54066
32895
25981
71486
16309
70066
46918
17485
36348
86956
42747
80208
55168
32600
86867
78966
7558
27251
94200
30773
41677
1439
59457
28053
85752
55246
56065
69778
47571
99445
12631
38584
55918
95597
17926
87861
53088
33443
78258
55104
30446
