1000
8548
3734
1961
1356
1410
5663
770
8981
9371
953
8390
2345
3875
9146
8439
4485
318
5009
6954
181
9407
1033
4270
9162
8024
7148
5917
5012
2665
1194
5330
283
6485
3879
8172
8594
8924
1064
6236
1789
9596
2869
7227
4509
1371
1662
4048
6034
6405
2750
1692
7297
9944
4275
4498
2243
274
3592
5271
5498
7065
7821
8933
6017
2865
1896
2270
2398
8718
9194
780
8459
4205
1168
4910
7449
2364
370
1307
9794
9083
3090
8414
53
935
4324
7159
4632
528
8924
2667
514
7318
1563
9279
9560
8768
812
3430
9282
4725
6109
394
8040
6870
1438
8425
6457
349
1995
8113
6327
7282
1548
8029
5505
8808
8869
280
1939
4468
2225
892
9801
2281
1999
786
8935
9513
5233
4025
579
3548
4292
3745
7255
1692
6641
1861
976
7693
7135
6390
1922
6996
3333
2132
9007
6272
9088
1429
3645
5180
4631
805
1294
9729
1732
2787
8866
3212
3148
2743
5351
2618
7305
4720
6369
4295
848
2064
6614
663
3234
640
1222
8670
6846
2933
8594
6872
9614
7773
7700
3772
1833
6485
7814
5413
4923
5326
7539
2003
9778
8360
4322
6733
1365
1144
8736
4675
5541
5986
2181
3977
9471
5261
6387
1927
8466
5770
7759
4285
2160
6099
7235
1812
4017
1349
7235
468
223
9840
7698
3918
8466
3992
9732
9758
5193
3497
2634
724
289
1193
4626
5774
372
4887
2382
5804
4480
581
1359
540
5240
5185
692
9549
5336
335
3303
4762
9042
7061
3217
665
2597
9485
9991
6180
1380
5914
4223
2466
8429
1410
3664
9006
9957
6316
3134
7220
3438
9832
4571
4275
7246
1920
128
9253
2187
583
6201
2612
5950
3207
2814
371
7367
7450
1265
7274
1996
3097
9543
3006
2024
1909
2336
7418
8243
4269
7023
6052
6434
6934
8674
4043
4821
7034
1300
1214
2866
2498
7016
9803
2460
1544
4589
8874
588
4149
3282
2818
8925
5151
9078
1621
107
4612
2535
4558
8366
9125
6333
4875
3413
8372
3668
4094
7159
636
4589
8323
7063
189
3728
2980
8928
9395
8912
9003
274
7196
5709
4622
9984
1659
5664
1899
7817
6644
8679
9808
5627
5274
4758
8505
4797
2291
2923
6463
2072
9107
5829
6433
5347
1270
4257
1482
4010
4485
2969
1522
400
3921
4781
5182
5636
8134
3087
9278
2150
8022
9902
4400
503
4679
2122
9749
430
7810
1660
8627
7934
7474
8425
1998
1831
4858
2509
245
3764
8973
4734
5059
1645
8477
6588
2817
4742
4589
3761
3803
4210
2940
4201
8506
7916
6334
8593
3894
1828
1580
303
3821
7279
9612
6214
6195
9612
8058
2013
1658
611
2515
1066
2187
5525
5832
4862
2392
9337
4733
3269
7419
1065
1435
988
3949
2290
13
2127
8778
1078
3318
1186
902
4368
1241
7642
5950
5065
2302
2800
8633
4962
8073
3500
7271
960
5767
3438
2491
2968
5357
4186
1226
8712
2630
8263
3048
383
537
9440
8672
6048
3310
9421
1277
9695
7870
7976
514
1334
2104
4943
2248
8821
2248
8151
2977
3659
4729
8336
3300
9821
6274
75
6175
5480
8470
1849
8017
9829
8828
9516
6576
5557
8413
9125
4062
9563
3266
2308
7689
897
2447
5209
3416
7544
7885
5592
6719
452
7384
1124
3203
7216
3324
1447
5497
2251
7502
5052
4538
7327
36
3046
7498
5710
7144
3880
1592
1729
7672
9006
3976
3073
1396
6573
9140
5633
9420
341
5944
9556
2145
4893
7430
9094
8562
2367
8741
9452
4280
2486
5919
1270
2138
3963
8698
2501
4909
920
3049
9853
5505
1027
9792
7014
2755
9956
3016
4687
7153
8893
7812
5499
6803
7870
1747
520
7202
3739
2027
3423
8384
8519
3100
6202
8353
9294
4135
9041
7708
2615
9677
4808
3516
8351
1129
8712
3077
9175
4154
3103
6852
9645
4599
6759
6470
1198
7824
8597
9993
2165
3320
3154
682
2056
2429
3733
7867
7724
9243
6772
4838
8747
7279
4138
3448
8129
3999
8695
4962
9813
892
7731
8149
5177
6475
7147
2381
1833
1228
7130
3885
3331
7073
2855
4470
9629
9397
9218
2718
3468
3212
5785
5655
2500
3487
858
3572
1158
730
6466
4403
5057
2954
6287
9844
263
4705
4871
8826
8128
3907
109
6388
8861
3311
265
5442
7791
5940
4688
8564
5870
1003
994
8533
5428
4356
3988
8407
1519
9375
8183
8474
915
3659
7256
3796
2592
5285
3651
2389
4734
1226
2308
2380
9695
1547
7274
3936
8928
4319
1556
6273
9764
5943
3831
8567
7114
998
4412
9511
8045
8065
5980
318
2372
7854
355
8896
2406
1031
1026
4584
1385
601
9311
4724
3301
848
8731
6709
6135
5342
2584
9796
1853
4040
7756
3173
7333
275
1114
6265
8076
9776
9198
7720
9172
48
9388
6688
4980
8555
8997
3904
7907
5462
3725
7897
6188
6050
3335
4926
1540
6120
6935
9854
1115
6507
5281
2545
5226
5393
1755
3133
4769
5461
8705
2050
1448
6062
9404
1159
7221
3825
9753
7437
1384
3168
8321
3960
2172
6699
1327
7971
5677
7347
7007
2056
1107
9395
5309
758
5072
1412
5758
457
779
4748
5814
9540
6212
44
5298
706
4724
127
7832
431
5924
9418
8798
7521
6536
1238
3747
7765
9368
9576
1465
1244
4246
7996
8288
7508
7593
2046
7289
353
3034
4943
7653
7397
3362
956
9629
1770
7536
4837
9035
3822
7583
1457
1689
9643
752
9805
5483
4203
5941
7134
8401
2190
8791
9150
5728
8039
8009
7821
5560
7577
1758
6465
2631
1045
4052
8917
5754
4131
3148
3133
6911
7570
9061
5013
8128
4046
1780
9600
6696
4379
9992
9886
8292
3815
5768
4055
7570
6007
8284
5116
5617
1260
9877
5444
2343
8080
8912
4320
7116
1708
9357
6666
2933
3204
5671
4074
5058
8884
351
1945
950
6038
7132
7892
884
6448
3145
8708
8736
9295
8442
8898
5822
5768
2402
71
6301
1354
9017
9736
8690
7887
8157
8910
4678
3870
3372
192
8283
8296
6301
