5000
1727
8797
968
1669
8250
8268
9896
2730
863
3225
6409
6632
1068
6624
3795
8300
834
2289
2432
3295
7111
1568
9163
4417
2547
2398
4300
9835
3694
7352
576
7858
5948
9418
5380
7992
1814
48
3702
3560
2482
9889
2148
6122
3824
5356
3270
5350
4084
8889
101
2908
4365
1911
7764
2421
1981
7268
1577
8647
1532
2116
5792
2391
8945
1520
3612
1131
7718
5528
8176
2626
4327
1108
7464
7309
9412
8005
7053
1480
4096
9906
3024
6329
985
6146
114
9365
2397
979
4010
6965
8812
2916
3332
7831
6824
6053
2016
4805
8054
6187
5502
7227
6794
6008
6255
8025
9721
1039
2247
3358
2053
9792
3021
3010
3784
3997
1713
1298
2622
2785
4525
2499
3147
5905
3939
8442
3489
7717
5148
3004
5456
6659
5503
6787
6839
888
6388
8886
9806
8553
2754
7268
8921
3218
5188
4355
6489
1261
9545
4878
1575
8164
6505
7468
5648
5615
6952
9438
5448
2993
9493
803
6597
2125
6578
806
8074
1567
4062
9764
3967
1016
866
6342
1611
4533
2336
7838
7007
7583
3126
3880
2648
7592
4850
9078
2144
4235
3668
1941
4438
669
5375
5842
3461
8445
8157
1792
9978
3532
7776
2483
5638
4447
510
7563
7747
4936
369
2840
3011
3800
1514
1604
2965
6982
2381
8655
4946
8894
558
8286
1807
3141
8079
115
2005
7104
6480
3725
3352
647
7746
793
6116
1407
2225
356
708
3323
5975
7556
1722
5574
5309
8259
7620
4713
7836
3652
7838
6429
2438
5693
4621
7272
7614
8582
7121
8622
1898
9649
3239
3621
5695
983
399
7241
9498
3921
1889
735
7579
5073
1598
6402
6284
1825
6613
1397
1258
9843
7644
2784
691
2769
8291
9052
5643
7549
8877
8889
2856
563
1813
9863
112
4095
8133
6299
808
2953
3382
1165
5070
4654
1836
7253
7295
5384
6620
925
7369
815
2002
4840
1035
8985
3362
1812
4437
1022
5507
5502
6030
6852
6749
1209
2508
6986
5307
8668
83
8347
8112
2991
2491
4899
1296
4286
7547
141
7635
2261
9326
220
6570
5002
6327
9885
8286
614
2716
1531
666
6677
8225
5629
1016
1044
9879
3665
7187
5757
6190
1045
6022
269
6296
9692
4153
514
1543
7038
6105
6976
9010
317
5294
8948
3964
2028
8659
7390
817
1822
1780
7682
5567
6287
2981
7908
9158
2103
5694
6402
5329
8604
5208
8488
4436
5987
2620
5193
7396
3131
9074
4639
5529
8564
5507
7603
8337
6918
5163
9454
8447
9678
4935
9356
342
5743
8551
4029
6675
4853
7787
1904
1210
46
8921
5399
2909
6313
6407
9356
8690
9518
8929
4184
2343
6726
2798
6736
2742
3912
3982
1184
5093
4380
2006
5618
4331
9226
4896
7404
3900
411
7535
5299
1052
2639
7235
9686
2176
2682
4027
196
3809
7941
5564
9525
6974
8515
8515
581
857
9990
354
1116
6832
1531
3364
7585
2767
2989
5357
8590
3452
266
2057
3587
3664
7686
1959
2817
7349
4854
9160
372
9454
4702
5238
5273
6909
3713
2623
3057
9955
5917
938
4993
4568
4536
9773
5399
9793
6273
3557
514
8922
8049
3782
3156
54
9788
7466
7812
5296
8296
2710
5047
2000
2731
5796
5614
3311
1883
5947
6568
448
349
4043
6555
5587
6263
796
2904
3994
1404
3613
6478
1665
9088
1899
4441
3137
7903
5116
557
6701
1627
4089
5553
6196
2001
1697
6941
9862
9881
7246
1201
4868
2763
1558
2520
1592
4927
812
3130
5086
7541
3809
5054
9158
4413
4967
1142
7899
5460
9108
3425
7777
8280
9115
7878
2056
7547
9743
2766
1724
4925
6279
218
5096
5907
7230
1134
2261
7797
3035
7326
7724
434
239
2043
1123
7124
8000
328
4140
17
8542
519
9474
943
9525
6735
9490
4744
642
7216
9817
5754
1901
3310
5332
2973
6591
4795
271
5434
5624
7541
5632
883
6243
5902
454
804
9712
6811
830
1707
4879
5202
3636
5779
1075
7273
9528
8386
4695
8743
2613
5537
9182
3782
6282
5168
1721
8689
1436
9728
1085
5903
2003
9777
4988
6905
8185
3591
5170
8883
2774
7409
1062
4411
8553
3905
772
2107
3988
4607
223
7850
1577
7456
8573
2743
5378
2734
4888
9147
7262
4702
5327
8618
5755
569
316
4680
9748
9857
1404
4888
6983
6877
791
5132
9395
9921
9213
318
2220
6034
4463
6244
9804
3932
3382
4795
1936
2803
2376
5491
5512
1064
366
1684
127
1912
7240
9923
2575
3987
7966
6298
6747
5111
8808
5399
1653
2194
9603
231
247
4999
508
9585
6788
7165
7268
3607
3641
8960
2302
5707
9783
8420
4923
8037
4527
1214
480
7097
9385
7921
6000
7151
8391
6139
1973
6541
2855
148
2360
8129
8368
9741
1063
4555
5180
1150
5845
3675
3608
2258
1407
8732
3648
3290
4791
1458
842
3580
2983
136
4828
7233
8295
7420
1138
9504
6214
1
1024
8868
4620
5528
3002
1418
9816
4510
7120
9620
9719
9199
2184
9721
2579
8449
3300
8315
7346
5475
4782
7085
5524
2914
9837
6414
8659
3879
8718
3218
6907
3003
4891
2019
4384
5329
1154
4226
2132
2001
5445
5030
1597
2844
5150
800
4478
4187
7761
2294
8762
5326
6895
7007
6448
585
6674
1425
3328
2558
1808
5707
1997
3597
5616
2207
9544
9647
6554
3206
6172
6034
4951
6133
2578
6281
2861
311
4526
8467
8552
8420
7965
5451
6121
9735
9913
4984
834
8244
5465
8825
657
6408
8978
5703
6962
1054
5080
1025
6945
5920
9666
7155
7935
5487
9827
2114
3094
2841
2148
2695
9498
8872
6873
2017
7540
979
484
1586
4117
9097
5085
7259
6819
6534
2768
3416
3903
5847
5161
2721
9092
4331
303
8138
3230
1134
2638
9460
3491
9863
5551
1279
3913
2641
7457
6839
6844
5656
7075
4079
8869
4519
1340
5735
2055
8937
5940
9578
1547
3013
3088
2232
9146
9026
8107
2945
2916
3110
5268
9353
7420
6512
8876
7727
3942
765
6608
6303
6215
2445
7267
6467
6824
9657
4667
982
581
6328
1944
5433
7936
8814
3101
8510
7553
1726
9893
199
8626
2132
3389
6952
6585
9971
6213
6140
9104
337
2281
9488
8723
1787
1900
2754
2404
582
4534
8981
1137
3181
3210
777
6630
7765
5997
7591
7533
2481
7581
5079
11
6115
8796
3975
1138
9868
1590
2525
6861
3283
2870
6360
4404
4677
262
6918
7142
6053
9966
6594
646
8395
9436
9754
5254
8431
6148
5025
7146
1841
2214
2517
7743
3811
8475
2009
714
4067
254
2619
6842
3558
6324
2435
755
7746
5671
4752
3836
9281
6421
2727
728
2536
5103
4528
8084
9113
9347
2079
9892
3556
2870
3655
6976
3615
6237
3193
6611
4688
7100
1797
1006
8635
9479
5709
7061
9308
1705
9600
9462
1239
9928
7463
4114
9713
7269
2324
8095
3481
1280
2807
809
5535
3852
1092
6710
3845
9882
7064
2867
9844
161
3808
7357
4582
2570
8006
9626
3723
8449
5384
2531
8750
1531
6625
622
8879
5368
9173
8294
3149
1209
9751
4160
2677
5924
5789
3737
2766
5928
1874
4685
6820
3045
4832
7123
5143
5618
4822
5853
139
482
5477
8882
8802
8719
5884
70
4145
1078
3352
8858
5757
8641
4840
8828
871
3155
8876
1240
5969
1278
5188
2495
7542
3878
422
4555
4462
6233
4733
2810
9812
1116
6890
5052
1226
6307
8586
5139
9595
2034
2385
9999
9730
7386
3892
4860
7396
1542
3423
2283
9677
1207
7276
9774
1133
8039
1662
1791
1303
7785
4656
9894
4264
6614
2144
1178
9860
8174
7766
4635
2540
798
6397
5166
6391
1037
3391
6079
1055
5591
8917
821
2520
8184
7902
3467
4590
1664
2209
6510
7249
5193
6178
2014
8684
7125
5584
2391
7983
694
3555
762
3766
8859
2086
3132
3584
3477
660
2620
6452
6472
1701
487
1372
110
2137
6072
737
9459
1196
7421
1924
760
7729
7521
8818
6053
3868
9352
3551
2315
6897
5715
9384
6465
7740
9793
3101
8890
1301
5004
3121
4792
3223
3744
6795
3305
7054
3564
7213
4801
3234
5272
5435
7700
8054
3079
2632
3935
3497
5526
1691
6517
8434
4474
5356
1796
2144
3758
6020
7407
6793
1701
3538
9060
9482
1479
8975
718
9379
9891
4911
195
6561
6585
3902
2840
5780
2747
829
4914
6367
5890
1219
3690
5175
4719
4981
7062
1087
7651
6061
8449
6049
188
8069
8499
2220
1945
5694
8624
6681
7828
1701
8858
7825
5538
4004
8681
4434
2831
5490
127
9957
3041
8102
1678
9694
3696
8460
3355
6598
2360
3308
7682
6854
8567
9377
5478
9758
4381
4765
6962
2978
7135
6588
7389
6193
2316
9864
6637
9493
2281
8557
8563
63
9447
8083
3202
5995
5334
458
8369
5180
312
4290
8014
7445
5285
6974
2478
92
8755
4334
1775
4220
7904
8413
3254
117
7929
7595
3658
4390
4031
9565
195
2630
7305
973
3998
4908
167
2888
6996
7304
1918
5847
690
2010
2966
5603
9220
6904
1158
7579
9931
1786
1271
2336
4366
5295
3860
1492
911
5863
7232
4527
3636
9382
5024
5042
8624
2920
543
9914
6063
4747
7135
8578
3040
384
882
8746
2141
2126
3266
4255
7630
1862
3776
9164
2053
2862
2171
6656
2928
6384
9655
6877
1773
8822
9990
7917
5148
4582
3767
3715
3237
2285
9232
5650
1267
6643
7545
750
990
4100
4013
9019
2144
6952
307
7169
8197
9492
8456
7401
4077
4511
427
7795
2924
1241
7746
4355
6015
7608
9331
2929
9323
4069
1644
3576
7951
5245
6463
7759
9812
4413
9554
5063
4471
313
2582
7527
8932
7226
1183
9720
7451
8189
2616
8196
1858
6522
7866
3017
8178
1733
5659
6179
1597
5824
7691
8478
8834
5158
6786
3055
8833
7324
3041
3174
9206
2370
7780
1445
3004
3444
2224
696
6188
1256
7456
464
8041
1494
3423
8487
2749
9619
8044
1585
6624
6944
2847
8055
5019
9774
9665
6622
5085
1078
5458
4966
3724
7741
7446
6942
7294
9045
6471
4053
2725
1960
799
5152
6194
898
5509
3384
3413
6883
3429
2320
8323
6968
695
5542
9675
4666
5425
9985
9106
7355
3348
4224
2498
835
5060
6379
6251
1491
697
4917
2766
5852
2129
3071
469
661
7283
8789
6060
6249
2306
113
2200
3685
1415
661
2046
5125
6226
1762
395
2340
566
3792
8140
214
702
45
2917
7162
7523
1087
6010
5640
7099
6812
4107
677
5419
1457
1870
854
3043
8185
6770
3022
6367
4236
7752
7571
4005
398
9904
8436
7060
7683
4103
6553
3603
465
6162
340
2223
260
2593
7031
9810
8929
7976
2337
4712
6954
7447
904
464
3306
3985
2529
7889
3696
4566
685
9505
9007
9162
566
5742
803
6815
4579
8235
7218
6237
4156
6482
5125
4669
9376
4931
9647
121
3285
7492
9466
1670
3614
4645
5743
4701
5420
3743
3663
3708
4433
6381
7142
3076
9226
7611
7539
743
2786
5905
7365
332
4997
3600
29
6325
6565
202
5958
9911
223
8051
9459
4042
789
9572
5061
5389
1572
2462
9381
3156
9231
567
6365
4484
1378
4110
2890
75
4889
2317
2108
9337
7197
1910
6051
7718
5198
510
9518
9055
6995
1948
7370
7708
9040
5492
5665
327
8544
6798
7099
6858
8365
6421
7613
5562
9093
391
1995
1859
3228
4354
8394
3831
5683
7231
7406
8149
8286
5504
5675
6950
2311
8750
6287
4769
7111
5821
4779
500
6745
8220
7315
5078
7595
3137
5146
1461
4450
5132
3503
1024
1305
4068
6411
6055
5605
1435
1315
8327
4693
9851
2559
645
1822
6066
3628
1010
9828
4875
7911
9418
9271
5288
1879
3776
8467
1127
6697
6061
2022
9644
9016
1613
6824
4094
8324
5017
8877
9936
1067
9608
774
9828
9146
2651
2555
3151
7488
9822
5934
2945
2948
770
5510
7015
1269
7428
7542
7150
2845
2186
6942
5232
6812
4131
3141
9149
8964
1524
2184
1164
9767
7800
1437
5721
1300
5713
5728
6484
8528
2379
3969
7158
8488
7398
3183
5555
1077
8773
8952
747
201
623
3445
5348
1322
4920
1465
4601
7495
4109
1523
8037
7949
7198
822
5065
2633
4449
3525
4019
9566
4851
9780
2676
6930
934
1062
4645
733
2767
8751
9771
9428
9668
4536
7724
5917
4395
4547
7659
2819
3510
444
7539
9592
2195
9091
1651
3675
3110
2400
5848
3508
8208
5264
534
7992
3248
6002
9202
2136
477
7943
6117
6076
9174
879
5788
14
1838
2190
7388
2025
8940
133
4135
5712
1517
4589
3787
1806
9080
3908
8166
1772
307
2085
2140
661
870
4208
8594
14
1365
6401
9281
5747
5318
395
462
4964
9232
3284
1242
4816
8832
7922
5098
9149
2437
9145
3158
5302
6890
1030
1171
1198
6224
2021
854
2572
5738
2798
3563
1590
9759
85
9400
4997
3034
933
991
3398
8277
3079
5550
8088
9344
1068
3779
4455
4023
8829
5916
1638
9306
3403
7860
7989
8011
1149
5225
9433
8638
9714
5970
1178
1775
939
5029
41
5038
4944
99
3476
453
1109
5935
3889
886
3953
5187
4537
5892
7705
3720
9947
3898
6665
2872
9143
7788
4254
8491
4035
2429
2388
5537
7851
1630
1309
8936
540
3033
5969
7682
6998
2592
6196
2614
6268
121
5535
3177
1836
4046
12
4206
9689
577
8156
2348
1834
6298
3658
3060
6319
6825
7324
4153
4185
3158
6773
7072
9497
630
6459
6843
5631
1538
8402
4704
4378
8100
3468
4323
4644
921
7980
4698
845
1181
5226
6652
4727
2589
7824
8250
2814
3120
8418
4069
2191
2409
6918
4258
2633
2073
5605
4210
4790
4345
9325
6123
3200
4127
678
9085
7481
7675
21
3044
4351
5259
8291
9320
2195
5190
4066
3715
8551
3616
8620
8574
1171
2154
8063
8189
4385
2686
8479
6255
1569
786
4377
297
3503
7235
5587
9551
4249
6079
2844
6863
3776
6345
4069
774
4252
9223
7870
5956
5569
2308
9593
783
3621
7476
6414
6311
7076
7718
1708
7547
8847
7797
3432
7594
9262
8553
8114
6283
8913
7444
1480
8806
1501
4350
9942
8044
2860
5605
9719
2843
2773
1337
4368
877
3277
2552
8777
7147
4280
5558
3807
215
1669
600
7882
3131
7456
5272
3148
369
1763
9373
9350
6586
4023
7222
2397
2075
7693
4034
9322
3976
7935
1039
5780
5083
1360
476
6631
5036
4114
2856
1337
8625
1575
364
1985
2979
5934
7002
3160
8933
8861
5069
9896
7839
7584
7898
5470
9480
9960
8968
4268
6096
5409
6042
1210
9870
9353
6323
7104
9403
2884
7010
1974
1462
5336
3670
7164
9335
5175
3308
533
7665
5836
709
6574
4344
1791
378
916
8667
422
2948
1633
1222
7276
3531
7390
578
3923
6670
2370
6791
7598
2215
1390
6771
9395
3876
4871
2827
7572
2451
7344
5007
1427
6539
9951
9244
1877
6978
6575
6205
9908
3178
2274
5224
8628
8680
3476
3563
5809
9669
5850
5101
3180
3317
6000
5542
3190
621
9163
751
5246
7917
4095
6755
4872
4704
6856
960
2771
2132
8539
3314
1113
1275
4304
7731
5102
7840
3324
2486
5689
6054
2568
5790
4326
1253
720
7439
5325
9532
2822
8608
9635
7569
5277
2870
3237
6170
3643
770
2094
8495
3989
9061
1670
5904
7621
1618
2422
4575
1566
9048
4930
8510
9211
2808
4809
3002
5771
2172
136
9334
4763
1025
747
9154
2273
2001
3842
9175
1367
8256
638
6388
5122
5133
3444
2956
9110
8479
202
4096
9656
4958
1323
4467
3220
8356
9252
9703
950
7730
3716
3357
1352
8710
9435
9521
9478
8884
7800
6325
3165
5554
849
5165
8491
327
6626
9192
6037
4043
4994
4500
1417
7086
9883
2438
3661
4153
6699
6195
9633
1139
8356
3278
2945
3184
6111
992
9254
1790
286
7078
2867
8717
8125
1985
1533
5984
8732
2201
1124
1231
8947
3624
7910
5984
803
5775
9390
374
3686
7253
9250
7431
3309
281
1238
9435
892
2840
7464
6595
9260
3335
2231
6783
2925
6667
1719
372
4352
7975
9750
6696
4752
738
7899
4942
8048
5305
3267
4286
9015
9272
4729
8375
3456
2012
2860
9065
2570
9492
3962
4428
8740
1303
350
9631
4189
8014
6590
3214
3616
8597
1064
7944
8017
3072
9032
3391
2125
8647
51
8754
3243
3542
7581
4550
44
6883
4944
550
2664
2755
1958
2481
1083
5983
349
7658
5447
3061
7384
5630
8302
8015
4070
5994
6215
7774
3065
6985
9868
5932
6366
2109
3353
6228
1674
9084
9664
7547
8614
3674
3997
7205
9021
9616
5797
7435
7276
2720
32
8483
2619
2365
2601
6767
5106
5176
9646
2411
8268
9005
9057
4352
1315
8871
6542
6755
2555
3893
9892
7413
5967
4108
719
5848
2707
9579
3957
6411
2053
4153
2765
7549
8386
3056
1934
6853
8579
6824
9791
6954
7514
6833
3017
1379
3794
8603
3411
2496
7604
8590
9387
2334
6262
5096
2039
4888
8797
1180
4854
2799
6376
9627
2854
369
5372
7918
7709
3812
322
432
8110
1466
5590
4044
2546
2082
5693
664
7505
9274
5374
4285
4273
4732
4007
6449
4052
4343
7502
3451
3558
8895
2647
2147
3214
8946
6189
6473
703
376
5811
787
8378
3722
2250
4084
9132
4019
3734
3868
6140
5631
3068
1007
5988
1623
4345
1314
8656
7915
1107
9085
3799
1804
735
1614
6458
3492
8364
7098
8596
3833
3924
7380
307
7602
3062
4123
5604
8636
8539
5202
6437
8064
2387
3908
8822
6741
3029
638
2290
888
4569
4983
5664
9040
955
431
6891
8649
1570
7527
4441
8920
8681
5021
7739
6206
2802
7047
6423
7379
8086
283
3884
3337
2231
9776
7516
5717
2377
445
4171
4585
9497
3658
3437
9689
4737
9722
1006
1392
1243
1647
4310
1260
9417
2147
8455
8014
1191
8720
8385
7702
760
4238
3180
8969
3599
4942
8098
4037
6597
1992
7408
3790
2171
1462
766
9027
8943
5226
5572
4897
8384
4504
7722
9821
7597
3195
3199
954
7340
8846
4926
571
3801
4064
1048
1011
8996
3398
8892
2464
9479
702
3704
2546
7153
5746
7340
7533
8235
8031
1111
906
6242
9992
8596
1724
6257
7157
8123
1799
421
8304
923
1328
4385
9572
4329
7434
4094
5957
1138
6222
4605
6889
1643
6059
484
3391
1621
4268
4512
8269
8304
1900
9449
4684
2935
8410
1068
7209
8674
1333
164
3348
817
8599
4897
8272
7040
8980
8775
6736
553
2846
9568
5013
2786
1362
7172
6738
1238
8689
2278
9381
279
3846
9539
3097
5269
4727
9402
862
5575
3892
8538
7074
2616
3468
5069
1211
3832
9064
3931
6875
5592
2097
4878
5034
7603
19
9715
1243
3771
9446
6678
7683
6092
1174
9152
3432
6531
4580
5598
3362
2750
3087
4741
3144
3136
7570
8701
5190
4666
3691
718
5872
4065
4305
9755
3308
6990
1751
4219
7524
618
364
1197
7072
2716
7538
7086
7180
3110
1781
4345
8614
8423
6949
4422
9153
737
1434
9287
8424
69
7304
6468
3128
791
1730
1290
3156
4700
1910
4099
9422
5092
2932
9708
1927
9705
1618
4191
1858
1489
8792
4933
7585
4509
8397
3153
9888
471
1782
9317
3268
6137
6228
545
635
7701
698
1821
3438
4593
5935
6950
8988
7504
1752
4972
1468
6033
1862
5812
9102
888
5955
6575
4136
2834
6197
7595
5814
7257
578
8045
8192
9845
7702
4645
9616
373
754
4826
4799
2422
9593
395
6211
7897
5924
3099
3716
2567
4857
3474
4188
7035
4619
5715
6672
4203
1439
1426
6139
5815
9196
4239
6116
8322
8078
7909
3136
5549
6713
8561
7511
5173
964
9871
7696
9419
6465
4860
3385
3963
383
2691
2227
7617
8244
4241
6601
7027
1452
1185
8891
1211
9910
8542
3027
6011
655
2293
8304
2763
4992
9783
5882
5908
2791
4451
5679
1949
4812
8819
2821
8993
625
7947
7861
699
1055
5003
9512
463
5135
7648
1629
5615
3697
6017
8957
6064
5922
8461
7474
1916
6930
6823
4683
4998
2053
7900
5464
9690
5712
2126
8456
7281
2430
2181
1242
1821
3584
9436
3933
6579
8111
375
7408
5759
2776
701
2473
8535
5306
3365
3844
1800
5209
6380
9941
5963
7104
570
5228
6615
3171
9165
948
9207
6920
2015
2635
2433
5851
3184
7701
456
8708
9966
4056
9971
7773
8739
2372
9654
7088
3905
427
7078
5282
4864
1848
1219
6636
819
361
7280
855
9483
2158
3141
6475
2864
848
747
3345
9616
3778
5079
6225
8936
5244
8815
4596
2969
3076
2673
5068
7476
1101
9478
1555
7844
61
7357
5955
315
124
3203
7391
6877
5819
4570
8065
4889
1449
5784
8468
3669
8729
3913
4212
7992
4082
2861
468
3370
8493
4220
4686
3251
6461
7531
977
4093
9776
7120
8878
8701
7615
6729
9404
7590
6383
7339
9362
9720
8012
6272
6250
6513
4809
5610
2676
5446
4311
1183
1258
5673
9231
6468
96
6281
9053
4318
1643
4330
6493
9440
6097
665
7547
5980
5025
5407
3789
6055
8415
82
637
7840
3170
9799
7404
1446
4873
7957
2304
9474
8871
7739
260
7521
4781
8159
7556
2968
6713
2676
2729
9080
3246
8080
2521
646
1190
5453
3417
7787
3082
8440
7131
5240
3576
6691
9700
3737
6643
8243
4858
9358
6417
7875
2569
6781
7877
6333
6512
2417
3790
3264
3503
4311
6771
604
3709
8575
5086
2313
1993
7542
2625
7039
5951
8052
3658
7279
3269
6243
5171
263
4634
1736
653
9929
2517
6213
6952
1058
3301
6839
70
2963
9994
1235
6889
6086
8156
1626
7151
4945
5094
7649
9084
9556
1362
4434
8287
2001
1666
1967
2132
5263
5487
4053
8267
7643
703
4893
3087
9191
7792
502
9880
3867
8584
3255
8145
644
9047
2182
796
6636
6325
6665
1555
864
1541
459
9414
6665
7688
2830
3846
7223
112
1560
9054
7682
813
2258
9453
8964
6522
6538
7385
6583
9603
5161
6365
9025
5429
1848
1413
7681
636
959
1129
8203
6410
4182
2062
4942
2737
973
5152
5269
3578
6671
2060
4578
4549
1987
4446
4393
4590
5052
5230
5886
3231
2332
2147
2748
4374
2536
9868
6004
6849
4903
6411
2213
5290
859
901
7433
220
6362
8851
2097
6699
6440
7032
7614
946
2606
9227
130
4069
8444
6058
8249
1785
2448
7065
4691
5576
8569
6564
5124
2738
5919
3732
7161
8917
9253
9523
2066
2404
1811
3683
7196
9315
9010
2848
5975
2789
2163
6983
7163
8371
2450
4265
2094
1373
7668
7559
9819
4298
1273
6670
9264
4986
2943
3540
1128
5223
4583
9411
1675
4442
536
4841
5817
3343
6398
4234
1819
9089
2306
5789
256
9357
6966
9734
8431
5366
470
741
406
4281
6053
586
7816
8226
4533
914
7830
1892
2945
665
6914
1586
468
7584
9449
9630
1526
4372
2382
677
1559
1442
1875
8951
9044
8940
3757
3423
9828
3108
4670
1143
4410
3229
8399
8413
5547
591
9539
8771
4857
527
4166
4761
7184
6708
1660
1670
4158
6275
9343
3016
6081
9718
6866
4879
625
8119
2683
334
6585
2641
7259
281
6553
9178
2546
6293
2884
2253
4023
5494
9426
3110
1593
1569
6185
26
7330
9982
8191
2476
2195
8719
5380
537
9129
2872
9656
7801
4107
6149
5213
2781
6736
5864
9769
1677
1418
6497
5
4663
967
9161
521
6862
8066
7723
6965
7643
2955
1296
5577
7051
1986
113
8023
3832
7478
3927
5982
6051
8006
9935
273
1442
9341
6189
8342
3066
9453
181
1206
6031
5167
4780
1542
8542
8684
5040
6631
7993
4240
5141
6627
8887
1765
1149
3458
9738
3644
3895
7790
7680
9824
6055
4971
9886
1518
7755
7360
6703
1126
466
5753
3064
9144
765
6747
568
1223
4287
2031
7580
3799
8659
914
5619
4259
9281
6263
9610
1941
349
3894
3731
4112
3440
4846
6220
3721
4411
6463
9472
252
8354
2862
7976
7738
989
9572
8477
5750
4819
8178
7041
5323
8460
3133
4156
1841
4005
1875
999
1915
9570
3866
306
7745
1976
8156
5805
4824
3416
6671
8365
8369
8027
1243
3463
6731
5539
862
9040
3023
2338
8961
8054
8144
633
25
3337
6290
9818
6603
4792
8579
171
8290
7109
8688
3122
8319
7691
3448
7163
1071
65
1589
7128
2590
9162
2369
5260
4752
2767
2534
3166
2643
5074
872
2314
9992
799
7644
8585
4049
3010
3293
6266
7319
2039
709
1596
9777
5139
7764
9026
3967
2100
9026
8504
6225
7370
9518
789
973
821
7494
9326
9435
406
3058
7537
1106
9956
1193
1881
4560
5482
9880
7635
4515
7167
7010
1947
8849
8353
3196
2106
7048
6794
3243
3831
8032
7163
1651
8087
4173
708
7583
9762
7146
7319
128
3009
7863
9844
7420
5752
3389
1711
7692
5290
3577
5813
6762
2437
9347
6393
8456
7990
4361
3041
6366
7363
7017
3635
6596
8831
7080
552
4277
7951
5213
8935
9604
1630
7157
1289
6369
1310
121
7624
7016
6638
9979
2551
3174
679
7575
8913
9166
1320
7267
1636
965
420
6825
389
6974
2172
3871
4973
4898
4831
1459
6165
3430
9751
391
5907
2827
6807
9568
8421
6168
6680
8335
9686
6869
1439
9211
2802
1386
6144
5292
9137
2112
5062
4835
6793
5774
2283
1215
4174
2469
6448
9999
3733
5223
9570
6600
6191
8714
1443
7699
2037
8765
2329
3460
2003
4753
7216
7564
7002
9979
6264
3319
3218
4987
4337
4816
6782
8897
6681
2242
192
3839
9569
3410
5591
1393
601
3515
9076
5296
7393
2692
670
5303
774
3642
4995
6425
1425
9666
1033
7181
2550
7812
8723
2746
4191
5449
4500
4673
1179
6706
447
4380
2952
4555
8858
1201
7412
2597
4820
8653
6959
1059
3656
8150
4744
471
6007
3958
4530
1360
7708
5115
3249
4295
2155
8104
2956
6835
536
3464
3417
656
2664
5709
9847
8947
8177
7088
1242
61
7929
6746
4665
7376
5944
6219
6685
971
1820
7100
5364
4643
2586
5870
4319
9063
3100
6985
8269
3568
6601
2110
8873
3499
6194
3727
2446
4640
7760
7540
454
8135
4113
3741
8530
4862
3691
3532
3615
8760
7784
6594
2571
1595
2041
279
5451
7007
6149
7152
5940
7065
7431
5405
354
1301
2276
71
8157
6267
6556
6447
7950
3281
7603
3286
3477
4989
7275
6116
3986
9973
1458
8622
6299
6240
9243
2980
5063
8790
1683
8954
2370
8478
9351
2444
6748
1933
6785
3154
7904
351
5156
2695
8542
7985
2683
9163
2811
9636
9322
3639
1391
8078
4655
4553
6134
3034
3290
8867
1833
6369
3766
4970
5628
3459
556
7900
2064
8449
479
6610
2728
678
1743
4206
8721
1968
4405
1734
831
4226
2213
4300
1248
5967
9907
3396
7797
4522
4762
7966
2465
3492
5008
2910
3488
5349
4411
8468
7118
6270
1949
2568
7255
3222
9231
1185
3004
6390
1340
9937
4134
601
1547
8427
3620
7318
8
9588
1884
1290
1794
3852
6181
835
4476
6891
9403
7047
3905
9779
6668
7160
7460
7645
5717
8991
7246
875
1687
691
892
6889
4229
7630
4030
3046
2123
23
9760
5807
6609
5137
7038
1276
300
1388
7182
3978
6744
7647
8900
2197
8454
4268
5757
383
4753
5769
5842
1366
7261
3697
728
1572
8111
8694
2630
8047
6051
3803
1225
9070
7044
9386
6628
9054
7660
7182
4899
5322
3766
2945
5721
7912
1058
3828
2749
1083
5260
703
646
65
7032
3753
3807
3365
9040
1287
1270
9047
6249
2567
2729
4296
4862
6604
3920
5344
5952
2971
8650
4936
1758
9849
9237
3498
8921
8718
2881
5440
1538
7060
6220
7452
1793
8578
7842
3904
1529
3424
7251
733
7253
2416
7210
1984
9892
7330
6500
125
3134
7633
3025
8285
9130
5115
5534
2216
9237
5258
3914
3342
3632
8583
8961
713
1519
8986
585
5716
5204
820
1237
1917
8086
6581
4040
6706
7146
9035
2815
9630
2528
1206
4251
8643
857
8062
6328
9943
1278
9309
9994
6760
5335
4330
2227
9302
3426
6699
2434
6272
9538
5512
1805
416
467
2025
3761
310
8520
164
7547
2981
7332
2925
8452
9306
4623
291
4201
9235
1319
1230
9750
8766
7500
8520
3907
5479
6187
5930
6102
231
2835
6703
26
7314
9063
984
4465
7415
3123
2687
6829
9895
9310
7334
6124
7713
3436
8693
9765
3953
2493
618
3243
9717
5877
5822
4604
7013
104
3177
9330
6637
5012
4022
1305
369
4130
1605
860
2307
2957
4530
8180
1665
2138
8652
1829
3362
2216
938
7163
978
1575
5814
1200
4947
118
9734
3838
4213
5775
8150
8267
6865
9125
4948
3615
4846
1357
4594
5279
6856
3473
6363
6753
5677
7144
8461
4168
6625
5294
6732
9255
5976
1009
7548
4843
4446
7962
2933
3059
4447
1929
9130
4477
9104
8974
7076
4954
9721
5049
9775
328
4894
2888
1680
2722
8837
2587
7824
3566
1871
4889
808
5495
6794
7849
4623
5084
9389
472
4963
5673
1249
8766
1472
2933
8635
4279
2113
1031
5205
7047
5458
7604
3600
1949
830
4402
9787
4201
324
741
5914
1720
1722
4679
8701
2717
8048
2691
5378
7131
2344
7254
6622
7680
1709
6104
913
8554
3618
1718
8476
3767
9047
4304
1593
800
9182
9085
7804
4986
4866
673
5084
6848
499
3406
311
5734
1451
8732
9828
7489
4923
5081
915
451
1717
6836
1883
598
7402
8526
1064
6086
9081
4153
6353
9770
2258
9733
5428
7876
3794
6676
1593
8849
4351
4771
7183
3646
9799
9237
4557
2174
1029
1010
7699
3951
2486
6255
7602
4215
6972
3038
2404
1430
9596
7543
301
8472
5462
5306
8272
9253
9634
8869
9210
5833
6166
1575
2170
8061
5976
7579
9643
5412
7750
5631
5041
973
2296
9896
7439
4753
5932
7314
9832
5759
7830
6631
9021
4149
6007
624
2471
1063
1411
7061
8229
9226
8560
2943
1399
8737
2504
3966
8776
2344
5061
8086
5408
3639
8170
4144
8757
3576
8903
4919
1768
1551
6837
2021
4704
3311
4064
3604
6415
446
7470
3264
2930
364
9849
