10000
36514
91482
34188
36206
30440
8360
9615
31491
71778
57369
90357
53772
94744
37413
56416
68264
29179
8448
15547
21728
22516
26064
29940
71110
14209
95110
62791
38102
2338
65581
86182
42330
69101
2864
10427
8793
30334
88136
78393
8727
27341
74033
33487
26994
7008
55574
34117
57862
37656
53273
63565
95705
66232
88290
74029
14422
99980
43276
66861
35130
40820
27021
33846
14648
33587
67969
4702
74584
11265
22228
33494
56720
66630
39226
69453
13134
75669
41563
8751
20886
3744
684
87313
1600
82352
60965
31003
32341
83482
75264
51474
85408
26470
31277
52712
98809
53859
43452
82880
36180
49884
62353
47445
31968
12631
3832
49218
26444
70048
4235
14529
32563
71908
3137
13812
84787
47885
29998
49336
11504
86621
84914
11950
38957
7730
46179
48980
55936
80286
30162
53973
46440
14597
20595
70016
48742
26782
42687
52562
25293
15163
78084
67608
9447
93358
67721
61539
59035
90829
91487
73726
35355
25360
61394
90333
33896
89370
78910
20220
63786
17430
22546
45599
31105
17993
29530
12417
54943
34828
19218
65820
76604
97864
56968
61275
90219
62129
9624
21216
47071
8216
68337
7528
89966
67838
60400
87229
48007
69620
51038
64422
31725
49342
39207
26558
23913
11956
38164
34898
3023
51446
26466
72915
32681
10481
26703
59726
77581
22044
4785
44001
92553
48715
6242
48455
48163
43809
8194
43653
44792
44132
98209
41360
22213
52130
74018
94466
63119
94360
75398
67650
64935
13239
7774
51421
8227
45133
42183
16336
69283
33501
85728
29929
54729
75402
83327
28388
38518
63629
13033
44117
52859
87906
54095
93199
28148
72381
61908
27701
78197
20459
45359
54171
85516
46570
35266
84072
84568
74000
880
50806
49002
99293
19274
92070
62045
12611
1084
52859
91404
6193
77908
14458
59392
38683
14317
79278
67644
53838
91287
5861
67615
99997
62102
60478
28141
57396
55399
99237
19892
30906
96261
50224
70227
84163
42357
97059
79218
35836
23285
73949
24169
81610
65121
20062
27174
26457
66364
50676
14241
74451
25331
48326
44229
99680
62240
43730
53307
94519
39680
72576
14360
77265
72166
19136
82091
64453
91620
80253
95769
2279
23962
10692
55324
31199
38151
12145
35576
70750
22120
13935
26308
81811
48245
87045
42706
59273
74513
38319
37411
64650
36872
50531
73021
73555
81032
28582
44527
80195
69664
98179
45380
35250
55651
88424
34370
66549
4305
1178
97577
50670
9434
30432
78614
90880
73877
73775
67271
88400
94320
84240
67426
15264
25820
41174
73623
65027
11298
69059
76291
94406
37700
97103
40641
83964
4410
47163
78254
87640
35568
30028
71886
38778
5668
61420
94723
20525
95481
79805
55426
3965
62156
25110
68359
73250
2831
53068
30852
38696
7991
93440
6520
37648
9709
53876
63241
73763
89498
6533
72710
92816
39578
85424
38140
30776
56976
15595
20485
65649
98739
87697
20986
73091
25113
24182
16965
19219
72245
18890
37725
419
76709
17726
78962
29188
63909
72501
88792
77018
43369
89201
55526
36583
62712
22649
39894
10062
54971
44391
40987
79796
68351
92846
67932
12132
8347
70009
39633
42827
87116
418
43166
21275
2645
83209
94021
49504
94973
93418
98141
25808
78016
32224
89654
49187
64556
32339
76246
38988
60277
34960
81837
7218
15476
1181
79776
31534
14052
15672
22296
73825
61417
8121
46976
75267
61598
4519
59521
56494
6622
8437
22125
79778
42453
59639
1854
45209
21294
35973
33707
56150
86301
10512
77976
46522
60988
11873
72993
47978
80466
5680
64515
8530
83266
43826
42879
11727
68495
62195
93079
35294
79802
3627
68448
22157
66318
49468
45672
167
57818
51117
48197
26194
90283
42170
45775
7174
87800
48820
76331
4699
5395
96973
1088
95767
65783
75134
32547
85706
64089
85100
34422
50630
60165
14580
6322
45843
88371
80959
62311
95258
6874
41337
62566
671
79114
35496
8488
34524
42514
63857
39640
29682
23409
50065
97692
32061
50402
20548
80636
86669
53277
22449
70137
77600
31359
65869
67482
18566
89835
70386
87331
34451
39312
82056
65090
48837
97517
87966
81271
47437
97932
94008
45608
82626
96565
71577
45177
49575
23722
64072
50131
36090
2453
28084
94130
97326
88832
29119
62581
33826
14608
48483
93494
80904
70107
18582
56480
96125
21731
34404
43855
70164
5501
21514
24650
17803
14662
31622
27919
77533
64909
24922
16798
34398
47311
70968
99862
41666
74985
7203
11512
22220
81266
31950
66450
34799
89570
5126
38654
8371
44398
17262
77487
21596
50604
31572
21667
55914
26628
8136
10395
83518
50706
69123
67658
64803
45107
36267
26888
5425
28168
56287
47647
15313
29216
35527
57046
19132
44874
58109
8552
90278
12569
22953
61358
32637
51144
5374
51652
97319
33003
82950
67491
80153
99756
5394
40679
63548
97721
42548
51641
25506
60753
52986
33954
20450
93796
92951
4824
36933
82367
37940
41505
56458
62785
92399
30974
61138
15468
71981
26621
10822
28256
52453
32464
40745
30683
16544
46911
4452
83140
68232
92092
64187
33390
21102
86867
92146
51026
18701
43540
58943
32870
55904
65873
41306
66127
15817
80465
54014
29767
64667
77101
14477
4362
18648
5007
9044
95042
2375
11702
90578
61424
94082
42878
89610
32807
92264
88125
10941
23461
7393
18498
73366
47298
32709
42189
32203
64248
45001
75654
18518
17887
71596
68722
15678
7813
24959
67170
43058
28290
81964
99169
29878
27892
14288
29858
98236
99853
97042
46826
77740
93955
43186
9425
36465
30121
64806
65473
80902
32801
53644
9639
76884
23377
74364
8222
94779
91883
27616
16273
90364
13800
16410
7130
18021
4398
67612
15257
24286
82814
18233
61160
95253
88684
99150
45708
47111
15397
32573
62719
89282
39637
49455
22119
82911
4456
18703
64165
86064
74154
77100
77808
5964
93031
24612
99211
94551
76273
36042
96573
81243
1956
71899
36999
8532
71335
30769
97698
47572
52789
5095
7425
79601
94869
24321
4234
43511
96944
82108
96071
55075
71177
62824
41044
78567
12576
80923
34428
75677
35910
64160
79648
25684
95440
67456
14562
93296
93979
98398
61309
30118
16752
58739
15301
98848
35420
60035
34242
88764
1686
55988
11456
20177
22174
42807
55097
38226
35186
33946
1642
69742
8470
59615
56151
91686
40899
12927
95444
37757
70221
55038
45993
24727
98962
61615
30523
74174
14279
79265
29382
10531
31584
8380
58270
45508
68609
65783
11802
4737
30032
9950
75626
7691
70785
93838
94253
1101
76747
72062
9718
97407
83770
28489
16099
5053
57197
21090
96624
77006
34323
30588
21165
28578
77055
53884
55346
98535
85018
59955
5734
69687
4880
49804
21149
78575
22187
82611
70868
8033
6854
62927
95820
73028
1166
16786
40499
71685
65863
50497
47272
30
97454
69836
47233
17545
55449
39016
40743
259
78161
56582
14502
45720
92489
22365
92925
34618
99840
40124
26363
26994
27319
67036
319
49587
90201
11184
31291
975
34051
13906
21271
15839
26844
94444
92682
62477
38224
60356
88175
82837
986
88191
25876
29707
13718
44944
40871
15859
5864
59926
1360
75555
30906
34218
1500
77112
36911
13612
60181
64591
70454
94227
88670
74700
57645
49458
96082
74961
77319
25550
52309
75401
44234
79392
19851
16020
99406
15666
73645
410
73620
40487
80843
88321
58141
89713
73978
48837
14800
15397
88634
14997
95747
96307
91882
5521
46649
7578
8567
64376
16203
68725
42256
75034
38532
80835
89657
26469
43386
21739
27386
17788
93682
73520
20606
12443
94020
84082
69270
2805
84628
13434
36591
70782
30949
91517
86632
5682
75606
28303
33975
87184
22109
14020
504
7845
57404
2305
22627
25641
13086
31750
44815
12958
51582
31711
88018
29118
86541
83427
84422
60302
90078
47231
75702
98002
48159
68455
69645
57037
32673
48295
65458
10264
69959
33750
75027
70614
80766
13734
96033
54350
18571
18359
27157
18587
51915
54919
11698
49030
90676
80148
39363
22838
44494
90227
91383
24218
35141
46862
59326
87528
14915
71808
9280
44353
97695
95230
78155
11595
66217
56344
28901
85190
38109
14943
662
891
57297
92179
42835
74795
58620
49843
96137
32406
10968
51967
64399
87389
57651
62768
31123
82842
5095
99150
20869
76557
11407
2417
63879
45127
66614
15907
65307
82094
60593
78027
82077
15249
71814
6756
82229
98418
96969
73131
9662
13649
53541
62964
86426
9800
33543
88482
56225
30781
76685
7463
22088
59957
86137
69827
75298
80518
43827
62215
58331
46693
87018
42287
58800
34803
46216
34981
63690
46986
97108
62634
98452
43947
58550
5764
51099
59378
37626
89984
43816
90855
14273
10379
85680
47619
46681
40041
63889
28844
84311
66113
27687
10145
72428
81239
71888
58312
84037
41251
84807
9429
42082
57844
22548
36182
33298
79625
61683
90634
8327
1303
37110
12989
34572
20202
55496
81062
68646
76015
59815
32335
84867
69763
81627
49165
87613
78954
4560
82306
26600
53289
35816
57175
54252
83916
43165
19540
54683
34079
19066
9741
43689
22946
26552
9712
24119
66510
58543
77309
75861
71739
78848
55594
66872
20004
24049
93743
65366
64657
20026
85957
72184
5766
85199
24334
61578
49783
9595
81289
53890
41869
32421
58251
71720
73135
34847
58465
67715
44163
31339
78062
87978
27774
51621
90765
15619
87931
92829
86810
88832
13570
34654
44948
39412
13993
44973
61790
24509
87001
17310
87966
55444
44893
62016
63684
23169
66863
59297
21043
55303
3461
3439
28767
26119
40662
53545
11578
15377
13969
91668
29884
52133
1384
13232
34943
44055
7354
66046
40810
32695
50970
38831
17721
71729
44715
85273
68094
96614
27940
49148
32869
2403
16935
53827
59887
33790
2585
43631
79922
82369
61947
13119
91051
98243
26585
78536
61670
22436
27415
98865
70732
89583
94840
95382
18466
84717
15299
61700
65590
3114
71057
21278
35238
52849
76763
1489
59416
23906
84903
89817
95630
47318
51042
38439
45233
84008
96384
24906
91736
91351
28392
29030
38264
19611
23595
89349
88464
20388
85815
68030
49917
32543
95539
57067
13517
6232
3649
9187
40907
62657
18934
5246
10228
75481
3467
30847
61699
44434
99699
74430
14593
93277
36559
66702
68523
45529
13135
55477
82228
90550
65583
51536
23349
41114
81112
52922
6035
73327
37654
93595
54151
52721
68674
17230
11174
29850
35635
58164
92151
84278
87385
14101
52396
30551
66997
37155
50629
86308
39850
73664
82371
75944
37105
58461
56051
63184
27841
13520
8750
2104
51939
24604
88417
25505
53548
19650
8480
31777
80528
65117
3021
20777
37701
73007
33210
85152
9406
37644
64023
58756
15501
1793
417
77445
16789
57852
897
27336
49144
97530
93660
12373
79183
82428
73226
592
5445
11736
12662
89395
27723
2018
57886
37740
58473
53155
39275
37609
7005
49234
60791
84296
58444
91482
93049
60732
70274
22975
13666
24375
2437
37134
5320
13278
26706
8367
47374
65692
77951
29068
40287
73562
81814
83406
30767
49979
44228
31434
83776
55235
11794
80063
14312
23696
12831
53493
40282
32932
29289
65921
16474
82494
52652
60371
17038
16638
37597
6321
3289
92262
18608
94829
51918
26614
36864
49936
41026
7283
33749
90543
65385
5883
23448
3508
76180
92850
47355
51095
30355
78229
5493
29628
39518
57219
48259
83007
9240
29325
32232
6182
44325
41424
90887
83049
98477
53429
89134
43004
88305
13736
63933
6123
88947
20195
16451
84409
5259
61916
13157
5430
52886
14629
9163
58580
93996
30597
20049
34773
11811
80231
60528
61887
51964
91180
68566
85956
62894
20807
42887
76835
98291
94664
42067
21872
77729
91397
58985
10132
89659
78539
95653
71913
23318
19665
16988
47203
14059
24689
22495
69524
56684
29387
43030
80930
29888
19859
98893
66180
12226
41132
40279
98231
25407
12763
6026
87672
27082
98699
36971
4870
6064
9903
69307
93471
7453
95051
74993
2507
35159
79948
9610
85434
80661
47324
54088
23066
63294
84254
9467
53659
94521
63884
66301
2859
20462
1234
73402
46871
19564
9830
84012
77632
9607
70009
70352
63311
19198
34306
65376
38408
74462
24957
44917
97418
52475
37334
42656
25125
16183
96043
64772
80070
17130
37678
87300
41454
44628
58093
77325
50708
23438
56200
66901
64591
45012
79417
72558
79659
57626
44392
87735
64908
31528
51048
60837
71330
17399
20322
4634
5002
23941
15988
14703
13996
32672
8580
66030
79888
37801
66721
27999
96293
39284
36161
17109
49509
7433
19440
86247
4956
51416
51474
7289
43490
91051
56009
20382
3877
45518
81945
71323
74484
73482
23819
61148
63865
76234
40133
60899
45205
3960
40822
39133
87905
15283
2375
88834
89106
72425
68790
55349
24816
95357
6974
2514
36778
9422
37904
16244
11251
46962
60878
51125
86674
94398
39613
11794
75977
11445
46978
48747
12570
89062
50172
42048
54377
95685
58935
57409
63761
27580
31550
68708
4789
92235
23751
13188
97900
20272
54706
89945
57064
36654
15537
4381
81862
72986
2216
82492
99543
63967
1562
36621
21812
2910
74661
80325
65118
55829
17947
85119
19233
57830
17848
68347
65825
10923
35347
78497
84842
39846
42360
91036
81398
41970
16899
12974
47680
93913
75468
82764
98644
85809
62424
60510
94772
96348
61206
19699
69617
3442
3247
41766
12072
89625
85877
95215
86005
13266
56912
85662
94168
19908
29099
97088
27095
39560
39141
36813
27653
95192
5141
87808
98595
97657
51745
79390
71695
64012
62737
4490
4403
21877
69457
54406
33218
72394
95193
43457
38342
81677
69069
51282
73974
38361
18215
30124
46207
87014
62499
127
27677
41927
22573
11169
45342
88478
12612
36472
89024
83405
83032
52906
36276
6975
96586
2428
77316
50063
27086
97219
94406
41061
75730
13324
97675
12824
24028
97887
90146
36109
80711
60146
32011
93713
13701
59626
68709
70802
54148
32656
51931
18512
3064
15826
78466
76364
55151
90526
6982
37760
18482
94992
85693
7241
48776
18765
60735
73402
44968
2720
24055
41893
73506
89863
32927
95068
62447
22664
71042
90780
11762
45456
69578
42905
24349
40108
46002
2765
31756
22023
95452
18729
11405
53565
33541
51607
60125
86
18210
57698
33529
68472
10563
7788
50019
23977
28728
12681
42816
75028
49905
39475
49377
17193
67008
3519
17000
32402
52500
12221
71467
58733
49548
88340
87878
77518
98466
28764
17896
50196
72833
16689
48221
31473
92
51869
38437
26165
89919
31986
24201
69787
63100
98208
5895
6285
41038
36368
89818
50671
14828
70037
937
33652
83013
15923
89429
50094
33846
66798
74931
41586
29760
698
32967
63233
43607
28402
7144
31490
91277
19598
19042
30418
73574
51607
20323
57696
69256
69705
76719
62208
24681
6029
36735
12499
3360
93062
70370
88899
28572
68983
19862
94461
5871
29458
10123
70886
21125
21436
16963
68993
70662
35179
58485
24153
16056
43827
58475
21865
99957
22732
98702
3753
96523
39413
18449
11655
71760
12227
68083
88370
43409
85
24958
52665
73476
39032
43716
63455
42398
44951
60849
34348
79413
8389
3391
64863
41913
13809
85293
7799
81194
65406
14680
49708
86502
53754
57682
35105
99790
61662
27491
16324
89518
65447
98506
17905
13781
2129
16104
56240
34548
95345
66630
12384
57473
10554
16402
75924
57386
60333
92209
97077
12616
47049
92194
83285
12399
44923
76658
92167
97593
5658
51877
51837
26731
12858
2545
92799
23052
88128
46636
2345
63649
47255
84777
91100
60722
7613
55769
23208
88525
56565
20130
4733
99658
17654
24474
53568
77286
52555
70131
86045
35604
83957
57004
17250
54624
70570
12007
99822
11247
26682
72493
63731
63476
35087
33137
39106
68603
13759
23530
81019
28301
8111
51239
77165
80623
49390
90545
99305
95697
67471
13006
64774
8571
69317
70264
97426
59742
76968
51033
72444
20945
15165
85344
50501
99841
22162
65359
6001
99636
36505
55176
73580
15650
43517
63160
81675
98838
8696
31810
54984
9135
17219
44617
15043
86882
67808
52348
81309
11372
70816
15692
9582
34378
66138
17283
91040
30844
53311
40668
31170
29148
85842
7535
91854
9800
64521
68993
47051
60581
83850
57879
22604
1734
2973
48849
10286
49552
86241
86292
21477
41301
71772
471
3129
34565
14980
16318
58470
58637
98081
52492
12710
76805
1172
31617
54244
98183
35656
28151
87247
30431
38195
24274
61463
74945
74354
24941
96253
38829
15378
58860
26010
41241
68982
86471
42132
66014
66323
72367
27390
64519
62051
35992
408
48984
25517
59880
28753
18301
60327
25090
55206
94530
38656
62784
56902
85658
21984
83246
10956
72643
76151
29804
24753
24422
10856
14865
43666
95712
98971
37013
74548
1887
84120
74743
99928
85837
58545
55378
45556
69346
25266
1676
49062
39565
58244
2416
31986
19002
98613
1761
36672
52158
89496
58245
6627
32003
48224
11440
70862
88597
31642
57323
91948
63242
14796
51307
49049
63682
13096
41241
45871
41359
88727
69837
95445
1604
5340
76242
24678
65916
48652
22750
69613
89231
20215
35924
50302
22050
30879
32578
23613
3923
27491
6288
88181
94400
5604
27679
25214
71755
40863
26009
81090
19059
76110
36403
28080
96487
50094
45331
19498
33409
93225
32940
82407
17036
22812
5048
89517
6971
93728
79068
16231
32798
50418
44147
40851
16600
72454
45834
44584
99595
36720
54867
68976
48271
46532
5177
64344
22527
93305
75927
13420
60340
26092
40724
59199
3219
3548
43619
78426
42808
77966
40624
91129
11179
12964
36360
51737
30125
65972
94150
36390
16129
51727
1656
79328
45143
58441
99978
66972
57912
74725
95433
71884
64388
47509
29564
87480
43280
21811
24515
8925
76026
15224
81107
32955
71145
45717
98381
6945
44744
39015
32424
35728
25289
48376
54299
74687
6581
81133
53927
74877
71392
74119
73423
12398
84220
56634
80518
28959
34320
20923
53813
22238
78377
87279
558
16614
16755
23583
94271
38693
91355
78901
21326
97011
27575
97172
19011
86866
77590
96979
82862
56118
52109
86290
70834
68687
19780
97508
33328
31185
54474
3185
85236
81338
66079
59531
30746
9129
16919
81497
90590
5179
45957
21543
27157
5442
89827
11703
74278
15473
13676
71384
7108
75457
41132
79833
86255
56487
33904
41058
89342
41640
31993
38187
52923
27240
69579
46401
51132
3581
18631
21525
96807
45324
29323
21654
5564
84709
14824
29853
45852
54021
45407
40820
60907
75046
56146
19164
28285
50101
43597
32042
10862
94163
12156
65165
97340
69267
34886
55931
35059
81113
68951
74528
38255
61379
31936
72050
58310
77006
81436
31877
93470
88192
91661
86559
76506
59421
42225
45698
54548
34384
20961
88224
18047
35010
50575
69014
83842
98947
21028
77746
73966
39553
32027
78695
34113
33955
41343
69706
71903
73666
27793
64703
82247
62133
8681
21940
75921
77373
55255
24893
92641
20867
88785
73637
19188
51850
78071
59210
76834
79644
91106
40814
82318
36756
38088
19931
74530
67277
17405
32607
70174
88370
66918
23595
28553
71446
93940
42876
69201
93524
17419
29839
14938
32910
87003
87707
10938
72939
36027
86317
93186
26974
68951
24804
83199
73365
23226
83036
35245
78076
90891
5987
39034
17764
65649
47507
54868
86314
63619
75489
30822
23829
98696
55138
85439
86988
29438
26673
32116
26203
15385
85555
23052
28016
58440
45295
79102
72195
29186
46033
55403
15286
60748
19389
67328
85886
20026
85093
87659
19028
72372
89666
52289
23811
91147
22182
58923
27984
63870
49236
5742
77493
19643
46003
79908
62149
95952
16626
80217
35894
53089
83382
38782
34530
30679
48485
18755
2385
44289
34979
33580
51236
7718
53619
90819
70149
44202
73791
75383
88396
18547
78404
35722
13787
37283
2986
9378
62098
45435
27214
23352
48067
39858
8402
51520
67938
41013
671
74769
98072
15616
97063
34209
29653
26008
32900
41931
23147
6467
56332
54155
41891
44747
12494
83659
24385
66959
57210
30318
97518
29368
96026
26453
96616
60926
69911
64207
46876
59419
26286
1818
96785
84879
38475
96101
35993
4698
72705
10853
19959
9385
90371
13430
56110
85640
23989
47170
68544
71058
87064
8609
44544
96420
60536
72641
54600
70471
77962
65442
39609
22686
27717
80344
2615
23197
71829
50776
83137
4224
2279
43339
67919
98536
41674
99864
54445
36902
7151
98818
68855
63950
82469
40851
62476
55848
28006
89801
22289
83147
7713
63784
61084
89447
46632
15704
7526
56973
4846
1896
8500
16505
34515
75020
35134
38158
90778
37956
9359
85141
41061
11380
91189
38511
43935
63145
56148
12373
58018
55218
40967
18336
90167
38491
27230
57248
35401
71158
80284
67906
53634
51919
18680
3991
68135
64667
10659
51125
41240
33460
20667
92728
34176
47059
43156
89973
81209
89735
80365
72588
6267
1009
39030
17635
83841
1754
46851
24890
43251
17259
9653
25845
74675
79984
99906
31517
25927
61756
21927
7849
36062
22431
36029
89031
9715
98552
60310
38367
73248
40517
10038
63643
47213
97648
31657
69926
52430
14381
46570
81483
66925
65796
93156
52795
4422
79678
65627
67011
52435
86175
86618
41694
30575
86783
68288
23637
54539
70562
41195
90256
20694
39885
10445
6588
62221
54001
66382
42028
57003
27977
16765
42735
62287
59873
35651
29824
23628
14006
80863
58454
98229
11385
11054
65202
29809
46553
18249
53259
49152
50100
71472
36611
93887
3132
53807
71103
18053
80297
97097
81049
46428
57353
16617
21197
23302
81961
66894
61380
36785
46739
65331
23975
88384
11799
54908
92116
16915
69825
18581
67146
68175
86893
18806
54956
24666
2930
33788
23702
30483
12824
70814
3957
15337
58692
88031
66662
33792
11313
53097
9997
77327
56232
88531
78890
31775
28442
55170
18842
88888
69718
59125
60343
72146
19310
848
85522
62873
42821
92729
58165
74763
36241
42963
65941
48277
1456
10476
79811
172
18344
53328
31706
9987
65180
47219
52405
60444
98852
84117
26111
97020
66241
39503
14099
490
7139
31686
36170
79886
12085
45877
47830
44765
74440
7881
62313
42219
97564
95201
65537
18114
92308
4221
2789
97736
41451
55525
72318
65756
78255
32226
1087
41710
58791
25286
54544
87551
65914
73229
59027
9861
39647
76281
59445
65582
38410
23565
98620
51442
89919
46075
41474
73144
89761
65912
28555
9977
21978
32407
21877
92093
52312
97279
90613
13037
42014
60347
8082
52016
29562
97372
69696
92309
91514
64593
752
54168
78401
65988
18605
97257
38390
50638
56672
87576
31343
63461
46291
2420
9775
89455
49512
20613
34906
60205
60115
97975
76911
1819
22050
5833
47023
93999
10885
66496
15113
12593
80957
63336
47797
18812
86583
89619
58061
34722
83685
64271
94342
25357
56766
57651
80960
78554
73804
4734
61131
7115
30810
35352
31707
75115
71479
24402
89149
23620
77074
21945
59081
65263
22696
15951
9375
57395
37249
31187
79688
62727
62910
33109
15970
64812
31256
73939
10765
95566
14894
32068
46556
59544
21361
16995
63718
30731
57722
66992
66034
58888
87679
44728
70999
77315
38679
18562
72902
54292
83712
72609
57643
37422
95834
9270
83836
98811
98741
39727
10133
83976
32301
55086
63337
50356
50532
96936
26314
70352
68292
11352
88865
41573
68321
70270
55042
2364
47223
61963
78530
61376
16418
66105
44988
39139
59444
26613
86537
51968
95004
15860
40929
52194
48850
92179
49659
3405
68133
17177
56779
18972
6999
49146
1494
65728
36481
83470
64634
24267
43673
56127
81619
86637
60756
46554
96105
90479
90511
38592
13014
36767
31260
99636
89353
30276
7613
53823
90295
38606
71595
88141
43470
41666
30182
92170
99003
72469
79970
48078
25852
19923
40232
95076
7532
4691
2807
47162
47778
67773
50053
34128
84820
4100
57204
76266
39699
41913
76270
51557
22074
80671
83003
82096
66354
93003
46875
76549
33318
99573
70456
52939
19465
35114
6783
75304
39905
15301
63597
36795
39153
44166
33821
47044
45468
35128
36502
18787
16795
51912
64959
28945
10460
9493
80009
66224
40302
56341
87039
82460
82939
30053
10759
90058
8349
435
89625
63846
66088
89876
99900
3553
83101
16656
2964
83579
34585
13839
46302
84714
97996
56381
52184
3129
63892
83153
36423
10204
24100
14703
24911
93022
17279
60006
78543
14935
11842
36890
1182
20368
20071
49136
81106
94456
98527
7104
58551
49236
32224
70152
87268
96983
70060
55167
48487
30038
68213
62306
43481
95206
66217
1859
41317
97868
30227
39525
462
74761
15454
16736
18741
48496
28738
417
20771
98738
18564
34970
39463
34250
52489
37550
3552
55466
80320
95355
89337
70608
18142
78161
68153
86968
96887
72559
61847
3900
3030
7638
95216
19570
34167
28265
39966
51756
97612
27272
70864
7135
54182
4593
91224
21736
54737
20656
40553
48150
24927
23448
14601
91611
89830
95378
40659
14496
44932
79371
88826
91795
86265
67068
20939
48914
2773
54149
43393
83927
34957
76600
80111
79968
50202
42865
45378
78631
49895
3320
43240
51542
24061
85403
83994
93931
10030
73281
41549
21501
918
10817
91813
2283
29895
88708
35359
59986
24707
57591
59494
27545
4401
60239
60577
8276
26000
5554
91936
41385
72759
26887
49846
46679
10313
46866
83553
32841
15565
88868
21757
25547
42969
59265
81954
92068
2027
95596
79051
61886
55611
15372
16652
24271
16931
35657
83216
79256
82773
75002
68427
53932
97911
6108
15236
27463
25476
45173
94475
10632
41686
12233
28583
16178
62777
91623
64624
39739
39069
31989
81632
14464
12273
55551
3682
94183
43023
95673
97486
83288
91743
95019
22908
7028
95518
96988
76974
63816
55026
65420
32853
58307
64563
20429
12419
45784
46326
41092
7011
1332
49292
75625
97427
76639
42028
97752
40074
63669
30656
23065
6983
19557
39157
31348
12128
12493
7711
47330
62840
7659
79116
87268
45519
19104
76759
40771
87404
46374
27483
81033
12511
57058
27347
75668
99367
19993
37104
96315
63426
91145
86495
38870
55660
51711
76674
94645
4072
49029
98668
82792
75060
63728
97472
4101
81252
52875
28517
98464
16634
71639
74164
96033
85144
58457
32445
68164
56797
8215
76243
8159
2613
88858
23921
46107
77414
47383
77839
8598
15730
51750
90131
10779
26077
65983
70347
45793
31755
88908
98269
36347
18863
57724
4199
40957
12114
71180
90246
37638
92870
57270
15593
42299
98474
7056
13399
49826
67057
5881
9623
22504
63501
55868
13397
54207
90725
2354
68539
1060
28274
33644
34781
26343
97573
83347
55735
25158
4855
60153
51126
8454
26919
56019
45655
81657
71064
49478
305
48708
16051
21263
33882
19792
4356
14024
27623
25407
4779
29272
56771
12050
12584
4301
64790
98416
50041
53283
52170
50734
75526
50466
65504
52529
35612
40625
52319
94237
48679
9003
50443
85074
50992
4293
16264
99508
84146
37886
43679
4502
39454
50218
18572
29179
54753
27254
25357
7366
46895
89925
9156
57373
77143
20442
20853
33484
20638
2272
64374
13609
18850
97442
30548
44245
19483
57422
47902
67838
76870
96525
99333
8065
24491
38059
52835
26148
33080
25722
53106
64159
91471
2138
30164
25596
28558
90340
64351
64408
76254
39411
14184
30077
98966
56813
53693
5988
80285
45717
57416
28410
99246
78467
76517
42996
28083
65788
53452
29582
43214
70894
33577
6191
91692
61217
79586
73125
39112
70530
55159
89720
73999
19845
50649
15455
69817
93263
85605
46530
98556
38111
29447
65900
38271
53371
7315
4157
29166
36400
21352
96188
67024
21672
36241
86080
97938
16627
29169
3576
25799
5445
5541
26340
15918
97872
5078
1338
79285
43775
83394
64570
25390
59578
75167
14952
66217
56214
89647
98192
19718
62080
27657
8393
94442
44844
83703
92286
28678
91830
63069
10269
35677
43581
49659
7912
41081
84687
23463
72666
99751
71397
58852
57086
2002
75249
1398
85301
46036
80135
30235
34962
99845
1503
32962
75838
18843
12781
96961
60012
25785
6903
16825
45157
50025
40247
29338
36935
55720
82192
44664
62591
3210
10866
8046
87003
33209
59816
14224
29186
66072
28621
83051
17985
2358
70569
12116
35601
79007
1158
42337
37320
42041
57541
60878
70463
39285
22185
66797
36736
69737
69752
11160
37396
93692
90027
57229
55213
24389
77441
97849
33763
71404
10621
28829
70447
44732
48900
2473
95073
21881
93804
82869
13233
62998
14967
70350
16197
15918
50268
79863
58525
82207
88393
43807
56353
7227
69963
7522
12656
11782
10001
81157
77282
94884
88935
94804
68172
43103
40878
94785
45114
237
47557
97382
90558
94362
5667
60607
18913
56621
34807
60985
76833
55233
15436
48983
71257
4265
26951
25948
36231
97377
85900
28778
21762
6028
69367
57273
27251
56254
49790
29824
42412
61488
60891
15916
43121
65181
58942
22569
509
26292
9110
4691
39853
93652
30597
95757
62296
2021
59541
46810
53580
9491
41134
30962
47068
74386
50639
48920
62603
76621
20616
42918
87332
19287
99767
60770
17129
63021
71604
18033
59038
84813
62929
81775
95484
71348
92980
40488
27313
77114
60622
96996
51934
2087
15109
50399
42806
20618
60907
5309
88191
4867
84964
98793
35588
79721
58289
46927
15755
90361
57102
71893
41833
62374
15540
34556
98962
54583
910
79683
73218
110
79978
8855
7147
46917
95416
72438
19592
15378
78953
17394
3799
94186
92896
22626
19155
26661
78735
82079
42699
10440
53447
93856
27192
74771
85065
93186
92472
58850
33836
33596
99920
82740
32708
21477
10001
25200
18985
75523
55013
63840
42937
78993
66864
88408
70956
139
39566
85972
75231
63572
51915
24103
46367
17374
15080
40345
39969
81404
52985
77588
7562
68120
47631
83234
58546
17100
57927
30832
30491
84688
77849
84385
63540
48135
73559
78226
98667
86092
54207
11185
9657
22230
88633
65864
86920
67330
51667
82753
60851
84423
87356
74384
78808
58750
41942
66728
77889
87485
61354
38937
87809
47011
90709
4093
3685
30731
22133
99655
94223
11778
41010
20306
69039
14299
93597
82220
92416
98500
47407
19213
9088
19161
36926
9398
41900
53002
5190
96725
1543
72666
25778
793
30093
30360
16349
23805
73478
97345
51220
99229
88329
1229
77781
17852
47748
78123
70232
89757
73932
77812
11040
959
34438
44038
8065
98503
34689
52222
29894
16414
18814
65871
89110
13875
80434
54968
51220
51460
40395
64672
48779
86246
92259
42115
91323
9482
6395
72421
46913
81614
6982
69780
15420
9132
9651
5205
80790
64027
67048
14539
18963
2739
47606
14018
73655
47151
64269
70420
57023
91877
67404
65518
54053
13653
50922
65109
28406
66592
83953
52072
37845
54810
80011
833
25901
36809
37248
4227
63547
937
16631
99467
20181
87832
37700
96650
65875
64628
51382
164
52549
62642
84555
54132
86243
12007
46118
71244
41698
47843
30227
34559
87884
33422
68281
10088
34556
16488
35247
81448
56895
81881
47399
97246
30251
6873
36498
2601
96180
41045
42533
69601
14833
53562
24260
76802
36561
35428
81598
74003
13478
48372
52669
52465
44562
1157
57305
26662
38516
70704
86354
14036
5551
54013
41449
51626
85633
38381
40501
79526
48653
19382
31897
59316
50014
97265
74819
78280
35295
58618
16374
65277
54378
46815
42128
98029
65537
68723
41653
54736
31449
25667
76840
48837
64225
86088
14773
67727
63646
32517
86198
3813
80866
3161
52162
93838
92790
26803
34763
39199
33152
85786
81984
67080
34886
56939
10418
14889
29396
11028
57409
28891
87730
32206
51053
99391
33702
46616
17735
41966
83649
54687
82393
36779
69079
14134
77652
37602
42998
5191
24036
2291
53395
37847
15038
26916
72029
46228
63500
31620
7929
6747
74506
16167
18911
4395
13342
92873
38509
56454
28192
47862
20290
73650
67724
59416
46759
57162
1092
39995
31797
32003
7570
66056
89193
28072
97391
67283
69338
22117
60940
30331
28016
22236
30262
62980
66635
63347
773
28195
41287
94427
45863
18454
32907
752
2591
32958
97910
24151
72078
11961
18752
89343
77449
44868
45911
85384
48941
2827
16698
67843
99697
73859
88496
68335
9167
93770
27124
98633
44054
71034
49911
97456
2898
63178
42179
82524
40537
95319
93439
36418
5701
31550
1861
9492
21145
93146
42836
23581
16815
69557
55766
66867
87162
31296
91628
45280
63052
27734
43556
26423
68638
20267
82704
6048
69051
35201
3115
32359
12195
58467
67363
6128
31778
24831
26522
60767
5229
40908
18017
13982
1005
11309
24859
83349
88880
42652
26763
98706
77414
42394
50371
50755
8388
94454
71519
61112
71746
50389
5229
51677
79280
68277
56132
55363
58486
61571
17042
44878
99259
79981
20781
96239
63293
44352
27866
19979
12896
97806
38065
79393
39247
69264
68947
97961
84124
27806
22231
64411
80449
71486
63213
54946
23424
99940
10198
38757
52215
56838
7997
30200
60131
39263
81207
1121
79946
12027
19848
9482
56111
91197
16421
30133
31865
16072
31174
3264
3723
49137
33717
12909
52890
97905
48960
26975
42690
4013
79335
89564
16182
83810
51658
1284
39124
19268
50951
94544
56790
4740
73211
20972
18343
5276
96144
70413
50540
99378
77712
95796
68903
55731
59250
82414
4046
49850
69155
58127
21607
62896
88737
48673
80324
57415
57816
45556
96707
85688
43904
32860
40544
76839
63943
43317
62072
87472
24267
67799
62611
88406
46985
12870
21865
18361
17021
60494
90832
81247
93783
50223
62481
13205
81259
35245
25670
32912
98872
27241
41879
93897
38574
77448
81287
6617
75077
51887
71945
86635
46367
44223
52312
5918
59637
23336
24079
51577
43023
49003
91094
81757
13354
17690
53040
38600
7957
49476
31284
5845
6407
16221
8347
89583
98401
37257
90696
51689
19462
23970
74141
53270
40129
39392
5560
48346
3634
26074
27819
45853
53013
36494
32399
53228
20491
3322
9420
5643
57813
34329
95849
20827
75006
57645
8930
48533
98028
27204
76372
71001
45983
70649
83791
23966
41403
90931
72938
1252
99336
70659
82763
9280
33993
60369
80831
99468
92435
88882
93338
82364
99206
47313
48959
9549
41552
67944
43871
31252
1911
37018
50045
92574
4293
64796
9469
15719
45043
70712
55041
99127
28223
11457
58064
46422
29137
20203
48458
73385
39878
64927
94460
3900
71514
41294
30386
97608
8054
68748
4673
71079
44392
13165
7777
4435
54056
63583
21673
924
27035
51566
92028
61688
97769
63364
51436
31711
69782
64884
77584
46090
48666
33414
27092
37715
57898
23757
73362
56745
58099
52194
38661
26592
48607
9323
10826
34999
37308
84842
58653
9653
52302
77164
51835
76650
12754
420
88381
78809
5823
1635
62227
73806
80493
30389
59809
91838
43298
89939
19352
21012
6359
87665
33339
85912
24136
60708
4173
36792
10848
80673
99447
36048
69970
58880
94872
29077
85555
72922
97788
29812
74838
46940
26836
77382
88791
9459
97820
54598
23096
58391
16970
56356
13593
27907
35806
62891
16756
3609
62526
78835
52687
70912
85337
92347
81766
6274
321
4608
98392
17693
54808
57963
80749
64537
16771
42030
56020
75627
56387
93748
84360
95374
92727
65657
50377
74700
21583
61767
55958
8975
40901
58252
95586
18230
79472
793
53293
98974
52698
16214
43859
8923
95700
99956
77055
14718
1372
30992
2831
32901
70171
24107
87072
62603
43525
4858
72696
36381
17399
31528
82612
18442
51890
13674
92459
22029
381
42354
83908
13410
26838
26635
44515
1616
14636
37452
7704
27331
42530
93326
48932
50519
70645
21176
85294
55756
97429
93911
3447
88851
64696
31458
60693
13720
62738
33244
42139
48033
43988
25551
42545
19378
30079
58209
7276
73262
94801
69625
6148
38573
94680
62304
63917
89642
87622
82592
83290
86722
75223
31128
28671
64902
73101
37556
48993
97695
73860
13296
70365
79241
87650
37527
83476
12863
28802
45735
45976
11600
76733
92510
27830
41215
57233
28386
47298
8587
21784
24605
82326
10722
9868
86561
30106
92794
30564
14202
58708
66750
23248
87968
95347
53980
2918
55233
2136
69811
16337
73238
43021
91878
33335
55691
594
452
73589
54056
93421
32545
73042
71823
73651
25535
90196
58451
90288
24335
13089
6335
50152
26095
25574
30582
32573
66398
61027
48167
19582
84171
53102
33794
30129
85988
15350
10702
44639
69789
1873
84172
44564
54151
31771
62041
93924
37084
37204
46434
30713
65591
25095
94152
51989
32884
90021
61874
44885
288
24432
9172
54083
1784
8454
52753
71639
37184
86772
32024
33425
28030
56654
67220
89474
12209
56097
59924
29793
3229
47636
97985
52513
84881
18721
23587
49616
12845
44735
10943
11044
49624
77048
94136
86646
65801
63399
88131
95155
15877
30797
33934
71013
17402
497
72797
54928
83813
64768
22456
4427
48907
15867
42372
98459
2472
37724
44965
50291
84378
26015
76344
7395
98220
31545
41117
17979
50646
78076
78811
59730
75890
11012
5335
52700
47255
23232
86545
77123
98019
46637
45688
4571
1436
62100
12277
69822
88872
19404
19911
62003
35057
82282
67798
74200
915
28405
94220
66312
40715
17338
61269
62771
24118
73021
37689
80236
27310
16032
49953
911
54560
68774
61742
4284
48224
20871
70644
3971
35047
95491
75129
65006
60190
22947
1026
99586
3286
62054
9222
34464
48726
16776
63355
43995
95697
44167
75466
91675
23892
98595
50001
44073
37803
69575
5136
80014
34884
70988
3176
76621
96132
88130
97539
25595
74834
24871
18745
73465
28730
55884
55001
25560
27990
40598
21197
13070
75950
49501
23455
60983
9059
95723
73113
52918
49632
60965
66436
17946
31099
43925
51811
63124
53991
15472
75550
11973
82368
76049
81786
13053
20449
80766
31995
86704
91378
88630
17401
38206
16910
35552
24408
57443
41700
89193
21286
59766
39563
934
88459
56665
38685
92317
23419
93312
79562
39486
82477
71968
76777
19455
84389
427
73409
6774
46009
99794
39012
41395
49205
74890
72581
21105
54590
98975
86294
13181
82235
83599
4601
45738
85396
51429
63244
6732
74864
52581
69235
99664
99400
41438
52174
88598
86158
74767
28903
78395
49137
34218
85373
25357
68814
15091
77290
22668
52192
65044
72208
41463
37839
73523
41685
38407
52320
53929
36893
37053
39668
49882
82012
85617
8243
9996
22602
6417
170
43789
14269
22333
58138
2052
267
8831
50193
896
65236
46243
54571
43462
66407
26695
56307
12349
63331
29224
83500
56916
50161
82961
58789
62627
69747
29233
53830
69759
5354
73650
64576
89634
63681
12374
55394
4799
71684
47187
11758
13152
58910
16463
61465
8196
65905
48243
4592
73150
200
88443
14050
27787
81364
29772
97876
6333
76579
74972
98807
78597
74806
38838
80818
61123
48949
40554
38008
14205
98314
2687
41725
82740
32559
63654
16846
46329
86164
61043
3951
73776
4106
22953
46770
90849
3896
40756
41672
97088
81079
95191
63974
71076
80325
56319
16089
27445
30120
15941
17708
87632
4800
8790
70615
48620
80620
31270
8419
10180
18583
67782
49733
93143
99606
26755
13282
26835
87989
89194
90789
75100
32995
57595
69689
61250
17032
79888
56328
81450
88154
29222
31724
74553
86498
4201
18833
63109
93173
96574
77883
3205
62396
85468
43680
37240
57766
76347
21682
35090
51184
41363
40350
46153
16802
68376
64842
6055
78050
90451
29730
94853
36507
84416
33932
71612
20696
27764
33896
27961
90439
32756
16014
24509
65462
78080
82051
15125
63741
76000
38060
16496
71047
32661
77652
39496
60138
85094
84117
91153
64747
37935
24147
57060
68324
50789
77145
27477
45433
26271
46814
60969
35381
69676
53172
82702
19336
25470
33406
88899
67904
5777
62644
20476
28722
22397
82930
9504
87915
13330
32896
685
84673
79957
27010
66618
13930
70597
97350
89204
63637
24300
37441
94841
63728
98453
91662
95641
5744
70475
59287
59883
80554
56958
10556
51130
41399
82144
54606
52463
58136
65130
23738
35514
70776
56649
38674
15959
24757
47713
73000
37591
12963
67883
16823
6505
91584
3556
65956
82072
98067
26675
34852
20012
44451
75817
83000
6500
78349
69209
96593
20852
54902
49863
57401
73431
33703
8159
68959
74274
87806
87652
30786
15600
97541
73381
78510
63745
29576
89319
71340
2680
30476
74053
34705
72608
32670
12077
9319
69141
4988
6315
37518
29406
94174
54668
42450
2200
14281
67443
31714
70402
50437
41041
37824
33879
65706
87803
29606
61503
8680
45715
55058
70035
28231
20024
65010
37277
14220
68248
38080
75280
60243
5194
22737
36747
13182
76511
49613
77924
77309
28802
90675
17215
47324
18095
84064
51529
81817
50116
34937
8438
73633
31863
3796
92417
50491
18495
45665
99249
85463
66851
6133
25861
4643
88014
84979
88300
86144
82488
62101
47723
6887
25568
45340
71213
73663
64206
12671
77209
21330
19030
65267
12782
96059
56614
59217
47379
90643
78068
980
69802
7511
37142
17207
35858
57022
3275
25408
54796
6278
12628
51381
89312
82771
78934
94047
81489
87993
89444
37045
22453
37276
54516
97794
58044
48241
66073
50086
25246
98102
86146
85502
65868
3461
96952
81375
72650
8551
74980
3732
30422
41563
64598
1793
22068
63857
66674
95945
54501
95738
10972
39651
40186
94960
18780
26806
22650
67268
35623
18597
64802
84039
50994
60483
42285
49268
45915
21897
52069
19075
71796
40323
10759
53075
19469
30986
68474
79569
47548
81308
79556
39676
55058
47365
50262
56983
63331
71494
58090
17785
63236
70878
36502
59021
70551
83446
72928
63532
21027
53009
23590
82892
87515
26893
11429
27050
56133
26424
10219
43124
35133
28321
84290
56155
80821
92413
19192
10564
76453
28678
55031
60906
11400
90736
57118
43153
28327
84773
58811
70038
86586
24364
65036
12774
64516
26903
5539
55916
99424
49768
79437
11683
78306
7042
50850
59605
20337
3153
75043
25341
90102
87010
61057
27338
44645
69864
58109
95828
29266
63988
8351
65691
51222
16244
20862
34612
1650
524
11818
24144
71424
86284
19517
51932
66146
49976
2660
4094
45069
85565
16391
94180
96628
61994
93804
66576
47195
11633
53657
82065
5376
37512
19883
93386
1071
96908
47550
31862
87542
32518
75167
67903
40002
78508
35495
22924
22858
4299
23279
17151
26299
55671
90761
28802
42352
40092
53854
5752
4514
65591
15474
69606
59484
42420
88478
89488
98533
32899
35665
22934
90629
32004
33877
65863
28202
87454
45719
32577
27826
51685
36490
31342
87863
63417
70761
34973
60400
44749
14048
97661
48549
99587
51324
34864
70885
51972
77055
89256
85158
29134
59661
12044
35584
27424
92958
30231
43522
57498
84883
89982
47850
99610
86463
91960
4728
77557
50251
5462
24768
76177
6507
36572
51913
630
37825
5124
42331
97176
5308
52234
36403
30536
87124
31174
85874
24204
52154
4826
76913
55556
20577
5086
94491
43698
18978
85339
38243
28088
54217
20062
6600
30636
45363
58649
89235
5253
36790
77351
34428
45488
2087
23245
45327
44139
53979
62056
31871
76133
51734
69185
90628
62734
32344
15287
39988
64995
2380
83942
57251
42969
7291
39351
23730
59873
22888
32713
18570
99661
71119
89547
79474
58408
12269
71707
25917
67118
12661
46401
9715
84403
31610
9465
2046
79371
57604
63462
82256
90835
15437
50656
85198
28458
60611
16995
6531
53344
49843
73270
89217
79821
7803
9701
29117
71054
14434
64902
14704
44215
95923
43475
69987
79930
15899
46138
70336
14051
10663
60329
30237
52204
6179
93057
43271
20035
57684
46761
4535
48197
92491
31172
8026
30301
39594
70551
51950
32309
876
71116
10035
85437
96619
71808
73043
75352
67850
88056
38978
19152
51387
805
20081
25643
309
77921
37759
21658
58183
53821
27048
10778
29836
85156
73537
27984
22177
48336
98505
8811
75382
16236
71649
2973
36889
903
20403
59693
47534
89641
40798
84245
55260
64498
92439
3493
35178
36811
67415
68006
57403
75794
93793
45910
88086
93434
17287
4466
53256
24401
52757
75107
96378
75752
80233
51839
14097
84301
69116
80508
57053
15193
3891
72649
33389
41272
22895
53501
26683
52890
85676
6425
69477
99156
86010
35358
55769
9020
94861
2169
24357
93965
55771
33656
16440
6481
8858
60700
22679
54082
45227
83227
74540
8550
22058
90862
46805
34899
77432
42156
52800
37686
37027
26066
72678
49164
13759
11188
67296
37365
3938
37250
83782
69993
96339
45315
8323
89010
35821
99538
53440
17574
4339
38096
48735
4725
96460
46734
9124
32422
861
25609
31475
36466
76704
96768
93399
23325
33957
44006
16571
84591
75360
49572
97969
29300
2266
15394
31860
90976
56831
97736
1741
15028
87045
75858
50276
45478
10170
7312
21789
50885
50342
46292
10153
86908
92852
12917
84238
66476
29050
44689
6916
42534
32829
75485
1551
7048
2341
75578
55558
25950
80209
53171
18602
11464
61774
96027
36558
99408
57113
19784
9343
79207
74559
8732
44637
64579
29170
42599
18465
6008
56190
17108
76463
3589
17494
10209
48774
39374
38017
98497
39457
67040
87016
57333
41298
41247
73461
2676
63293
21121
73430
38699
58015
13931
91266
98110
98726
44190
92230
33018
84248
23211
2421
11773
9666
15960
95711
50951
6095
47123
52962
25989
43770
10237
52320
95529
78308
11184
89753
87980
89426
10587
46998
634
76779
87903
15635
23502
48796
38576
82177
38359
27410
40184
82643
36545
99463
99576
28923
41026
52116
49003
38982
22208
74205
90546
3826
92759
92991
91527
69071
88784
55575
3568
49532
41599
34006
12435
46169
94087
82360
80401
30448
82376
80837
4540
81810
93393
97046
92246
9902
86385
59151
50264
20730
73564
80429
54520
25285
3415
38452
72236
25115
28579
37236
98669
98323
87791
27950
36583
80982
54639
49369
72512
21423
63660
17037
67542
75262
81234
49535
69145
64470
24093
43771
15285
87381
5970
17157
77866
27714
88780
24325
65320
93112
44375
1490
25737
97464
96166
46154
58865
38333
72158
17422
56146
43631
38385
38324
53586
38057
91194
65547
11878
8299
56393
47193
17658
19211
85489
63083
48967
35958
64618
20484
5545
9468
4780
36616
28516
79565
19404
22817
86351
89055
76493
47562
76987
62649
47143
78085
3184
73666
56947
67603
20220
14372
48693
12431
89687
62500
52207
54168
32268
20549
84861
66972
13873
77283
54328
34206
20943
23208
97265
90268
60501
56347
21680
71213
88725
73047
31767
60984
45530
49632
31900
36436
91596
66935
82599
52193
97243
58371
7318
33866
74858
11934
25676
70246
36795
98965
51019
24408
26844
87312
28084
55680
11000
83368
72210
86382
40727
25632
65295
94581
57020
54689
91121
91643
21104
44226
52710
62366
68154
14733
74302
51968
79772
36011
70446
47042
31568
35636
11941
50116
13892
70267
88296
67778
85254
92577
1024
87239
43040
54328
14644
22379
84750
41687
29561
83592
62590
13151
51403
67078
13938
98833
20485
33530
71694
50019
65985
84714
9587
59839
53932
95103
2657
32671
39629
47753
54655
33597
8181
71531
39707
35686
71086
49450
20240
21404
18883
89139
58691
75283
5348
46340
48390
14403
14369
24704
55935
20785
34601
7025
54455
28102
53594
60933
36052
87657
50704
4367
47391
31215
36318
13171
19556
5451
71056
96008
95099
882
72152
47552
15976
39332
95286
12813
96923
9936
18854
85564
17067
68692
48716
85912
49847
70357
95242
3146
58031
39000
82946
7322
9435
83942
14144
76209
18903
23205
15859
48931
92172
34470
28112
35727
55605
66816
77349
5327
21345
98644
30979
62405
66318
92450
5055
50761
74886
37924
59080
9949
26767
71803
52407
61898
62358
4373
32059
50982
97785
87618
71233
16424
47388
29497
45004
85443
63979
68791
49746
88163
60237
93363
80916
11824
16944
88720
21377
45613
68087
74731
52064
75990
66816
45007
87612
25178
18030
6525
10678
96036
24377
35046
8279
81418
25517
11130
73887
25304
62650
31596
99765
29638
73260
79879
40106
65111
92217
7400
19868
86005
14512
96891
46439
91567
17473
62774
28614
23436
12632
34897
31480
19415
2586
6809
32274
59825
6853
20990
51825
5604
97274
24795
47657
45987
2838
43641
13413
58936
91670
47875
10795
83963
14528
16795
61210
80597
26535
39357
28171
74888
79990
12114
10419
39070
8600
93343
58177
14366
73714
3409
91481
56227
54666
61759
69174
65889
58535
42157
39580
91376
84501
9711
96333
7228
67702
29079
76248
65301
34021
25921
87628
56996
81572
54070
86890
28098
33038
45881
52943
6918
47857
94543
31917
74156
77745
92539
83225
54766
25934
2800
70932
89647
70243
26335
11365
15916
82155
65905
67747
44854
19456
13241
77452
42879
82690
4670
22904
88618
19102
32622
42334
74795
50676
57654
31026
30213
87656
20488
56109
25539
47512
22107
72295
59681
86093
61618
89982
23833
70582
33514
44775
79145
3627
80058
1616
17063
21205
6336
81057
23460
40024
30495
44440
84449
348
19929
30215
65067
56884
15841
72788
32999
75294
34056
10622
68017
6387
18343
76535
83810
84656
93503
65205
31954
74533
90366
15905
21360
69079
12342
21471
10820
89748
59389
15125
55616
76896
20225
8363
62410
47400
68106
69645
87620
52991
15199
88705
69034
46771
39890
99979
2651
21413
70030
77470
68205
51230
29561
84959
74076
76643
39568
13593
85457
38004
15024
48925
71246
9440
37190
97733
68439
59338
5535
2145
29733
27842
9916
16272
67138
93696
71833
41136
27282
24374
84466
3914
96371
72852
67103
6776
71032
66946
78019
63780
56784
59399
88422
72407
33448
32650
21377
22834
59688
48903
53826
66399
20092
68791
17344
8388
57355
11757
18310
50237
91261
88097
95913
33053
3772
64163
8299
27204
70543
55667
48603
20588
79393
92813
93657
64271
57459
65946
73198
93988
99956
14878
48791
46884
77371
95768
65268
89302
32923
40886
19727
19263
66511
57831
63308
12309
81353
35080
62580
55312
3910
4134
58252
52774
20141
73057
3029
73551
18883
2908
5130
822
72824
4942
84618
38313
3305
28729
16799
2495
3629
72991
1404
632
55730
93584
57998
22099
51530
90288
71941
54230
54046
28610
50198
79126
73670
36648
51857
94838
49102
5642
62453
97046
41874
16818
87511
5486
58447
70267
2435
556
64400
3003
13782
66102
60106
83502
98190
156
13198
16204
69470
7588
41917
64971
19613
10036
25990
10868
11877
36095
76958
7859
45413
41027
44007
92771
21066
32775
94419
66087
1428
4440
94668
80633
4424
60567
72353
32192
50246
82483
49264
65403
14872
34834
36720
65464
49132
22381
79795
48426
98623
66113
22134
60635
81512
45836
89417
96368
61897
91826
97480
91
43417
43415
94635
65940
92984
16974
83910
11083
55767
79346
49897
54336
36848
35094
73317
53579
95835
53839
53856
98359
1060
22983
34561
27270
68776
88543
35257
66737
38643
37909
49202
76287
99095
3176
99446
45340
60793
49861
9469
7031
76246
49173
47798
88092
86535
36451
47399
16402
87518
11054
26194
88048
16012
14822
89339
55826
41462
87783
81747
91420
66691
69358
55607
22564
71397
44284
29023
39672
47902
53292
24770
69082
79543
38393
84284
25562
82800
98497
15583
89771
75877
45851
48653
26281
61605
82219
59241
37450
47751
43648
89484
65111
48514
61149
57455
65171
39365
31206
6752
88347
4654
22607
49691
45755
41442
36558
69174
67267
1787
36863
10518
97439
24930
73942
18976
21423
20496
23735
73823
63174
36350
83360
84110
83704
77904
82490
83183
35990
55069
2749
53261
45800
46698
15595
51466
75449
74566
93242
34638
87896
32712
36830
27950
47858
19270
54128
47586
34102
17770
88034
87886
64013
58445
11352
23094
89318
2042
92529
65912
8047
6661
11054
97570
86709
32946
84247
677
42422
25190
93605
89994
34558
66562
87574
12807
38689
8239
20935
10207
29120
48302
26637
74213
2272
95695
67415
36857
23101
8080
78836
36295
70557
1262
2753
27046
27651
29976
45422
36712
32067
26013
63995
46885
89437
56150
27388
2081
28866
21952
26002
34377
97916
74573
64155
12277
25634
22008
17345
66074
41947
26378
69209
86214
48695
5352
16560
7584
47832
27470
76262
82763
71198
98111
22789
87552
56770
85558
88131
34092
32572
17503
85197
35053
41386
34417
58963
50063
32347
23547
58646
21351
15869
28666
50576
17902
49268
41752
64335
10356
77728
98117
81083
45265
65105
74965
28361
78780
8091
48813
69938
55375
18987
73420
35210
88140
5569
10414
73089
71287
50342
67783
45606
36190
25025
73771
87898
76773
8999
9351
52163
44246
76154
82305
47587
32508
39325
73857
52046
47130
8028
44537
7306
40782
57464
44699
81438
686
48115
20083
48583
15879
97389
34396
77545
52594
18023
55756
27974
12997
91240
96952
95072
64776
79657
68509
91422
12044
6972
65265
89135
10609
69829
22287
20805
40223
25728
2994
69519
2884
97085
40565
19004
58577
42176
27777
78310
50497
10655
18286
43360
62414
64676
25801
43582
4278
91269
61080
62212
84720
28164
37043
42798
17049
38282
1430
40568
23388
94316
65187
73702
22048
78550
65911
18529
87535
71942
10019
74402
19760
75725
93235
77931
89796
79558
63140
53804
98740
96835
2546
60837
59951
55929
44029
30895
2826
26016
73076
11992
43383
21341
75052
12799
16095
99490
70355
89902
51105
15687
39288
6291
55708
75129
28022
59707
39331
7583
99054
90589
64394
7672
23297
7449
33399
80240
13648
93273
71002
838
30704
89929
87059
76555
82217
15881
17905
37169
19106
5848
24314
79467
15832
81717
82066
83471
38456
14706
46552
90332
46539
89558
67386
54821
4711
31236
76945
64847
17374
90815
45481
80331
1922
40199
31912
21692
60060
31720
32459
72993
88579
24000
72072
7850
8288
45889
39392
96305
70936
54484
92910
53903
25521
36069
44527
63541
5709
48645
91684
41849
18404
24983
4795
19447
52276
62717
66713
2663
1472
85308
54782
50148
15577
51611
49232
79522
11061
35929
4950
43024
34000
52788
96064
78445
64138
97353
80634
49146
6419
77366
31908
55940
35815
48384
88909
86108
67748
31480
70727
78468
99327
66921
35954
99099
13065
88050
89406
34850
61361
59827
62225
7160
36319
36597
15562
710
80566
40582
86100
49457
54589
19324
9459
83717
73301
16316
91137
70041
5313
18266
16351
30755
96397
25320
82979
73971
71197
90702
49356
34945
37350
82071
81570
81112
21913
59325
15830
50813
78825
34028
72287
21530
40054
76914
82003
73223
48864
77748
77237
10766
70982
80199
73094
17461
44356
40516
71090
17990
62873
3885
6783
72332
25721
1395
86908
92836
77216
18760
69608
19304
16540
31237
67255
54964
52509
67899
149
22654
83824
86575
2065
42633
53774
39960
24052
26903
24901
25912
93879
19103
45126
32747
88065
15313
47052
32997
46507
68268
46441
29921
26842
36177
1647
68710
95996
15417
83670
82952
17122
26204
59084
32367
63373
72056
71171
52251
77947
13402
60126
79337
49294
80978
46312
91550
69309
96104
46538
4926
25110
15754
11107
74721
25223
44497
54259
63127
8779
54938
86583
26957
26969
75964
28508
20691
38334
76255
86734
5371
51375
14694
77988
17745
91896
28173
590
38510
36281
63629
98149
39703
54923
52065
84340
73127
16097
42025
12773
81080
89847
99961
63217
25923
38988
78218
93635
64189
12963
63687
40401
72197
70587
20506
72860
67731
41342
35308
68789
60339
27258
59752
81608
89412
32936
82364
60892
7187
88105
13470
88225
315
42274
66260
96515
28060
790
16206
49112
26801
7575
26995
66280
26779
79408
1643
76220
25636
41310
5003
89690
94522
53596
44887
33176
36349
54457
64359
72594
54454
21383
16024
97124
99965
93065
39121
52695
65701
7
18717
98822
32362
56338
61118
49487
57674
69025
68646
82886
60072
52636
47889
69735
3938
45842
57936
44890
34755
92185
10374
92911
46473
70128
4484
98341
91866
31153
80835
59155
63304
62481
17569
76104
18479
96805
65423
11395
37114
30893
32187
55972
50416
58705
36212
71939
50215
74400
28704
19552
99351
19561
83696
48796
76295
45333
58345
94765
33229
86853
48084
7010
84036
33988
45335
17496
48858
6055
7935
62811
30026
39116
34221
499
77754
26878
93935
3702
34113
14206
34624
4934
30632
78590
68451
20580
33798
20936
50678
29386
69161
30199
26113
82027
39554
40516
30833
3014
30162
94712
1675
88786
59460
36334
53617
80224
9232
96522
85984
89120
21504
5209
81930
51961
86832
47319
16650
94162
34720
84466
16573
2878
76631
44418
27907
44809
33806
56255
12986
13234
20996
20813
16962
44112
4777
958
88252
41387
99694
54234
97056
37360
30197
5648
98335
86509
29251
62441
20624
24389
34103
2485
24338
26961
99551
47335
81459
46261
9352
3737
52283
59031
10049
4507
15172
63049
62432
42698
59104
90791
59804
98368
92929
15476
9920
29640
92529
52504
24343
82641
25746
92934
55721
49700
32325
81245
94492
51673
36759
30056
89899
98928
2035
24996
81967
69372
80903
62881
4573
42812
57862
71291
22280
95991
89684
39163
1341
91555
22560
72797
69843
79829
59003
8968
20031
36697
60763
71739
71177
41465
69240
66342
25994
90967
7483
31562
71708
58159
79148
55834
32453
47421
9620
79874
84706
59190
18483
31064
32975
42660
6760
67972
27839
91154
32232
41091
40809
11099
27881
16946
35971
80053
71733
67224
33226
79254
3648
55983
22108
1432
54138
11959
73343
38935
26820
70693
40618
58766
95209
29528
67796
74125
95557
45001
9010
72339
59548
2386
69005
42847
34281
46139
33911
22724
95130
96345
42132
54256
17259
28630
1775
4358
26545
39850
23340
71127
76947
39390
32959
98694
5296
73107
57947
89366
56231
23004
14322
60649
24612
76971
26617
84487
47887
4566
57770
91417
38975
80015
21626
23176
16004
14057
55869
18695
88357
79610
7612
27318
902
68440
11858
4924
69415
11078
92129
62269
54805
5641
25962
36171
14758
67143
13382
3041
12640
83629
38285
8761
712
57308
5531
76207
2179
26603
8540
96950
39419
34398
13421
21280
88633
37530
48115
47736
47697
39291
44067
14802
72483
88516
15734
8516
92339
68910
74158
72126
43678
66928
58558
13811
4094
60236
76842
4888
32400
17416
1846
92166
32004
64358
68919
53309
95192
99095
49459
46458
13056
81524
42120
43401
75698
61728
22096
2130
28720
54819
14637
96838
82909
51863
8064
44393
50698
87033
68388
35533
49082
86728
82669
52481
25697
85823
14929
46249
74047
48047
74515
73957
30359
31207
68684
13301
8144
30960
48267
13939
9141
19715
11836
90542
74476
12003
7273
8704
35426
11602
34750
66578
20661
48753
88010
96763
51195
71567
14029
66412
25087
4828
76667
39460
95746
64054
21670
16062
97476
90525
6157
8103
51001
25757
74507
34924
97234
42403
84321
56859
910
53921
93165
70258
14108
80690
77209
34911
31469
78622
51367
877
3031
85233
21974
91372
84417
24380
68391
88303
66275
67797
77967
87357
37217
56969
95890
42809
29084
87258
14576
69458
27391
26939
62651
27070
43158
2512
70730
25959
47612
78380
39533
70335
82232
16050
37476
17200
73431
67855
77786
42722
60631
38142
79415
69177
68437
68596
82046
76728
35720
37496
7399
17817
25257
1281
55434
15606
98995
28843
61243
35591
94054
32180
19945
98506
58219
27442
92777
69430
84736
96391
99265
33177
62823
20667
69863
39529
74470
61972
19324
86941
21419
62593
97662
10905
72149
41548
15577
17841
74874
75781
41528
82562
77102
83404
86973
10057
86119
73084
70238
74895
69843
10857
7909
66217
76157
14083
66745
7565
70524
36143
82246
49466
35623
24507
38193
67886
10937
87971
7067
94034
47999
38391
63892
96789
917
93894
52482
58696
30498
16369
70871
41113
61895
1424
21076
55975
32220
87074
51133
47135
79205
29335
26197
50395
88933
20688
19651
851
17743
43966
22268
44862
86474
38464
18870
49800
18429
39531
90069
84267
83739
43892
87939
42566
12809
99235
26202
82289
97069
91462
33690
1706
67486
30120
88982
27170
41116
98483
70292
88001
53620
54361
45397
84876
95602
56941
81348
21355
32328
54487
3005
23759
32242
72002
86625
77134
30941
5582
15249
2269
81993
43223
7557
98628
29720
28453
82006
96024
7214
18268
3883
57846
77588
15169
63067
31012
6403
67614
61738
21295
80956
30725
17978
17520
80468
94541
28266
47948
52412
84296
62724
6335
89862
91418
77708
95791
71330
32845
11360
55563
932
19023
12185
2009
78957
86590
16096
57546
89243
63853
46801
62052
30246
99628
20035
2101
51823
47076
11476
78207
45685
95436
31803
97853
44174
24332
82160
97704
65114
36722
92095
63041
57413
53996
66767
21238
44855
40980
45819
90729
36429
20810
13200
69727
16158
72819
12938
76111
90770
44599
42025
69969
89307
6911
27996
61839
63418
18133
3111
82024
86914
2901
33365
99914
82208
15890
90632
46226
95097
56633
49766
6631
80549
90737
44614
20178
65969
82138
85474
9204
92674
46214
60884
14638
51496
2840
79655
74365
46023
19220
94835
23458
84601
66106
6614
8042
3536
8053
52870
64608
40035
50831
45468
70263
59057
36797
63919
78392
23812
71701
78115
52227
19392
40185
6908
84154
58504
40261
65350
99002
90253
89257
38491
44465
45448
23272
18988
82931
44130
94038
79572
36454
12671
77812
16139
61476
1007
7104
72799
81289
89027
82071
95654
78375
2239
85124
550
23861
90336
55098
79070
81502
80367
54850
75733
38392
51476
66089
97766
51634
58819
42565
39533
18132
1246
96563
45237
39697
41884
78611
36691
25469
425
88411
25160
95615
94225
79666
19436
30329
26076
74219
52735
62061
25163
29385
63834
56531
80587
94861
83684
2024
63887
77341
15285
29594
85947
99191
95584
43418
45049
95914
1100
41841
80987
41385
55561
98727
67523
53011
78963
51508
70805
74066
37365
79608
24407
25092
53075
69184
31180
42233
45524
54241
88127
28639
48182
66878
12854
4651
77665
61356
53271
28063
76294
60011
50669
1137
19603
69586
45860
28475
49201
70155
40079
36365
88131
73296
28782
33891
68275
20253
99718
77624
74868
72541
31861
2629
905
4564
93774
66446
3959
92456
70181
87737
62770
80536
86900
85626
61894
6893
67613
85525
7187
39087
75575
50212
18830
80832
48235
78544
58616
33844
33847
53296
11389
41093
61612
12513
43230
97499
35236
68879
43774
99007
4393
98771
1045
69424
96522
67273
72958
96640
18411
48051
16803
11843
33324
41144
43967
32616
63268
31853
33020
619
69152
8419
21424
33370
83268
13685
31034
58789
10397
77132
21303
76309
63593
33793
57731
76014
19274
22614
9747
57073
36499
59033
8471
92488
61475
48097
8802
10550
61581
67471
98325
48003
13867
73488
12318
59278
40027
60499
17395
21386
6386
68880
11838
42485
93358
78087
21740
83414
7821
63108
85898
23724
50088
16638
6072
38810
90824
60579
9925
72000
97420
86807
21874
91759
73297
15617
92431
92922
47093
36039
19315
57458
30266
23198
54528
78250
81858
48627
47414
11490
65292
48315
59622
11768
9400
93153
55126
44487
90127
88800
98591
84433
69476
66197
15003
40410
86638
72081
36423
91433
52974
92287
50659
81476
43768
23582
65482
4751
62041
43463
86515
11174
37541
96223
11494
45957
20334
79043
94851
13253
3574
2179
22284
18629
1846
93150
42794
15414
1284
82638
5307
15674
23372
97963
26320
63296
13046
78998
21960
61773
61800
81995
63725
43492
22478
40530
42362
1573
62935
30819
37928
30338
50659
44035
2213
70617
44013
72330
32119
85856
50636
45029
15173
30323
36341
57205
32507
91606
68845
35032
64868
28454
9844
75482
57630
37900
80148
96194
91265
56066
49941
65195
57409
13784
68961
73293
26101
22283
91329
57800
58348
9540
58332
27243
16475
46286
9018
86145
31481
84013
54732
45527
89651
15651
81609
12057
69895
53086
68103
49559
36963
2049
95819
87219
74647
64440
10377
54335
68671
95688
14816
43813
62928
60383
53203
64624
22116
92727
88766
42997
22584
86442
89520
5617
64307
34465
47723
59460
61677
23106
3001
45572
16686
37564
5474
57673
71487
98095
91436
87960
22886
78002
7884
1882
52971
38516
22640
7792
55235
48082
55544
85757
70699
92944
827
43233
64291
27735
33045
86968
36935
88913
91664
98048
12104
40099
75569
21396
76953
17949
91190
65889
45800
72632
57884
45325
90075
77941
18025
79613
3256
46843
86292
23619
64935
74942
18760
30305
34311
59666
4315
81850
8603
49090
83871
59738
99845
41946
88610
73532
79640
35264
66283
54214
39579
96441
16246
21095
24873
80840
78717
66774
13818
65047
34101
54269
83985
67007
9533
91671
41856
13260
33133
21059
37571
61267
76922
34590
32764
43897
12719
29451
61406
24527
32457
11345
36003
86371
24297
9113
89897
45375
83235
69818
96171
75755
10666
