14175
65810
19321
10850
9161
73707
76305
35883
63174
19104
54078
30198
5010
53779
7698
27050
80165
65379
65972
73675
46170
272
83
7306
16648
551
19526
26764
80186
44469
29393
89920
18249
22643
34990
72450
62387
74654
64587
4798
63703
23549
43121
30712
27786
76796
62754
13508
49366
49115
54049
89572
54012
34106
66295
24477
4992
78504
32540
44534
53967
69533
18435
5878
6183
71536
47407
21756
17740
86766
48784
41906
89140
67488
19723
76710
16922
67748
37197
46651
18582
58041
15760
19627
80770
79993
63857
23936
3397
25628
79237
23088
25094
37637
16076
87074
52554
67053
78025
77831
2324
89313
47575
6075
89238
22732
80104
21476
61090
3172
39315
43927
7234
22739
52030
7993
52389
58373
84909
2789
89146
23068
82080
83684
23948
62090
66298
85092
58837
61111
61603
59306
50000
83553
63716
86251
67090
73787
36416
73175
6298
2688
19603
34966
68742
64613
88641
34019
62622
12789
52222
69284
48197
17194
33778
80076
24892
72894
73102
67533
54054
63739
8831
17015
4802
124
25121
22566
5010
38094
19409
87386
44154
50925
48965
73212
90009
65163
8439
78135
55720
30943
87521
20205
30434
89226
39027
47086
27667
42205
70570
87225
65816
21735
30912
35962
50661
86907
26285
79487
81144
45782
18836
71818
64177
26245
38368
56941
45301
72888
88290
73544
17931
25448
47907
83427
64963
74961
29972
64119
42589
76078
76881
87282
50492
60800
2063
15266
27388
21226
22290
44881
70773
71506
72958
51608
35619
14329
78974
59688
57613
55738
72570
40020
63632
13889
42469
3869
81094
10586
14828
84031
50759
39252
64776
67025
28534
75890
22135
30278
29365
24232
52673
15607
90988
53205
61451
46777
45230
66661
59624
39925
35780
27799
36351
50059
18412
66334
84600
47727
72759
111
36614
3945
40992
20574
78143
43636
8636
90
66908
16910
85975
68703
18969
87444
67056
51165
67896
75504
70819
34881
4682
13218
14583
3711
76850
87504
71406
52610
18386
22732
39401
8356
89598
20979
17949
63511
30187
54997
74568
47307
43680
78359
51020
37637
36568
7366
14459
9252
44966
3486
14176
72958
40828
7728
1511
65746
31669
34021
48674
36154
41066
78204
90470
1975
16506
26924
9414
88649
55525
46200
49249
43756
73241
44752
25887
91535
25527
2140
5242
66870
65390
15198
64566
31265
90268
78831
42563
29837
70524
81598
59658
84144
44290
32086
45795
73678
79126
56367
64013
14378
79843
46211
85656
48675
2448
22564
90747
34900
47895
74737
52845
33286
41259
25369
19045
86889
24974
29964
68377
47506
73926
66937
4168
59046
18668
10030
30476
37810
46624
41069
6800
53510
51963
75508
68808
4354
324
12146
68655
41949
68145
58221
74393
58789
62116
49811
27129
10918
76184
12420
19655
63416
63490
72268
37603
45256
39672
27977
8941
22495
82807
23104
16795
20992
84282
58088
37622
64428
61400
59033
9390
20258
63992
82591
78382
43766
15779
23194
35963
29457
31458
26774
45176
77542
484
43758
87208
60350
79762
18524
10054
82546
32511
70097
531
68926
3276
53220
1312
87334
78781
33406
25628
89985
61491
77390
83129
77516
59028
25421
67291
80661
12274
25951
69971
45011
58575
62707
14131
72815
50618
45841
87214
56630
17402
51905
4173
70169
24903
50781
51390
64524
82270
64386
76468
9692
75720
60274
20023
5087
64549
8742
8573
8872
80357
29404
45536
22411
13447
88444
77036
20461
24876
44072
20166
65711
4102
67355
44939
63362
59094
41672
25658
42014
14525
26905
36241
37881
46174
1119
85156
52094
79451
10260
74638
59747
67896
61473
89044
5990
30556
31545
35271
69281
77155
46679
47656
51284
81441
27444
28272
15238
26497
87155
35471
2812
74844
72524
66162
78073
30813
22911
39904
53332
68163
80737
20646
29481
59439
8048
87613
26951
47577
21610
7331
7785
4556
26110
73797
81518
30716
39573
43556
75997
48507
14470
6975
3452
81426
8743
75970
70050
57661
65945
52018
65139
3436
45600
13153
37524
53928
66891
46939
52006
45764
81003
14429
21649
74828
86139
69904
61772
28651
35469
87904
46172
12688
3209
75181
43280
74807
36441
47090
77917
60867
17480
17199
13617
11755
22481
60908
24664
73017
16396
69837
6769
22436
79990
52179
40864
86972
32871
72750
83494
9509
20494
88296
53198
64253
12312
45166
79563
89176
58616
26414
75668
55127
79899
79192
16002
48894
8681
36022
68026
54127
20842
28238
83288
33035
86378
59434
76639
22248
44451
31788
51670
83261
71566
86883
56343
3813
339
51515
29039
38811
64831
48041
82872
52217
81787
38520
84065
61343
7259
75021
251
20371
49936
5936
23406
51965
5847
44571
22933
6186
48177
39655
35003
18839
7532
89307
5795
19109
68452
37956
50631
73851
62820
58029
69473
52419
5677
70652
11581
86533
74333
36316
31962
67927
65866
51667
84812
88862
63761
1737
14138
8931
8285
37404
65377
72251
42912
19412
16381
37235
11024
16155
45402
25614
50709
87474
15206
36908
35060
19698
20810
44877
27532
11369
40089
9820
51467
36406
79736
18953
54697
71900
42127
32603
33858
76675
21457
46711
87125
30951
13003
42187
408
10848
22535
48308
38252
71550
84901
28427
67683
80155
4151
38649
59129
33783
18078
19834
68265
45082
88914
59633
65933
4727
18419
52005
26846
65146
2126
11360
54309
40666
16814
54038
9235
8757
76154
50373
79902
37017
49653
9252
57079
65477
7798
23526
12251
34310
55677
41793
70775
85387
34139
69426
22476
78387
15893
12909
45332
45809
26261
4737
67277
54706
19258
10037
54214
510
75683
27044
72182
30345
42123
14134
10035
76490
66700
35713
36096
65354
60940
71162
13746
55086
18253
23348
90753
1122
62883
24108
78417
19986
42147
44661
48032
28666
58246
16157
28265
25215
18233
13356
53013
15062
48786
26751
59316
75199
2325
17855
75086
42495
33736
82432
79937
12920
56172
17324
37752
72164
15800
64500
82343
52804
46319
17013
30037
76878
65209
72067
2860
57106
54389
8943
70009
67265
54149
14272
43323
84328
32579
20753
37677
41448
61756
11043
64285
49705
74519
359
26335
35318
78579
71918
45485
64248
21990
49518
85402
37628
52383
15767
22135
36534
71601
30277
65697
56711
3601
42620
61647
16054
26545
63597
76895
24184
44963
20815
14090
51874
33350
61792
41386
17127
56570
13397
84121
54352
86954
64690
67006
24840
63323
81867
6664
22635
54200
73706
3712
76233
71848
34396
58832
44978
31938
7407
9135
76708
84144
40202
81610
52138
2753
61907
86469
41638
20692
83027
5831
21746
17370
12710
33348
29919
50237
32863
71889
2006
27389
69644
69151
22734
84398
61218
75619
25810
53095
79365
86789
4271
26450
37205
42651
38383
44850
20738
55117
55381
7496
55698
90987
41691
5759
72840
66253
11663
81379
18419
22689
11688
53355
33094
23621
60591
31104
28225
25113
75297
56257
7431
50781
37913
65836
57803
23973
75377
15135
50827
28030
76475
19378
31690
14971
62937
83967
83359
50674
38266
889
18084
41657
38588
73929
60410
63161
15228
38176
11338
55473
86205
60324
32786
56986
23453
80378
46987
72681
72723
68550
47306
70848
7703
64422
71507
89350
69972
69228
24980
84637
90113
16869
3638
42142
47671
41241
4655
10373
80347
15050
64072
2658
90401
87406
79624
45674
50773
2275
7287
77280
22678
64342
19004
37844
9437
58748
89500
21843
68936
54904
80477
63550
25892
2408
66097
41463
59014
64537
5310
20250
30575
39937
70816
79060
30119
77373
89255
73275
60403
67083
33436
21576
80753
54636
6043
9965
74744
2245
43545
76168
88453
44568
27967
25437
27674
90506
87973
84853
26483
31559
81790
74638
75909
51439
74916
38026
8356
28938
27646
38617
7153
2817
15325
71647
90439
47177
26008
47726
67332
62811
7728
54129
71196
19041
5465
11241
69004
39845
90003
71881
81098
41014
37513
20400
66935
16214
4798
68594
1119
61136
28707
40645
22609
87053
44510
11873
70432
21857
65549
9952
18008
53368
16894
63701
5897
8347
18708
17516
24231
20519
32520
38402
82515
78516
42741
45360
56555
52145
79941
40263
6518
3818
30434
91329
14468
16334
42375
36855
52706
68366
49384
19330
78125
10029
79277
845
20295
60313
14678
72855
56099
9021
24235
41198
7245
69979
37489
65281
56334
51375
62938
71513
86097
84323
69031
55352
43942
14696
33482
11393
63323
27218
58696
55095
57576
39694
18987
68753
82940
13483
5098
1837
4070
38912
58449
27905
66737
9427
72428
78977
17338
3178
45754
68100
51882
74294
69964
91529
56019
8808
10821
48148
28331
17152
69511
56216
55153
32222
33778
8482
480
18335
66769
53164
36490
30000
54741
59087
78114
62019
69982
11225
61941
45494
41800
15044
42259
43039
34930
68788
45618
42307
66446
68024
54207
32524
22189
8451
42039
31618
51154
456
33283
68803
10857
38443
7416
28154
6186
11491
1759
22909
33034
80420
8326
14331
54211
13394
70691
57882
90
26749
34514
43632
14989
19177
62039
67438
17643
25021
24916
21684
43496
29645
46049
83039
86907
42557
76661
20249
24535
28027
56517
80521
75140
2795
10207
59526
3324
6475
49572
68330
12449
37524
55968
7267
13007
21105
78230
61751
68137
9375
37701
5109
146
72747
24292
69447
56240
55997
31052
74848
47685
31993
91397
19112
52091
81956
60828
34770
19715
17809
53143
28739
81621
17793
39964
64956
19773
91621
45769
67116
46515
81166
23824
24668
57442
43792
25480
71559
61532
28572
41298
20331
78428
23912
59141
29415
41716
71022
43463
58052
9592
49502
51316
460
23241
58817
61662
13159
81472
83795
36677
56358
62348
19505
50378
34703
8771
87981
34588
63027
35722
60710
83909
33899
69871
21970
75788
45656
66790
21739
19393
88626
32521
42398
71622
83829
33589
43416
21453
87570
31090
59910
89251
25780
52340
86217
79453
17454
88347
14874
63992
24855
37232
89542
11029
82665
55871
87245
90853
16066
75322
55682
18510
52508
30700
39774
54198
74531
25162
27155
3581
87016
36209
42593
80730
72302
86936
38898
46329
41030
36937
80802
25707
65868
69279
10769
22871
4517
47358
75128
46764
64879
58036
25167
10231
43499
45343
38
40904
30380
8574
24787
26901
41718
32624
11999
59194
87464
59847
20930
15186
61145
54773
54369
11102
89355
14901
23725
18565
3507
63273
37008
35764
47405
62789
90533
20108
82320
37721
35387
32543
47083
20048
42226
19187
40039
51880
38291
55451
59054
17326
14033
34356
32938
59469
86508
18280
24454
69741
17886
84964
52203
74544
3440
52248
58438
89370
72379
53802
91244
230
25117
20402
66273
83062
11695
13298
70200
60188
73086
29342
47661
34357
22859
45026
12554
17852
60114
74836
40009
90767
66201
55218
41264
2463
40972
36218
54666
7659
66829
30962
24922
55258
25007
4946
63211
82264
82408
25281
68102
77289
30809
29030
88112
56229
31986
28420
38983
74916
54893
65450
40844
57628
71597
3641
19200
88261
88675
51247
43171
2908
25281
75864
43140
85553
54790
30204
52626
2237
63925
90896
90858
7079
43295
19948
41469
80777
20082
38295
14816
52062
51660
84999
91184
79643
19471
28577
65497
74300
56348
11351
67400
51062
90162
90290
24916
45812
54161
42167
80948
76354
68768
12674
83490
4754
36098
25985
13648
28154
28101
28439
54906
84686
83674
33380
48723
87963
83721
5119
61530
8926
426
59205
47973
12794
38021
31930
80410
25027
48006
28082
33170
50269
31825
67281
68371
3914
8899
11538
10534
4118
8892
84021
15821
86835
25301
33622
83159
44895
38438
43035
56566
34604
81757
34625
89677
26979
698
33617
33960
30317
68826
86384
61021
71200
1313
46748
80704
66329
71087
35216
52368
38861
87955
7936
87320
63537
64553
44990
51123
79215
45545
86918
23218
64769
69431
11225
16474
23194
38321
48879
52467
34978
38180
38191
32943
78032
52899
53841
20654
74596
45912
34273
56446
80115
39956
231
33639
5166
38133
36475
70111
75209
39381
81027
62756
85106
36788
21300
42216
35318
35824
25296
10069
79838
38490
49870
3886
91434
11329
24709
13546
83431
63153
81721
25409
54258
48349
2069
62983
29878
87687
90656
10056
43469
71450
36957
39049
85358
42146
86022
13854
64670
49593
71905
26765
48630
34816
70948
48635
8908
32087
23718
77046
73474
10721
82437
36826
6688
68970
63011
89005
75466
64252
67890
1157
12134
62251
79094
23802
76909
26102
53521
51754
68198
53929
53092
21149
1340
9534
77670
44958
19091
59330
74841
7111
84858
22913
68129
72143
64389
30911
939
88013
73438
87761
63416
68632
39749
11646
21809
39012
36101
23640
66683
91191
29093
54817
39349
67257
14571
84047
84312
24628
54300
58731
80091
15561
87071
89546
63415
50873
29832
60166
88849
54300
21850
52038
77392
33882
4181
89430
55218
6633
64706
91060
50721
45400
58350
43572
88226
53837
65508
50232
89621
59417
58209
85527
88547
76310
46497
28908
39409
34255
19331
67667
62819
5124
42555
70495
10064
34352
22445
72816
10049
60937
60509
1502
83983
36736
68917
10328
64802
15181
17587
28156
16377
9479
56440
60258
83933
73577
77308
40759
2182
55302
37855
27525
52352
19887
40151
45616
37409
16056
14673
76946
51956
82283
79694
23358
75815
59626
39747
82026
52675
77622
19345
5348
72814
70355
53644
83079
52507
35738
69091
9844
41688
63501
59819
8844
49946
89573
12689
29455
16756
72397
43167
56211
38825
54269
18304
45346
59951
73536
28194
40612
31054
52198
83587
29345
16166
64753
69361
59893
87604
68909
65632
77402
69083
31967
90376
49482
29850
28738
36327
89835
35824
85291
81183
57336
88608
88302
65123
8293
25378
16619
69139
90469
47804
23287
74091
35840
70570
3219
37279
80405
83146
77152
67312
38143
40784
59626
39921
25855
38138
50785
7603
60195
31602
17889
43202
14835
31052
79363
70662
8428
27740
80389
89272
51294
3840
2351
72587
65951
15753
23342
31554
52638
14097
49
43185
57381
80150
18169
62842
11282
36719
69608
78709
68750
77695
24075
28629
25726
50634
65915
80151
8161
73730
16318
3500
62169
91573
4965
52571
71159
53744
17758
46823
21286
38266
86618
7916
86025
21926
31119
70865
5619
26178
5219
82619
50336
2483
2594
69670
39012
8907
72988
58478
72785
12824
83770
90009
31856
57817
86838
8817
29719
86900
57552
31559
39043
36349
12015
75428
14943
88923
48919
2077
47176
33295
17549
60309
72792
21542
35
68656
72700
62320
69560
45208
18636
89088
25653
84028
37373
59103
38421
75187
48963
41249
54416
16928
25079
54735
48601
74000
86369
89854
48095
69207
74566
32192
9280
61000
7108
7422
28655
89988
4905
46038
60190
31841
55593
63254
83963
68132
53356
8779
43531
16471
604
3918
24984
41613
78064
74652
64813
84321
81543
88455
1900
45201
7643
44137
62870
43253
60287
72375
33851
35323
69624
79342
87767
26313
79591
45996
51038
57803
39609
2123
63749
2820
61264
10347
1995
89710
81325
26988
84035
41235
68917
20872
31674
72374
4727
58039
5123
6330
13879
66506
73268
67966
66587
43874
88675
6549
88521
29462
29727
35471
77524
72735
6728
22591
57927
63224
57050
20812
73184
75214
38671
63837
54855
67195
5337
79345
77874
40970
57991
8110
59053
12354
27471
86417
29020
23869
3959
69076
355
38843
59832
6300
43200
18933
76280
36863
90122
58311
36374
12749
13368
4411
61417
40181
70451
4766
52042
4356
4778
55764
40169
20373
20171
58361
49627
62470
64023
30030
17381
21098
78168
45527
89804
28362
73166
49889
11185
24207
63911
32627
56443
47453
76882
32487
15811
5404
30670
67121
49504
3039
54479
38303
56422
50310
35355
25484
29453
63818
25001
1855
40979
17209
78869
56068
19348
88128
34393
61212
30915
4752
56991
1692
57594
39507
58910
37950
8621
55184
39576
46108
67760
6723
77041
82023
45344
62781
3216
79424
15540
50789
21940
24937
43316
83393
77390
51678
88164
86768
76225
25363
53401
16905
40210
15357
84655
18042
38459
14871
38600
50139
71317
24424
43543
2865
32149
84076
37063
6254
54311
44918
60994
42584
73465
75689
65288
27122
12267
72645
25376
51508
50233
40927
49097
39858
77226
30104
71843
79444
47182
71706
48335
49127
78076
2642
82610
29576
72963
72620
40336
19384
21203
22687
88776
80020
27000
81155
76520
65033
31594
26096
75828
43176
38503
640
84648
65378
75473
4188
4046
41648
45939
65709
16683
42191
82024
63181
75757
59526
66942
39813
55762
16914
76638
74688
77271
3076
63596
42340
35975
49719
25128
10724
80912
63025
46943
38166
2398
32977
16429
89343
85076
36720
82280
63401
5520
23750
82328
28734
28860
54523
50575
76962
65445
103
84784
15607
54936
42882
49185
73129
55684
59126
13342
88805
50619
10965
26731
12986
4164
66271
77150
75438
75543
25866
18595
44496
67913
11906
74940
84100
55410
54112
66684
85026
80879
88465
55640
86089
68875
85088
7610
87658
27696
77926
27
76269
79344
84175
24263
33736
61275
66389
10186
58783
88974
80520
50491
87261
81776
28634
53840
4825
12587
76201
61817
90743
52926
20024
44838
62394
49211
28130
18232
33908
87402
3610
83661
28488
74680
10294
24787
79289
26580
28665
12221
45999
76234
55383
52625
66820
49747
2773
76858
22868
34050
79983
39107
24796
31228
17489
5726
28979
71473
37723
35009
70194
75785
76647
58885
58651
30966
78039
53364
27052
38123
45008
9095
12655
17804
11782
52491
17412
14797
55306
49381
5973
66930
26716
37232
70931
15680
7127
30042
23741
19558
37412
79731
8179
6028
85343
16281
44971
30815
53209
83317
70585
90770
90975
54535
69277
84123
27440
70930
38065
89409
41303
63575
15580
25123
70008
72067
28781
36316
5761
87910
33031
12458
62512
29996
57885
89478
73609
52718
88276
78741
12768
71919
1381
25001
502
68243
69555
35355
20449
71345
82098
58830
27335
77748
128
67194
22758
56631
38012
59062
88611
74436
9685
26450
20563
4720
24455
88696
14211
27635
78315
64399
32291
56867
29603
56176
41474
66731
21679
68979
80072
55714
11141
81152
761
51724
10137
18277
57456
44450
72210
3309
82328
86048
53719
12079
78084
42256
40431
81729
59196
85655
7005
30550
44069
58455
56642
47143
31409
17999
20277
27683
72984
42992
44119
72070
3797
91523
65275
6371
2635
47156
71540
5474
17403
26303
78829
52118
39791
55943
32990
1116
82444
8811
59123
81760
24022
91553
49468
9257
73855
77582
64245
10640
33609
24824
1220
5483
9637
83043
48499
10266
27972
90741
82874
63030
54318
29506
26479
22249
18975
44024
44561
91512
71452
55170
86263
69120
54398
56689
73729
18760
11071
78914
21848
12398
87745
26231
86883
14719
9910
11583
50594
42711
68041
41854
80219
34988
7264
22982
78460
48441
9446
41994
33633
48754
80180
8357
50612
53534
21477
35058
32374
66878
32059
45175
79187
62554
5622
8485
66028
91502
83601
52225
70257
21145
42157
75757
18848
41311
15494
408
30700
20705
85860
40386
32333
10162
38312
63052
65756
48106
47029
37172
43027
11377
45322
63095
61333
44861
81406
27945
10506
81893
11292
60262
58850
75055
52252
70810
40184
69666
36363
23431
43415
11066
88977
41727
34675
68787
78892
17212
56798
8528
72819
63349
58768
11787
82317
35125
47563
11755
85404
53676
61772
85225
56225
10832
85164
68931
66927
55534
17415
81606
43957
32017
1920
20968
56369
46389
41508
49299
89856
61902
27850
73179
51808
10394
57442
37223
29125
17623
81393
13878
4404
34463
3871
74915
58857
39853
65800
55841
23676
31968
76264
36242
44628
66604
28996
17934
84966
55888
74158
62330
31400
47483
67619
8946
32818
72187
201
50101
5725
22707
43903
84534
52471
204
67356
36834
68073
28488
34296
80723
68278
73429
77256
88674
39438
12938
89106
50676
59296
40442
23252
87825
4927
59284
63453
76762
70004
2419
13174
62054
58642
69207
62239
36056
21226
76714
54805
18389
83722
88853
78470
13789
75266
21223
88075
25818
43690
74471
57074
75655
26403
83092
31754
91342
11241
36812
55142
53794
37955
27678
77432
53175
77544
28982
24735
28490
46997
11447
44312
88298
20939
70278
22379
52082
59501
69610
27505
68215
49691
8417
47765
9011
48669
73661
52427
60804
77694
52587
70319
17923
61522
21229
69743
57995
3941
15355
18876
13357
26096
20990
58043
42141
83610
45834
73519
84872
70700
19225
90800
74149
52959
75473
14637
53633
71933
60829
224
5213
76421
60641
43598
23795
86180
63363
44171
70901
7400
70693
77418
46411
80029
42451
68239
84673
31065
31566
30391
77464
28859
14529
21989
2838
50644
71419
11596
76940
8618
28192
6597
47017
53485
63382
33258
39251
7253
26299
22033
30889
31399
45358
66919
597
49388
85122
18724
55409
46020
83162
6529
24792
8326
84582
18426
67559
9249
60132
50971
79293
19509
26774
22352
15340
31484
52454
23561
74382
22291
40325
28311
90497
42547
24947
82607
53678
14391
2241
83207
12393
30037
45657
74326
68397
37585
40610
41981
20567
70996
68960
86476
39868
71319
3184
79986
59958
60563
18350
65395
38743
21319
58345
73217
43446
42129
74106
80800
61968
90497
21778
85346
68782
84774
89690
62257
32515
34506
58596
60301
25575
89325
55317
44044
61476
53997
20133
55804
55425
55357
83047
44881
26761
58331
70718
49105
17750
48895
35197
56605
31832
37568
22201
66533
4868
51395
76357
12168
42590
68885
8828
5839
2614
62573
24140
22717
12624
12892
14482
13394
19645
28675
22698
10782
14449
1442
24444
24785
19615
233
63542
40873
61059
91352
80913
28400
73569
30811
4628
69146
41985
31319
59590
24734
3058
20490
22804
7466
36495
8214
88829
73042
27771
36647
43170
15496
32534
12137
66020
72801
39655
29989
67725
58885
57235
89705
82669
58517
32005
83830
55764
20801
80962
62351
36534
7058
31507
78264
25827
55822
56157
78692
70030
21388
72098
61378
64068
34290
41915
22588
60326
60003
83822
74778
9250
74052
68677
75295
20197
42487
15950
71718
11554
65519
29146
85172
53131
34013
72048
84866
78855
11307
66409
26811
5793
31135
36016
22857
46962
10780
32958
54819
82855
85031
37699
81943
57083
78959
55489
11995
40615
62212
77286
7788
87585
57608
49717
38385
35167
78586
29324
37587
11837
7078
64392
239
83302
74643
84826
20616
56600
52606
74340
21128
73788
16315
27572
73224
10048
57601
42948
4020
10957
58133
75213
9017
28573
54487
80586
56609
10116
46154
64387
75570
78927
66697
19315
1196
23043
62722
19347
71121
39303
21408
50230
43637
750
63201
38631
56361
47653
79956
7132
90069
62342
386
41164
21923
90886
62447
35163
63104
27570
35652
15147
57133
66663
31128
61407
17363
33951
89012
73035
1183
75025
83388
66649
57384
53003
77641
22355
16933
41507
39055
79302
24191
87847
81303
66453
79129
84211
58540
57926
87014
348
65768
3916
75845
49536
20343
25652
21783
43068
12324
77970
70754
60056
8980
40229
38229
43585
6923
22810
5588
90595
73657
13341
50616
76287
24838
35306
35975
77726
62845
38131
31731
25507
45342
5386
81362
26927
61005
58773
3343
4748
46949
71554
952
62580
49370
50093
68129
72560
81623
31163
33287
64131
5405
82293
43063
26901
86428
8346
54656
58765
7142
91449
17820
82483
64986
8772
83304
56342
89203
28569
47698
21935
45930
67469
83617
16464
1205
17417
51222
50586
76511
39755
1563
56154
2721
49233
9094
81671
8170
86101
69276
3546
32638
82740
46669
4087
39844
85049
44629
23556
21014
87286
61418
54426
13557
43635
43849
43148
85523
87919
42623
87282
89841
75107
30626
15887
19072
59166
16400
31195
15423
89173
17429
24366
28517
63369
84538
53485
37168
63880
79328
83209
88444
26900
26443
89909
46449
64241
7350
41020
88936
34316
79339
29833
18300
17972
89703
28633
40550
6273
76466
1563
38599
81599
9144
53807
17523
16212
48110
90671
5930
58384
89682
12807
84211
58429
83979
91468
87471
72182
78478
56671
53573
13937
41338
25623
45035
16635
69465
72951
38025
60395
39629
78814
88110
82120
18213
91578
41674
90737
20364
71009
61080
18564
14919
32363
49868
84269
9531
14877
73
27872
47499
50197
85970
1230
78261
42289
52627
73482
43390
61722
86330
41463
66594
14682
15262
35526
39877
85117
79245
14921
10549
60086
28205
80911
74181
7322
6120
20206
86809
9011
46250
46914
40178
89127
25417
30816
52081
43553
77886
44049
12581
55957
7253
82000
5655
23769
78828
14824
42180
53543
41483
11236
90437
44717
52222
47
30294
153
48627
23182
54312
60592
59692
66321
38682
85155
76936
37605
65236
6722
24666
38612
82474
66314
8005
68652
80692
45461
75098
47367
68809
31563
75707
62174
46581
74274
37338
53126
76345
45344
82826
30420
48181
43613
91410
76693
90047
41159
55540
11803
87765
46853
6995
72079
57727
87244
1523
89411
77326
33750
36909
16233
56547
19226
60427
6279
12036
87874
33084
89637
20771
56034
81311
9376
4711
65114
63336
33023
63973
58411
21178
43609
82650
85343
82875
49413
14508
65820
37453
76500
731
49156
18505
14203
89822
12902
59457
17097
90402
69726
24573
40440
78021
13850
14311
91253
44468
29751
29046
51508
55874
37382
55005
53150
73471
37304
81557
33395
80506
80493
83592
82865
35533
83634
73753
45272
61464
63723
65464
40992
43523
30529
44803
14476
64799
38469
76328
44437
16601
17554
44003
59019
23838
3044
9600
72644
50342
5933
22720
21904
27493
52784
35296
21583
78066
60623
75734
34304
32782
79995
41543
68657
11669
31375
56554
77119
34713
28583
50246
36034
5632
54685
25285
49703
56538
68675
88953
6842
26318
52243
70211
72069
82260
18281
69218
13831
13879
4255
8543
37060
2670
18374
18481
48272
70230
78614
60898
36208
77331
35222
20769
1215
41814
30131
73463
74311
50039
66820
67098
1686
31684
26382
39968
59350
50693
5478
36035
53520
66240
29421
25858
3473
59603
57664
63258
35599
23048
64971
53535
47323
18421
79283
4319
39064
20187
10348
88458
39747
54814
87177
36906
36078
37830
73256
1814
3953
13022
1936
45968
79971
61725
13711
62741
38701
52641
72112
45706
83556
27005
430
51267
31412
56572
50480
55809
53747
37466
76210
37564
21772
19082
86624
1429
88690
44134
73362
18766
60035
29378
19835
56833
16984
46041
57485
22210
16926
53659
15903
11382
13428
15212
64106
21586
14352
83600
62830
72905
4618
58335
79794
2446
72963
30127
9935
25061
64805
36124
59619
26852
85601
62137
45612
66905
42738
57719
69460
45104
19539
63622
84495
23143
79919
54989
88179
59609
71897
56428
83667
40566
82877
23256
35226
25614
41502
5684
57200
46870
18509
14165
67411
51949
34021
24212
42289
89895
11405
47147
50658
89454
75172
66468
13088
50858
46621
22444
27852
53308
34616
56066
55241
28290
90279
63635
84269
6632
2455
73335
36909
20989
56183
77313
29449
87396
67181
60515
11049
41786
2705
85952
67671
22905
12997
51093
64402
82524
36353
7706
41625
85252
56494
14716
70635
73997
29288
48734
18252
60867
73741
5840
54028
72068
37981
87373
81594
73660
68444
37554
7736
28417
50610
42097
64644
57377
32457
19248
10590
82502
89301
55657
42408
79509
64488
21312
2989
11739
22710
62953
34799
64646
80672
29733
52208
56840
26952
45578
86525
91102
30562
24022
14419
4748
79593
18506
60086
48729
82609
86377
34601
26095
87895
18715
29527
61
82020
80122
89322
55118
32264
54485
4785
64161
51033
19047
71925
56179
1619
20388
89751
65764
61618
79102
17721
7569
60912
86157
85146
1756
59328
65966
47220
62899
25055
30699
72010
28622
80147
29817
68921
26372
80427
23536
61175
64771
11732
36461
7886
43875
74029
86962
70997
73889
44018
2176
22873
8390
78705
60772
86823
75901
9634
27012
81619
56807
43567
57653
49034
40356
56980
12813
41376
65988
65870
57099
68168
60889
73895
20712
84622
45337
11632
17929
10821
55629
34760
85963
30128
46902
50050
65389
64167
31226
13554
36679
89357
29507
16950
28795
15236
66632
24531
77548
88950
45602
72493
81143
31421
22260
12713
64624
15715
51958
60639
40620
66115
18739
30842
78853
85262
28586
77015
67341
6813
49539
77438
86534
41679
7799
78174
88667
53709
89599
77868
15048
82761
48592
8275
66473
36602
48630
6435
63645
90796
845
78247
11041
28702
52095
71534
46382
49788
70070
62346
51581
84757
63293
65107
44581
68204
56146
77635
77497
48027
47193
20076
25920
44870
36395
48357
3674
6233
20401
87266
69402
83585
48975
79089
11877
45837
87899
61070
28665
25093
60284
186
12272
57311
15280
19089
32131
40798
47781
82133
41583
81124
5136
46266
51741
57319
85769
46253
79522
57695
37336
80599
62223
71777
1342
27086
53840
79610
42854
9819
9221
22717
45266
27794
701
57142
27253
29213
17478
4484
13818
70883
36555
4148
87641
18045
15925
78614
34597
58940
37059
54621
10841
23112
25899
1880
50570
78452
1447
57555
58150
27558
42196
992
44831
60354
24374
11106
43164
11919
84921
52465
17710
58973
10764
21929
83105
5166
8851
7453
38022
16678
9201
48458
86484
28798
91068
7022
2320
23068
19309
86725
50337
52070
88965
25862
61335
44165
65259
72860
38136
3876
44640
33235
44032
64970
39777
72608
24080
35895
22088
23422
37025
85057
65825
33817
39189
18416
36202
52319
2579
12658
44611
16029
48177
59121
55972
42191
11908
65465
264
12947
73426
72909
29729
39290
45004
83989
12285
28973
40631
41613
23868
3122
2325
56752
13854
84193
9527
73523
68484
45411
39576
38390
75158
26445
75004
22090
37882
21481
8917
82887
66837
41885
87499
41397
25274
20986
22307
67570
81098
6889
61831
62196
48261
27741
10940
36544
87253
50263
6322
58913
84838
70089
47050
35200
73005
22353
89214
12555
18207
4290
55950
55025
28892
18817
47339
36410
45183
11126
9181
20876
69407
84817
77568
56342
61757
85903
36986
78167
69940
7507
43494
26132
6937
68293
8563
10621
87610
72222
492
56541
39258
81923
46732
58818
61562
52440
10812
43226
76819
90422
33754
27330
42214
4832
35599
73031
25699
57551
52743
78147
51842
76192
14711
7369
52705
87953
55098
1483
46836
77872
51632
9713
87204
76834
41319
17430
59348
90132
49906
20167
64753
90592
47435
35178
15455
45515
82601
13575
88266
28547
16577
64990
36926
83046
67432
35526
85525
11797
17694
71215
58688
1689
2376
75304
75807
65477
66588
7196
53432
15783
13529
91170
26210
32170
4237
40817
54338
73850
19439
28442
69771
6831
2817
37378
56147
58629
35186
45605
66589
31737
57878
33063
27559
44903
34949
42839
73701
7546
50979
44108
90431
56598
54026
23349
18648
48981
3543
13445
33507
25403
41349
78066
50814
31151
3610
88305
69799
39585
56725
14341
87331
23526
20831
49987
41512
52511
12026
50335
9041
50077
37833
19134
30382
34131
78968
79335
42744
76940
33883
5926
44878
34364
76727
84550
50999
42937
3311
58976
69142
51924
30247
20902
47749
64274
17630
29573
89237
63051
86404
74772
38168
88418
71370
66851
63534
22609
2940
335
46408
8907
65413
3697
1862
19077
47684
85583
78713
61027
37177
80379
51198
35971
44246
13897
64048
2127
75263
12838
46932
26775
82738
9685
10909
23505
5418
1905
28594
18269
53865
88600
79636
22550
7937
12815
57675
15876
41112
57067
64688
46730
38480
90752
23830
42358
40259
32941
39759
19147
52815
65564
27652
68258
13018
64494
35328
17003
23671
28848
36632
91615
44950
10043
47513
8605
33905
44185
54896
85181
84513
47663
58772
21417
54577
33695
47682
40352
39933
13549
16202
57141
14245
57737
90878
54397
10210
33678
1535
49006
10373
67919
72746
65912
50823
54242
68486
6272
74369
51383
36732
12040
21532
13930
19795
8662
4888
23930
82741
73185
56765
36824
52355
35019
53770
43741
39166
47440
65929
63681
73480
47120
14735
80685
71782
63516
70836
53988
88197
587
6710
37049
14720
67786
9361
36967
35340
59692
81843
13312
12784
12819
47495
34411
85958
10044
86020
32311
8639
41630
51497
58816
8257
78070
24328
10635
70792
86542
88981
1673
54468
34226
19215
55639
49766
30131
85235
9485
28804
69317
40730
35281
48804
31895
68340
67986
30854
62984
3137
20247
35624
58790
45305
80677
15707
46127
979
5232
23410
83248
53116
70362
5819
21065
13626
25599
67371
68825
86635
25312
28047
80054
59685
4223
20248
60525
51113
60818
25218
39167
45414
58637
17033
83027
30820
23637
45391
85514
68084
14576
20604
32371
87156
54817
47981
77598
22572
45364
24842
42274
51674
91202
44029
71668
78162
9610
79776
27373
91631
36811
26497
68472
31264
42835
54196
58103
66942
24646
37794
26018
21972
85964
83633
59052
54227
11852
74476
66504
8646
82839
66511
17334
535
55253
40773
90665
18630
53746
49545
34842
33590
55022
37250
46382
71284
71881
26730
38893
57462
77017
624
85016
52600
91551
2495
25490
62100
68862
79666
28278
9266
22242
18124
76356
42047
81440
56646
40103
63345
36607
2118
63299
63750
87007
56655
21454
64838
51886
60372
80748
29797
18498
38743
87554
38943
48442
44935
44204
15136
66282
68423
39217
61441
5354
42278
44583
23807
3662
61702
87898
8922
50946
41190
80746
26724
35261
65641
22361
26630
84972
79006
8152
6928
14069
78318
14582
90232
36307
42888
11054
58241
7203
66104
38833
44852
64207
60294
9708
86911
82226
53142
61435
42365
80693
6315
41673
15335
74677
65609
65567
17461
742
52014
52882
65200
15582
9422
89441
88338
74270
36018
33235
65931
79708
39294
83834
77490
73386
50981
5175
16605
15710
30725
62478
2439
61217
280
28011
88534
65669
31576
43225
47026
63098
15045
89467
84477
16258
36518
38258
10168
82653
71274
87270
18507
44932
81976
76529
27430
65494
44724
36286
43929
70510
26855
28187
32064
66318
56288
12166
91526
45128
80349
76904
88836
59540
11969
69245
9787
531
38961
6573
156
89212
83992
67655
73062
8638
67666
81554
86202
64146
29783
55027
44098
76455
23113
78272
55367
75926
78828
25310
37851
16753
58874
87282
62573
78597
21094
46279
24897
18805
7067
88117
15932
46572
34471
27149
91323
13989
9053
76142
72263
30147
50003
11763
69918
6329
4286
30606
59595
75644
84285
89185
43448
38753
81765
65462
18503
14269
52070
58554
15888
19108
52021
78988
84743
53871
55415
66022
20614
34285
17900
17110
972
71304
75983
81398
13662
52475
7106
19458
50086
72783
37009
26828
90680
52889
65683
83031
65363
43531
56754
26263
44051
68920
5446
43793
70120
31469
2515
82426
17096
20852
14030
25594
61624
8772
65674
10295
37270
76032
73317
30972
89852
67325
4779
28308
13002
36706
22713
61195
80960
9830
61818
4505
22455
52003
57866
53814
53597
40964
69916
61109
5659
86406
89501
42448
55589
27522
50537
75591
63618
68108
45175
80061
12034
39610
72909
18610
81883
84841
61868
66493
81735
58126
35344
61971
85762
60494
16693
9825
67971
12309
30723
87559
79580
82777
73388
44696
74273
69470
24354
22196
15827
80943
24629
54119
56283
58710
43794
15714
74631
69634
60183
4834
89435
34208
5184
40384
82163
26099
62136
48167
25255
10916
52372
77639
68007
25849
1698
51799
23674
28993
68876
56138
16251
41841
3783
52236
6677
81807
61329
40846
31014
49016
87802
69956
38098
53666
67462
66380
91153
6163
69853
64321
69921
34620
5213
12280
61289
80246
84558
87316
1021
8187
33644
65829
60520
7830
29511
53357
33191
34094
56494
20730
26132
13542
17223
30890
11931
60420
19023
73778
44106
45446
56125
56302
28212
18417
23326
70905
87348
48954
41246
53438
60199
26962
91222
23830
56293
56122
63115
69744
5491
82473
17341
64808
47697
44147
87610
3025
68768
42701
33800
52945
33169
63257
15234
904
31181
86556
51908
74301
50313
17487
28000
82743
85119
59484
73103
20825
44293
75431
54270
70807
52520
3157
32482
78910
31839
3938
73649
39456
71551
77190
90065
44890
23864
75899
68188
75547
13345
42476
70328
78657
54922
87430
1258
43023
63542
34771
72622
47609
23286
9185
64436
69792
60692
59300
75990
14275
88457
40952
22535
44775
70700
62715
48401
70653
84048
69026
80361
65713
53282
51469
30973
20568
28049
61476
57655
4960
57603
66363
68266
64770
1682
77378
68616
16331
21820
2110
67787
74800
18748
72140
48352
79972
82477
26837
77702
14255
52517
58782
74543
42210
21510
70589
26141
86195
82393
47778
1592
82064
55552
87046
71008
29478
6591
3592
59931
201
63804
3956
75338
88819
69362
75695
88043
89867
44569
44871
61166
51575
87164
86032
35265
60357
68022
77391
40715
47632
4083
62543
70337
8301
50528
78349
23704
75539
77567
45999
57457
85542
33291
87861
38291
63976
66135
79305
62688
77291
58193
85853
34174
48147
16156
61341
16590
81776
86338
69920
17281
18312
51656
18232
12234
42796
28748
14123
64642
16519
54792
74548
70638
63944
15251
89130
10470
32528
77141
13575
51689
30204
69889
66179
84719
18068
10407
12521
38336
53399
53558
76959
59153
30845
6188
87279
66284
86017
39953
20421
66263
20047
57291
27116
36136
63145
39024
15391
61681
63659
5430
284
4200
17652
11195
48830
36274
47487
14328
62736
53068
41659
20868
44877
31985
61718
26823
28593
56796
67442
43265
12280
25160
14734
81144
91199
10267
83249
7047
59782
31023
76052
77563
32418
54255
63963
44135
29047
85684
49922
47455
77351
71565
8050
17186
51967
9888
63338
22507
62018
24069
16684
65363
90477
29292
80986
72027
13652
21912
83018
25511
81232
84309
58010
1506
43470
67980
31008
8295
91049
37734
65874
5352
62899
8749
5683
35397
79446
70060
2549
67747
73192
9899
86507
46548
22730
44592
54318
86868
30927
44607
37767
1616
14240
36954
86601
36080
3862
82850
86912
37165
73939
2469
58381
52269
57414
23060
90393
42281
56857
81040
78812
48406
69881
83116
27772
27116
79254
69399
28331
70564
70045
28985
87198
40907
6144
33709
79718
38871
47350
81012
25694
44854
9024
26221
34834
71870
8522
51347
70807
12771
90968
21618
71875
84572
76258
70915
43140
80916
65849
81805
80718
7072
56948
38387
64249
86327
61418
37631
29164
78768
31361
49212
24118
24029
7741
40519
8855
17659
40445
53444
76067
65763
78844
12775
34710
8760
12592
19052
45343
37274
85228
10093
21500
51900
21190
63582
33181
50894
28599
1598
69948
44297
49611
30848
21638
42783
5037
27963
86823
49250
34257
42310
2846
74295
64579
20002
60363
75805
28805
26898
84503
26263
40903
7302
76305
65730
1456
24300
10628
30466
57541
39328
87787
41967
34525
36565
20438
10995
14541
82023
17185
86350
39447
65614
77276
34901
76164
87798
61359
81854
38593
7300
7983
29119
81984
32081
14566
83651
66590
17175
39818
10422
47166
7560
21946
28090
79025
2966
17684
38747
36962
67981
8962
31375
47702
89532
74945
29015
35564
40562
82521
21595
20206
12218
24977
49762
77864
30426
11883
45110
39600
72421
58382
63498
35923
77147
26821
6952
45056
36367
74284
72266
39958
20020
38137
55664
39348
41835
54484
51895
57319
31457
55392
7107
85054
45338
64544
45986
25647
29209
49595
50513
31095
74531
24904
16211
84095
71387
4379
56429
1931
23812
53016
88541
23858
64635
11926
17525
84087
12894
8872
58442
73085
91582
90135
51268
90801
9637
22129
72296
79154
30871
8589
42266
9732
48180
51755
69795
25374
16440
4722
61975
15551
58929
828
74739
69409
37105
746
51783
19795
8893
71424
54241
50355
64592
90465
60261
69737
56743
37658
12492
13874
2605
35071
70070
88966
64799
60379
41077
18888
16837
56218
44547
48368
74439
77211
75950
10711
4545
50704
54538
3380
21112
6417
27110
42766
53620
83336
72805
41407
13869
31816
30717
6957
87784
8779
85917
65024
55047
19492
37111
69006
68065
52512
87978
1008
33709
57358
62982
19957
69748
72148
65511
30254
18559
66764
90583
46431
75403
49940
76426
82165
81159
40842
3851
74803
28200
38000
61900
61878
15713
42684
54266
80038
73185
25050
52727
57716
23255
75427
37150
62365
75477
18651
79939
64128
59013
45871
13156
83293
27644
77868
88090
61318
65099
66040
54308
23523
42414
13299
12907
86901
87257
64871
41285
91461
44581
38329
66617
90641
24284
39829
88457
31770
65529
15033
15747
89562
21156
58135
39567
83532
88455
47071
79878
5753
77179
13404
30387
72815
29935
62026
35058
62323
40439
81859
64544
17762
31154
249
14139
66268
37452
29861
53729
61898
19782
10855
18230
5835
43668
39509
81554
47397
42499
13963
41660
67147
7601
55073
35276
39531
15163
17781
46231
2318
66079
91201
3581
15472
62558
13008
37374
55796
76815
48694
90673
36103
63826
56396
68275
3988
1
33879
89397
4498
54424
90083
16789
39555
89045
79398
41010
31739
26286
19377
13717
90254
15463
48268
45864
13984
41712
34237
65764
65277
63082
30864
53375
45943
999
6738
89974
9398
89799
79925
13346
8498
35792
41786
44270
20074
61835
29506
63410
77565
19140
57114
84448
20211
34884
22606
60233
4753
43479
36580
56703
33692
78859
2388
71231
69656
76106
77104
21401
24921
9765
78324
24185
32725
76670
35886
46024
1886
68777
12718
32819
25569
16521
17822
47158
7983
13151
27257
33161
30790
86438
55440
26090
3466
73597
78709
85621
82604
71771
40923
24326
64440
90051
69971
79551
16322
66989
9943
75836
81817
60333
20133
26640
43507
52994
10774
33123
19532
7545
55515
59528
11992
67638
6048
19104
76811
69490
10214
27659
25988
23019
1348
71454
40859
23612
56642
70792
22286
15929
24410
61767
18107
43719
88462
80452
48218
66739
69428
58535
74000
43292
91544
42127
43298
9334
22161
28133
28964
67136
59720
83167
56276
9742
39775
20400
23345
18898
35333
55351
91143
81689
32287
51232
71581
69533
57687
6877
75146
20392
7621
64890
85045
70071
46966
19115
38230
14383
16555
76656
26981
47395
81283
2581
70054
17523
25674
31524
42071
52309
33466
70913
85189
1792
16106
90765
62975
21962
62633
56892
50975
71632
83469
34230
4992
66771
17203
30210
51867
5594
51139
84046
17277
54598
75585
69298
239
37540
81140
12211
4132
61499
77299
37263
53578
36298
9164
43521
88326
56548
37574
86372
48491
13262
25911
90623
19692
72757
56207
41121
35601
81863
70800
81899
40882
59594
35531
45439
17625
22107
48669
20514
32393
16014
3521
32862
69365
46909
81352
55749
3629
37435
88616
6815
50659
54629
78687
34338
30989
37550
68337
86425
30021
21054
27436
39596
71298
61376
14649
83281
41162
14261
6759
88728
25559
4519
25700
84170
90079
11633
89625
40663
50299
29167
20622
50527
38354
89666
86284
30410
56023
21255
37200
12075
65708
29112
83621
16395
41882
7735
9077
16339
40932
44420
22865
64840
55519
5372
76481
13956
56005
20897
51432
24375
6467
78121
88459
4509
81177
73505
41858
76652
45509
77191
10844
47897
86038
44241
65064
33268
19413
78328
45495
4356
3376
3411
9579
8642
74362
26783
43976
50040
58667
44947
16132
83706
35561
14220
78726
76195
66506
81898
30591
71820
4885
29800
30671
53466
35691
5385
69884
15513
88825
55348
42324
46509
51999
43087
90841
41999
15718
30781
16736
68245
20541
72032
25421
9600
57011
49028
51783
72554
10280
43306
59516
68553
30724
87803
12570
33974
68761
50276
54744
56234
33161
83348
12723
9310
37442
79680
85882
11228
61284
68650
25231
89840
56510
80828
40405
49338
83243
30001
37995
27944
91609
42111
11443
87134
47059
58377
72085
83485
48536
34030
49123
42331
5113
45955
58473
27156
48125
50159
63473
32161
2772
21524
63070
7293
70596
64654
5056
86924
71451
8978
11507
86017
41719
86576
43633
62220
22058
86567
30188
31275
15736
30048
45428
4996
16681
64422
45700
6386
9847
4207
56397
23069
21685
19885
90098
73011
14780
48314
24385
12200
19987
71466
9543
60953
70344
10
60474
53143
49649
34832
80541
19003
35800
52685
23554
5469
35995
2351
28970
41661
43344
32540
69485
71867
44376
26398
58583
30249
68571
17922
34832
65085
67158
43167
60701
1552
44823
19740
53539
53215
67820
73510
52918
32461
69734
7707
91479
1605
36245
15701
21413
4813
80348
16629
3243
5920
78064
71753
54326
50361
20617
74197
65513
71013
71912
29981
2747
35058
40952
71179
10298
36952
53522
37836
28709
43401
22700
62558
64924
51632
17559
85698
1923
47426
39437
61515
35532
79298
50206
68221
71363
19501
51584
78760
77574
82421
40350
29860
77578
58726
20068
5090
23494
74034
75538
39369
90669
10231
40977
17396
31976
19219
71054
2531
83962
39369
10968
73581
18687
8266
50962
18814
63018
74091
21395
41592
80278
11292
10523
78939
32971
31228
64288
5210
53854
29856
19047
48631
4385
66318
83143
7280
60954
23539
7555
77003
14548
27797
50423
38744
65827
90026
32767
24775
14632
45050
63898
6714
77417
59524
78243
36521
61046
66364
67085
45237
35286
34416
20025
81398
68642
5657
48471
13697
76270
18949
73346
79313
28410
48207
58964
84840
48491
62910
43632
51736
61197
10407
59134
32928
67851
14610
77552
6985
65530
24134
68326
66244
5941
45136
24947
66201
24340
82285
8385
84441
57844
33976
10307
16092
85169
55592
20259
30765
23982
17905
146
52834
7086
32451
16059
30056
87208
21276
52407
10115
58979
79392
40033
22231
50754
88373
36995
58972
65261
62285
70001
3685
66402
88278
89896
91272
47869
86735
72303
10043
74014
64391
52584
26091
23185
39550
41594
6257
26499
71286
17425
32434
53941
27033
33218
31526
76107
79932
78227
45645
50551
30622
14723
80529
53559
76918
90495
59001
50921
43401
44591
62513
76487
76471
34132
81142
11635
6289
85620
2277
89696
54618
71950
88307
70122
90509
31039
16178
2734
82704
16709
17876
32539
18659
18917
13602
66240
32170
32770
54927
19791
51622
58582
60465
81459
56728
12356
61559
32471
44099
85886
81180
77890
9008
4794
68096
36711
2836
21057
43400
10196
83229
52933
15432
76967
54091
51465
18867
39439
83609
61867
2521
68860
20348
17182
30289
44330
8121
20183
70069
31630
68406
60194
2120
47781
38605
90632
43152
18535
28122
26784
5109
29011
75578
31522
77675
34123
5458
53376
74927
89431
71850
65503
66844
47225
73029
65916
7322
76949
47782
57751
693
59103
76526
66092
27003
69254
70592
42043
43613
29000
21431
12652
83525
86942
25049
32314
48472
55547
67519
17327
49759
22690
83420
60440
17066
42090
54047
13750
40033
5917
34568
87437
32883
6035
41063
34530
28456
58327
34923
45387
8780
75698
2752
13943
9149
87365
40915
32354
15639
33793
41314
45179
35099
26600
45525
35858
64101
52649
54882
71134
74152
64935
11481
79978
71447
37033
84662
32850
83745
53896
5700
75412
73057
54473
28682
75140
31065
21197
63233
23983
27510
58820
68019
37202
13096
10957
47676
14539
51945
51328
83859
72962
34192
53325
58837
26111
61947
7607
43171
45344
6785
62646
39642
20796
43217
64934
69419
46204
24620
68455
25097
56385
75818
8971
44058
35036
71585
39902
64558
21082
83566
68141
87772
14254
43019
50714
49343
84582
23448
78041
40577
11221
41046
17598
26924
345
49667
39607
55535
72578
69979
83698
17037
31929
55401
82794
65625
37012
49647
24079
21730
53450
72939
71959
89465
67661
80295
59403
47427
66935
32343
90491
34113
33001
89860
3915
38685
71436
11740
11027
23281
62326
55901
39531
88396
34217
33160
7530
33365
71938
34403
26434
68800
31949
28854
44839
57128
43964
23650
47795
60822
45417
14532
72839
8107
74119
35004
53014
38111
55040
61438
7708
81965
86020
54086
79896
69065
89376
65933
50972
55561
73997
14172
75675
84895
1578
75181
2870
21878
25685
58817
52092
20359
22362
53152
34868
70931
5219
25806
9550
88439
11075
54642
89373
1921
45227
86800
44721
85151
29624
23631
87613
60830
84896
60643
59
83955
786
48322
21765
43928
77268
18313
17611
73664
68744
36638
10578
47586
2081
2566
85342
10980
57795
67189
13696
6920
71701
67939
34293
42718
13235
27149
56421
19140
86981
87818
46980
74713
84956
75870
87285
55973
60182
15929
9973
21143
17206
61833
58528
35039
62714
74749
11718
10473
20117
2611
2968
54532
24388
42087
46840
27286
36736
45805
15011
12457
11920
51157
18147
7704
77246
46195
44006
22091
30306
34039
30951
28144
10205
3884
40440
44786
84531
26574
75998
3221
38125
44828
21651
35282
904
33485
72297
4004
66171
65946
67296
15222
12552
40192
781
76090
14628
67840
28938
74949
76782
66764
11113
90635
85414
5531
26746
41368
4698
5076
1077
26162
83247
84887
34161
7813
14047
79103
37769
22296
34382
90513
76921
28384
36397
49240
22748
32212
43927
14373
12271
74145
83848
44741
46781
11234
11742
36052
62647
19656
12782
81241
56654
29139
68245
79030
38748
85247
89541
19316
4794
43869
30561
60319
37403
37113
65456
25705
23244
33903
39002
41554
62228
68470
74324
73672
21377
66073
52226
6725
2023
50233
67908
29936
36164
54659
69630
33032
13959
77433
84043
18338
8667
58464
67239
9741
41510
90936
56766
19597
18710
58934
59145
8055
63728
34246
60529
65322
4890
88587
77189
83300
35775
85277
69769
54649
68692
52629
60540
37743
51187
12096
44111
28049
5452
78969
73327
26414
19041
75538
10153
12077
37102
75127
6873
39684
82506
26543
6951
88461
23973
2915
68890
19910
55462
86099
49885
88301
73535
33675
11532
48303
10203
39671
18780
56151
54731
71059
48483
3649
29951
81277
60011
50168
69695
4574
90445
74365
23765
77184
90106
45052
39774
74499
87180
88801
45554
72597
80199
13244
479
25106
20959
19866
22301
75410
18051
15837
5032
68086
67787
17415
12737
26152
90502
15430
62792
28753
70442
89784
89096
17149
58709
47758
47678
36600
70896
14369
66051
11938
31868
81012
32438
16942
16108
28049
22158
8933
1313
117
34463
14929
87965
82412
22269
62613
33208
40294
88365
19322
10153
7221
929
73833
68434
24524
7668
71585
47703
26329
38420
75733
29252
80757
52178
37949
10372
32531
60075
88826
77227
54501
87680
33149
59003
3139
45117
80787
46533
68844
17432
75813
73302
63135
14697
89119
20783
87371
3102
71693
34084
52258
10898
56076
36257
66217
80897
31707
49506
16154
27121
54028
29842
29090
13915
15088
69358
27203
75932
49259
31262
68530
57370
87715
33759
37572
69010
32429
64804
22429
64062
65179
87868
89825
54072
39669
22594
54392
62110
61400
62579
26123
89377
72042
63211
27308
8807
58372
37433
38138
18381
5838
9003
74123
3190
64973
43851
21771
11003
68146
75846
56836
85545
49348
50363
57931
58653
68889
39354
79563
23632
43177
59803
83094
24188
45838
1618
48945
42857
77243
83329
13564
28625
29808
42444
23348
30879
11423
68663
58914
74156
19514
15264
68958
51888
28245
3982
42773
19038
78115
3539
20159
33962
89646
45982
4494
67465
32052
11314
6237
61074
39903
33855
91430
50238
21171
51010
74347
83894
56081
5608
73803
46647
51075
4353
67394
71018
34342
84739
48650
51373
1953
50255
24056
66470
20109
27347
30698
45635
83271
30248
83877
89443
74555
60668
14458
4257
9923
53186
32639
7645
52021
48150
48311
52925
28271
90121
21897
68513
44217
47268
86881
81674
36922
37387
25621
89151
55189
24732
11991
17133
22794
51729
74406
33261
73117
81476
6279
4974
80477
56303
18730
28278
81739
46889
34228
28378
31196
15495
52325
50220
47328
55852
86098
22511
36442
46231
43171
47673
4565
75067
8435
39101
73670
35428
72186
63552
50338
25750
62068
25444
38308
67251
22745
76006
31237
54377
41362
71092
72887
886
58504
84062
29606
46913
49408
39820
11450
27065
15292
33764
39188
87551
6021
27181
12901
77443
53255
83906
88040
84449
72781
13943
8912
35643
5863
39805
32262
69183
53650
58617
57525
62058
19228
42606
46049
45581
87073
41689
23499
61707
68906
1310
62344
9131
55595
12870
75222
69505
18099
55131
8001
49218
13325
50287
53460
62045
43728
65543
18357
91097
56853
67629
74033
27332
79049
59209
72538
79882
90142
8286
58375
11885
50710
26213
84798
33443
42032
52781
31243
56016
86420
77499
5430
4789
56175
60220
59651
3791
67074
4953
58135
86953
10652
86321
21408
89805
31288
84442
83696
73300
61000
22316
55401
89447
87844
91450
9502
55515
35803
23907
87013
64417
7317
28152
6541
87684
11742
7176
85609
90864
88418
4808
37016
14411
35347
13591
54866
89949
37519
54488
22924
72778
19521
4122
51979
11843
40873
19711
235
55035
56870
46092
13262
338
45509
81190
25561
61478
50379
46327
26206
14271
50601
49756
63773
12535
80040
7174
77882
76969
33183
26433
19593
58696
82294
5392
14151
44607
34289
84422
927
69285
75261
69239
1535
20848
34263
3747
88160
69124
63315
42395
74540
4458
90979
38905
14808
70860
28159
79408
65711
4355
84857
62847
63888
2203
83532
83564
59504
66278
23753
84298
61331
43902
27217
78817
53480
15249
380
27443
5908
12794
79621
19643
80536
85210
20717
34228
26416
4981
78003
81702
6093
15883
28609
86592
46425
40545
16010
89093
76521
82524
37620
57174
3226
20655
7886
10611
52364
1022
38769
70360
27954
24473
86584
52628
71467
73731
32176
2427
11394
63642
77247
44790
65225
1353
43277
78560
16333
36545
17414
69294
8897
50591
18585
60643
49652
82569
24157
84132
65724
33543
82076
32509
42104
43242
26221
75880
41379
12047
9576
49668
66067
35750
58264
51642
67858
53299
58244
47361
17368
17736
11797
31810
57718
6324
39297
57003
2378
4137
84150
36308
38821
33074
86942
61835
2701
9040
70003
23254
34384
80138
10192
59792
60157
39804
24354
38774
79819
75134
65879
10109
4611
40470
31858
41629
61618
8004
89281
5699
11135
20151
91263
37526
8633
66451
83492
74998
68281
13769
45194
57756
38981
49423
55278
38208
67632
39691
518
53907
84484
33352
56869
48125
34924
41402
33936
24432
60909
60148
14929
38123
13938
91054
63809
82168
56514
69773
87463
58289
43283
36368
30405
7958
74419
27067
53816
64630
55391
64215
58717
73874
51345
70143
53455
10273
68509
28922
76348
75568
43385
90887
47875
11189
1181
90934
36104
79267
72698
19403
68247
89702
75962
36446
54435
30637
6286
37639
69446
5369
47292
84422
84977
44224
67764
84958
77156
25746
30092
15833
58693
75863
21607
62992
18039
37177
81175
50001
5199
16692
57495
4556
2369
24529
23856
69029
57027
64381
73005
82607
32104
24382
68174
66980
46750
85626
61112
84113
72887
72974
51644
87894
23488
49595
59243
72462
68274
87596
13842
44275
83433
51516
68962
90396
2988
9755
63146
64511
19552
54298
37424
43835
72367
33389
28175
81468
48441
56455
62515
68870
35347
60247
14496
16140
37199
54037
22974
79630
27278
23868
90608
86451
12993
91307
87775
86651
53250
10370
9925
34436
7248
38410
83890
68077
12517
24814
53321
58713
69323
83143
83862
57314
23245
53808
59729
76303
55552
28341
3652
45449
89211
43131
16615
54594
45925
51466
38738
65940
30151
74678
37861
63535
66393
30720
40856
70010
79817
706
23698
90118
75573
82301
17017
50932
78543
56488
26971
34159
74307
22692
11649
56057
86997
52511
32040
47633
77520
21233
24675
18059
6390
2736
42530
5358
57880
81600
27045
39358
29088
3786
25223
14481
51554
53022
67901
53799
26248
62168
52278
75492
25049
24775
240
76229
79958
57683
51746
69771
16364
87659
10623
20534
18572
47877
21234
42518
21271
58096
35989
42562
91187
37477
23552
71782
61890
42880
87631
71256
64263
43349
35838
89286
16842
83349
20500
27549
69944
30080
29377
60720
46925
27367
18734
90589
7539
12133
46387
56181
12942
9298
88907
64398
27899
59486
39032
69132
25832
29165
5135
67297
71237
26050
17128
55116
36077
6577
26030
32304
65449
40018
32086
29528
12894
55903
63316
57518
20063
36232
2644
44353
57428
90069
69374
47040
36866
25495
19970
67518
88302
91458
75908
83581
77917
86119
52076
67429
12119
82945
31358
52164
82777
74785
53494
58133
39870
30353
50337
8591
4630
6756
89006
74989
6370
88254
46148
7773
79193
72684
33688
53865
31729
35971
38823
18891
42086
70397
69912
76023
42416
1300
48442
22112
26083
79531
62526
29232
29439
6177
78102
42705
24135
12298
62943
26931
21248
11673
41271
59274
11271
62746
554
67494
292
84850
67332
45006
90570
19102
81369
23494
58526
80019
22933
60982
30669
82391
5995
26924
37305
27754
2096
86801
44671
55656
23837
82499
87821
76035
1986
83466
2817
43496
33506
28961
35123
40717
24147
58682
78341
44044
5697
70634
44673
76244
50028
65895
45435
32142
66044
35503
69787
29735
52319
74354
19963
5062
49243
45006
55809
9621
66053
62402
37687
34839
51143
46216
6328
72258
40465
89552
31494
45050
37768
10186
8688
30620
3324
42797
50224
49737
20550
65741
70927
60306
59560
82956
13789
49662
38842
38059
3136
1144
68493
971
34476
46656
1488
78222
40872
35479
62784
88173
33591
77416
12553
44540
87914
49204
65404
8034
40723
52032
85333
90963
11943
74100
71898
8177
73256
76812
2344
71687
22159
84488
36966
20345
81114
24770
7466
85959
51799
7185
13395
22881
37007
47753
64823
62410
27538
70307
27478
43363
45304
40151
57655
52886
72381
83906
25175
35691
19802
18648
14243
40099
68867
76687
1201
2744
21804
3928
47204
50030
73578
55943
47529
18266
8297
70870
51126
5003
5073
87836
527
28641
13023
46903
62122
73864
71686
66132
66430
27990
31794
71241
49457
87568
88058
91303
77065
80696
41125
52117
81950
64044
39674
40570
80904
44065
63720
32969
37916
14052
81207
67848
62326
28791
15626
1171
18903
1956
1146
14204
30869
13870
9110
18748
69088
50511
32110
85963
32000
65044
39593
64020
75073
22149
49222
83029
74875
14154
13325
44393
74539
9481
32034
75459
1189
33734
74673
48431
20020
81440
29416
65615
68262
19750
47839
9951
4040
58790
23658
40618
54856
49098
6511
63910
23344
42578
54566
6593
77893
83363
62341
41058
28403
23145
87017
19456
52723
44689
18035
59779
5156
88742
86291
74901
76522
44168
53591
79059
47529
53974
72078
15831
51389
62777
90941
81051
55370
30162
9113
75108
47718
32889
74550
37938
452
6905
87865
60259
49652
66319
77694
32513
35598
46708
89146
41582
80916
43259
4601
53623
37037
6243
77722
23118
53072
34993
4017
57202
62875
5346
31911
28972
73864
71744
20
67793
40649
6811
60229
76422
44067
42424
55175
63865
38145
79996
22367
10786
45596
68302
2885
60076
14340
48200
55087
24474
80291
57521
59707
76651
73594
28583
45153
46687
8926
8707
66670
2341
89856
58877
86607
88607
80303
16396
7095
42831
80866
84962
30434
22645
54196
6978
68825
87317
6694
15340
34900
39855
38434
10924
85318
87262
70700
65026
4666
31880
89686
23252
48949
19459
44430
91427
90581
27790
28705
64434
89506
25633
17684
8402
41908
29678
37966
68285
38629
85454
12190
36219
74343
84278
24477
44941
12210
51419
26716
41488
18159
55637
59053
23376
6734
42707
15898
16343
86003
47576
32229
1553
16914
34184
24768
14619
643
10194
86703
60242
90452
72782
7484
9532
57699
6808
61947
89145
65604
55620
63162
50431
68163
17682
89380
25408
39652
86741
33969
70348
58306
72608
73634
38541
42910
72383
44579
6706
17967
7073
37862
22506
41696
26815
72540
22966
70388
88610
20680
36869
55338
39391
55234
38433
9657
23414
7060
29042
10859
25937
47162
28768
27335
8186
82021
9994
42846
29390
32754
73732
24939
55499
39444
55899
71560
62161
56646
16521
90268
89453
27857
41102
2988
30578
59495
89230
2304
74123
30187
20740
37446
56354
87067
69246
87836
74943
38303
66422
52576
48143
21813
15643
83110
59400
69065
12524
43528
66548
23969
90676
57553
69421
24396
82788
56582
9911
22137
54274
69769
33104
63493
52873
75430
52890
381
67708
13338
1398
6181
16226
67773
2793
30271
88587
44309
45783
49326
67265
55018
33456
35307
50929
13881
64235
54933
3224
60652
12966
12429
60992
54068
53541
89386
40189
35864
26913
83787
27613
90546
4168
42287
89330
46177
37271
45136
14596
5742
26747
59864
39869
3554
9136
49708
53357
80904
3702
16651
11798
65031
75218
84736
68918
20769
46107
31363
74544
33855
23263
65105
36719
83079
65166
8208
30588
65028
75601
49659
9920
88681
77968
8327
38239
43789
33513
7499
58398
35724
72399
2829
31189
27537
10555
61046
44443
13915
1995
27159
59272
2690
73067
84704
58527
32686
26865
29762
49348
52657
86019
77775
72327
70226
79124
10138
54574
67321
5296
66912
58705
62178
60543
43223
62373
24199
66322
1677
61320
63532
41839
83102
76208
22529
82116
41130
24905
8997
48439
80454
22062
18474
9022
25262
46513
54273
63971
7666
15921
11590
81986
5970
37324
32091
79494
65808
80909
59433
81980
39328
67678
70109
88480
28943
76617
41933
48163
24159
29056
75066
58529
33728
47130
87133
22930
54755
88583
28345
65986
48055
20794
75669
1157
75638
65276
54716
75720
29336
13803
64143
11861
90739
53523
35782
9876
83540
88985
13721
47500
47772
66196
25486
19110
78538
26657
34373
76838
59307
47993
80359
57863
57063
34096
62763
28244
81184
10524
42594
62626
52634
65288
41014
34039
22653
53780
706
44921
50685
62952
45905
68683
48220
36683
17267
16119
70510
66222
25807
31457
43974
2942
50587
80815
91188
34434
44182
26519
14727
42224
40523
84392
91574
46742
63105
91157
75955
60871
12151
82079
79185
70446
60757
37561
13774
67860
4912
75373
65075
85761
14103
54221
19639
62810
46173
8837
30698
88107
832
51136
4582
64499
69409
63855
16224
67592
36197
12275
34194
27152
64071
78775
21240
60091
83235
21858
41094
55128
55956
39930
36978
50732
7522
76607
57704
56271
28373
21317
48445
6783
22883
70748
12971
4551
81517
1658
71904
84871
75954
21077
78313
41058
74856
15761
29156
47798
71743
11319
13114
52404
4448
19620
39974
59318
32253
71482
49016
30515
146
12305
60889
3969
4486
40343
11463
83408
71932
88429
39488
18137
79119
7928
79966
51788
21197
8759
22148
31782
85298
69338
3717
6224
22345
12607
83246
75026
36999
79522
73464
87482
61650
16154
11724
13293
39117
54610
59060
52788
51531
13044
54571
2124
42705
86800
61303
14809
2186
61246
29734
71087
52397
49304
2419
85416
46360
55318
31869
81105
14077
18557
6969
87998
84445
32342
47533
32199
83076
88211
45832
9070
33069
46005
44996
15565
81606
60710
22808
83282
69467
64442
75508
43962
35396
30357
86805
763
68386
43593
74479
77633
74233
75002
48448
29542
80278
23520
77439
39017
89537
86174
59813
84174
23938
59551
61956
7009
19839
22168
34502
82623
10029
367
70561
6133
70860
82477
42393
68790
21962
52049
5352
9148
49145
5132
47669
41261
26225
47721
25978
18726
74334
87825
91578
26965
70101
16532
81585
4012
69417
54176
36055
33475
75650
8888
66849
80056
50473
22487
76463
32846
79623
62378
50792
65747
25715
62825
53259
47674
17688
66496
74854
83760
14577
73436
12109
45709
18144
89432
75446
48048
48922
4862
77748
86495
50972
80834
46166
28283
43772
26854
63007
88787
90472
45847
25559
21506
952
77614
2298
6297
89671
82976
89953
19571
34850
76407
81270
7815
38029
30435
25905
30641
67210
1527
19155
75972
68010
41698
87485
28273
17467
83232
13246
18027
55900
17714
45593
6159
78493
10977
56570
78052
46516
59570
8895
81010
64733
66902
18504
79875
22220
75315
76989
13095
54522
50802
65935
73373
37370
86670
19809
74019
11382
14959
88540
47949
65945
51508
10811
63893
9072
86272
61589
40708
22310
71539
76741
42162
20877
25598
50140
10172
49679
30064
68242
8754
38741
38712
10439
44759
36403
60805
8703
41931
59778
8524
39803
33341
68159
90463
4677
57900
50561
66398
13198
74357
5312
60797
15686
20811
77595
54090
23268
61163
88592
7754
61379
24428
16746
69773
39078
67952
47206
89987
41115
14555
39210
51891
11910
78097
40723
12123
17502
41022
11168
79505
53475
37790
66279
24020
50882
78437
19054
3875
58759
8356
72705
24087
77672
70335
7546
79764
71466
68386
5616
87292
951
68149
70546
69988
79895
17772
48600
78382
90541
77035
83336
41096
42352
8171
58958
13458
47810
27796
13433
11909
81580
79514
18709
39558
49052
72523
4944
54916
89043
63329
63201
1262
59627
34190
3797
69750
47271
61612
46240
7780
21126
1571
40273
63350
87361
55508
62883
8469
33891
74067
59364
3705
59929
87648
83951
37822
79594
48329
60702
84880
59301
12091
64000
18615
21474
20310
41644
56199
89600
15208
73579
69757
70175
25314
47641
66646
74604
60521
68967
2721
65323
51602
15018
69509
1819
44828
5863
18350
12952
30248
46021
6750
17050
67348
28828
83589
79164
9439
73165
74057
4221
84601
76676
71090
57937
55601
24398
2033
28884
62100
34283
77172
21583
64867
23857
19828
35048
47342
66815
44303
79885
2744
78303
50588
57392
25827
74517
24814
71860
80102
29103
33630
2798
8099
79616
81259
36023
11607
76166
42116
22453
46775
65577
3795
25367
3868
22541
64586
36844
82074
45250
75964
66309
5933
57510
74447
74020
54577
25766
3609
1906
76982
631
71020
30408
45325
58875
57695
60760
79549
69333
86965
44171
74274
16770
71902
14844
57015
84990
65403
79825
55231
33406
17934
85918
69135
10466
4533
48066
4035
10645
74611
77032
6838
5502
89902
9890
43972
29481
51665
31214
70390
69177
32529
42950
84718
84707
88724
46482
59584
66152
21625
2394
27504
70364
29452
13422
548
76654
44040
23118
75722
65242
38650
25720
33110
41056
74913
39385
48053
14625
21488
4799
61682
5006
43295
68233
85784
58668
63273
74123
63609
34399
1265
59023
45441
55836
8707
7027
82863
84457
82849
25278
52724
20685
34668
72479
19191
37246
46234
11633
26480
28064
51118
71567
40101
46221
76376
9670
85343
74207
87760
52936
58082
18411
57958
78760
8144
45177
60486
35540
70098
9019
91592
17063
63919
81580
66409
26555
46433
15543
72261
9903
75658
50135
68959
42235
10697
32945
14259
8419
51359
90152
53175
36641
61274
70607
25391
59689
89337
56150
75833
64526
67138
62196
81078
73664
11922
28074
45381
78691
38692
48276
33386
23160
47538
15194
5803
2034
17626
74922
42043
38079
11581
17820
87189
65396
44363
33455
19529
11182
17826
14868
82186
46966
49124
86643
83490
91036
23491
46519
19113
20387
63704
85591
61893
53312
26036
8342
4566
28189
90566
64831
84216
9287
15051
80066
61415
37909
76986
55443
14972
74923
32411
75961
44690
32413
4588
43396
56156
39996
87248
7002
69303
78954
33970
91287
73005
90862
67716
35161
78125
12182
85768
65168
17685
9352
50520
63195
34979
20345
89644
19094
39494
60258
39689
35391
50895
45951
34664
3572
86281
61316
50969
22166
31370
39423
10742
28108
22597
66226
76008
56757
12866
52420
70287
13027
76213
68719
47239
74549
67626
80688
80240
325
62972
35361
82195
3306
28194
37837
41671
28640
49483
39740
1137
70309
84797
70250
4837
51602
5785
61549
10248
27386
53834
12284
14428
41884
80006
9874
71638
80476
83333
18977
15667
14412
75048
57729
15755
81620
1847
52611
84809
9707
44155
54502
58850
43150
74880
53639
57114
83084
29592
56639
50892
48172
33778
69103
74109
10025
75538
31777
55636
20185
41422
88108
64596
85327
30236
83271
43256
39693
66899
89861
58804
64516
38453
19677
24191
25817
50109
49841
17384
68963
65437
91107
61103
58382
45447
39248
29093
32807
82348
26361
11531
24926
29991
48181
69543
23659
55941
86960
40440
25506
42096
57802
37788
60709
87185
55667
47596
89578
4776
48369
24946
14955
86766
76612
22789
88184
62684
67653
91118
54826
47999
73265
49940
20052
86980
8640
73055
6348
81778
83683
89102
13625
78011
14733
53495
86801
87912
5004
31450
38427
32721
62939
54874
36599
37380
85919
58491
84369
41409
45522
80752
86242
45155
37689
72282
32090
63123
81032
53499
75349
36175
10299
58238
71007
25331
14362
66889
32130
83860
49254
24734
37461
31149
5730
48356
39113
48619
5992
3421
3946
10673
51310
45895
52024
44853
11102
24628
37934
48631
67669
63906
5383
70154
15925
8243
52855
53481
2323
53349
26533
91131
4442
66456
8330
79805
5386
16841
63923
30493
88230
30229
3548
18799
80469
16561
79220
36201
90148
25096
2750
12764
44285
82689
13838
86072
84493
39461
77875
20664
64983
9845
70352
38785
84765
29273
33367
16040
24449
51103
2761
65886
58203
74823
6643
16050
25904
49549
80763
10420
63945
52683
18246
86046
90037
33429
8910
14992
88928
48861
90963
81641
47648
66320
71292
80622
13668
17603
75177
29396
6150
50408
80404
73681
21943
22992
65784
70156
38890
7633
26649
14349
84566
5859
56487
77449
81883
72391
6262
11831
1577
64189
77392
49071
84892
45218
66577
43005
2093
35433
47556
21481
26682
41806
37879
74770
16952
26140
19563
1159
43810
48453
30351
8643
38875
15638
65389
11838
57887
86386
63933
30885
44551
62134
40245
12179
28086
79597
38925
75795
83277
41240
72350
3154
29107
46239
21984
78729
41559
11327
64347
91165
91578
12041
62762
68104
41530
60675
5665
8877
72461
43488
88486
22799
10145
27038
17406
45607
6357
508
23429
60238
42935
55878
64673
169
49562
86792
40582
38737
39403
345
33088
83894
13865
22273
40499
10770
2914
45992
91010
17983
44397
66672
9505
15615
23362
65945
8919
73113
77166
75864
66245
38130
47283
10594
32584
67774
42894
85278
86427
23159
77975
85745
13145
72857
37427
83785
83463
78477
2779
20854
76948
11199
12075
48060
86198
9310
90908
64939
2628
66899
78905
83611
31620
26109
76647
43658
9518
17745
48027
47456
50465
57871
27512
56693
58421
51572
74091
34853
58055
16815
62893
19346
47896
66098
35712
45101
53145
81869
29953
76650
48350
70821
87891
26591
12406
34913
64646
26342
41487
59331
53425
41778
60454
84034
21038
52917
64158
15147
5757
38406
8163
26347
35354
27260
68031
45624
71664
17964
16186
24397
35341
71194
15957
12567
22233
31326
55653
88869
68819
19247
78591
19595
20738
29042
27096
30620
25203
78989
29683
35764
8486
88983
40236
89683
43562
37197
7630
56066
88145
4134
59408
39505
18558
50878
53509
16432
82807
69791
17837
76001
2361
55279
59549
35792
75680
15374
58793
73153
69572
3557
32586
52081
29797
62970
69713
50379
29945
1477
59935
30804
74666
58153
69334
56466
73452
84716
15598
44666
9947
65184
2962
63959
50583
83841
49196
46801
10793
34972
63935
12499
36017
56495
48045
64760
73496
45977
43654
19600
90109
53468
7894
4382
85829
46372
58044
54751
69100
64766
11221
19424
21732
23222
30368
1199
47840
88667
18484
1058
83217
11216
15971
15496
17925
6325
27697
35475
63112
55721
27490
8303
34783
706
53917
10653
18495
56489
48578
75745
65467
2055
89758
19245
74020
61611
78534
6997
17080
57835
77011
71490
26675
88052
2062
72306
86104
84627
25487
66948
68876
1796
12707
85302
71739
5796
49409
80805
44560
79697
31038
61552
42686
89395
90639
46603
87891
79273
1006
86589
76700
50386
52574
41730
30147
34953
87922
14748
37871
82924
80045
54274
5892
74581
16734
44003
90115
76874
25419
33249
73976
53096
10982
21724
77176
11439
50546
38566
3548
62234
16159
54983
28277
9657
21095
85368
47764
42699
57578
22034
52332
77492
88453
90775
31738
69121
70262
20866
90342
50674
72095
24704
16762
34671
58581
4826
1264
90971
49485
79018
68472
68056
88830
5999
48552
83567
24341
70888
32944
51639
86119
9201
59632
13451
73295
78796
22485
47340
85972
61187
90828
44178
24868
42664
6476
72327
10800
52917
14599
89480
81021
21347
37549
50387
57647
32757
80207
41469
80199
36881
9631
45741
10041
38552
46166
12840
53498
27494
38789
78350
62474
1208
14601
63348
52419
67760
21674
6779
77050
73567
40513
45570
44204
75561
41441
17505
19675
29578
81842
42955
42885
78405
6393
27117
74383
25709
72693
65428
90983
8773
3563
15798
47405
89450
9331
29997
83448
35563
924
15170
1308
47014
8109
77598
16414
11502
77070
60139
71079
83655
10430
1762
55344
20841
81500
30979
30989
11833
67420
24595
8796
52687
3986
41302
72467
8387
6394
55521
90751
21462
76728
25229
24899
16470
66061
42717
42829
65189
70183
30346
91628
25684
58199
75029
4093
58684
2208
85237
66354
24568
88885
26297
36346
34600
8233
61318
59365
68289
44693
66353
45260
37261
13525
20293
45784
74839
37173
10573
27585
81978
78721
5954
89268
76032
19459
23343
5430
19164
5974
2897
56989
35525
69571
73096
62288
20370
38090
71816
89003
48474
73147
46532
69827
39590
33748
3286
13815
25860
45115
79319
41539
6015
74826
43088
29919
13351
46432
35654
84782
86748
63453
15155
67836
81736
11212
81863
75560
40968
45548
64876
89676
17134
33759
14874
43853
32748
63719
12711
76806
26062
32241
18347
6959
36231
127
52358
41792
72665
68000
27594
26508
20588
90135
9801
57833
38800
48213
36656
73137
15280
49272
5559
5471
54212
51198
36260
14369
39886
71178
32776
30338
67654
452
25937
14469
69686
47828
76070
56316
86749
3486
48350
78213
54027
23386
36710
75339
39581
58457
54404
52025
40399
22248
89149
69166
28087
83166
5100
30959
74024
27213
49478
78261
57905
68294
63008
36877
82367
41284
5058
12146
63057
19196
77500
29742
18610
29260
76305
65534
79160
88959
50029
51295
72438
18001
40947
64958
32624
87984
70007
67047
71876
61130
86454
1970
48407
84401
70381
52935
6468
15723
56818
22690
81232
76569
8766
43868
5393
64120
54663
8110
81470
54903
87081
430
54872
41426
36276
89842
62796
81639
37395
28722
84616
27638
5656
52693
88549
41573
70588
78789
61196
31567
82595
8159
76471
3718
41811
18531
91638
88110
19697
2899
11004
84761
82269
68497
81856
91058
65091
63755
47371
57298
71013
48138
3173
77167
82928
54700
12562
32251
12338
12162
13381
71604
24784
5653
37318
14648
60669
16963
42015
82744
80405
35083
22071
12815
9427
64815
89741
43359
49676
6545
20713
1136
1155
48161
86182
26692
5107
32825
62696
27761
48189
14091
40054
68776
2558
40120
72452
81581
49302
49790
29284
13567
40447
84092
11470
23957
11849
56467
53561
91392
35766
23503
24929
37759
5414
20197
70825
49194
56689
25439
2987
32847
29557
7019
10364
78118
12067
12000
54476
8379
48434
671
78454
56281
40705
65067
35352
55668
50611
64790
47647
64489
86652
48853
63940
63993
15187
12614
224
40769
63056
56909
39028
56542
27732
73504
62744
48891
82910
30925
4986
16487
30150
12901
18823
32961
44156
28982
56183
91426
47949
75688
31048
32743
13900
90368
2594
52368
91493
20688
36031
53813
34518
84132
44036
45653
79593
26692
42384
84961
31421
6461
9678
2622
61350
65248
32608
29901
2209
89623
68313
66220
21310
37163
44073
88616
55167
57846
29735
3993
63505
63263
62863
23656
68732
1991
46709
45826
80387
70980
48871
63268
65183
55923
54950
19217
17969
14157
63359
37056
29305
78887
81110
52611
53794
63800
10869
76007
9838
86963
58986
71281
19772
84196
53326
89674
26394
976
69578
80632
80445
90469
57905
47348
63948
54177
70033
86856
45940
59559
67672
60026
44989
83247
90075
60616
72210
6658
82763
55396
67359
46548
24879
10824
4297
59119
85007
78770
88334
29700
29184
23408
36294
39031
82353
44651
5749
40748
57629
39969
66022
34428
2450
88561
79693
72562
16456
81042
7308
31698
17651
30436
8126
83827
70488
18436
74303
5920
75424
63057
5134
62001
63511
80846
38823
50272
66196
41926
1703
67360
59602
33761
75779
10102
33353
77847
61093
75256
17990
38292
72542
87442
44198
75931
43789
84351
26159
67231
52279
61645
76573
300
40547
12314
33049
58982
8754
44646
63738
79414
84190
17402
78584
47424
49798
22574
44511
24679
50792
88475
86361
9640
90208
82855
68136
17722
67008
88923
30294
5873
36854
88938
12687
62858
68798
3909
67279
79490
4699
88957
78623
62584
19589
68048
53522
61768
34627
15671
44495
87351
73447
83607
53584
80772
22710
79765
55716
54169
79913
52088
64491
54455
14783
12300
7929
86098
44942
14569
45292
46310
71895
27477
15721
47508
30154
82213
57679
36487
81331
50720
63182
32709
21813
56951
35738
33564
63661
72879
87938
40788
54582
36329
32803
62371
48346
22464
61321
58230
34546
28202
78955
7419
54015
78821
42150
7496
4071
36097
81804
80775
53312
33829
8794
19064
48703
28773
90087
81471
90158
83594
29619
57195
26103
63084
51319
3571
72039
21570
90315
66336
22830
22425
66794
28401
60734
40241
53939
26726
48241
62642
11100
48355
15122
8509
10369
58257
36039
27362
52803
62679
38729
58644
1262
20266
29044
9795
32257
66204
3641
86358
3033
16482
71867
9723
11689
1159
79590
85419
62699
17661
27351
2293
29182
20717
44439
67381
15569
3830
51062
19786
18600
29485
35890
64373
43468
69191
91381
26027
78611
30504
35421
61408
16181
17274
53524
72113
76981
13895
31192
9951
3576
73610
38135
38125
37947
74904
49597
4333
42199
10907
26568
31036
924
76510
12555
78194
17683
75766
60726
23166
32926
63618
73253
77223
56025
64276
44324
74953
15200
43871
77983
4477
34698
57215
58049
68228
14294
11255
12487
13427
63812
34318
88051
87653
67823
79452
50877
84182
67166
49480
23273
45830
14250
71910
46509
24064
5614
78508
60110
56954
58606
81364
51445
43024
14856
91531
12531
44183
78260
51359
32236
14425
73786
90180
82184
16231
8451
17532
35057
85045
33994
85066
43776
47582
30911
23469
53964
583
19277
36337
45126
87697
34831
88469
12109
59238
13460
7470
85798
6682
39062
20436
71683
14754
89571
2981
3960
53010
20802
39430
52516
63239
88218
68919
64604
54989
13943
42127
87110
76434
37500
54199
37430
19806
72263
16093
13403
26070
78571
64935
4407
45082
77718
5547
11209
49462
64653
91561
46041
41431
89971
57547
36786
2984
46334
24469
83487
50274
68889
31905
11898
59444
79294
20887
91102
53896
40879
58026
86018
87861
3562
81183
11798
27247
74165
39280
47375
19335
61942
55839
1077
80684
12373
23008
53264
43015
11313
59729
40148
6364
46002
24235
16743
50511
57801
45648
54898
23973
17056
75983
44241
52332
88230
34861
74969
37942
53049
10239
78018
59845
62254
69048
39212
46954
81338
83990
46733
62617
54830
79914
47213
19579
53201
44136
40175
80186
68343
18947
27213
27231
14788
44061
49379
70336
76738
63509
56929
53389
5441
39264
10139
18460
11623
46516
63574
71019
52042
20842
37805
2801
19310
37294
81340
28074
76634
21503
53932
41129
63215
26344
2488
6032
42058
29756
87265
11995
56145
19230
2520
51100
76149
48845
74767
55737
7083
16601
23344
20347
34692
30737
54389
43424
73459
40140
49288
44931
45782
18723
55570
73262
39238
62924
85457
20774
36697
43724
89315
88565
66479
22513
28901
42123
2702
76330
19291
30099
33265
27829
35157
22619
37491
2233
52518
68016
19782
42153
88181
60720
5668
28370
54660
63895
36915
26201
53173
69097
55627
19941
52024
40638
7518
9627
87045
18875
81417
70855
82935
32463
26557
10813
35659
9909
60052
65673
46347
50677
24871
36375
34972
13552
20223
50187
30065
11661
53282
68452
40013
57282
54079
21855
44381
50856
85773
68171
67177
21688
30226
56329
31293
62168
51647
60085
63710
60533
66686
15183
65186
19960
32846
91060
86748
80049
61438
48141
29853
9319
42740
24431
56990
55466
61069
37810
65883
12254
43637
80028
73923
2106
54310
3705
35729
59898
36399
41136
74660
86932
58448
51562
71211
30921
39372
18917
8968
75850
12758
47058
91220
9748
88859
54384
19990
26506
2276
46782
67448
41499
46467
33160
14370
61326
3938
90012
91427
27643
49879
29850
21881
65648
57442
25337
36005
64721
6533
33372
43099
8075
58377
6863
89493
67294
49995
26454
87695
70095
26633
79610
17976
53656
23904
24946
36346
18681
69542
12818
61297
51155
18564
1829
36611
89422
78425
73699
13703
89574
80805
78067
46060
54072
20670
58549
65297
90136
19676
49173
84572
77436
77752
39373
73454
86868
58098
90369
45593
64978
86597
66236
27263
51896
51856
79884
34767
40924
2744
31075
8269
16268
21299
68872
16185
52790
44269
44423
85680
5149
78799
27634
78424
63043
68371
39120
70790
7415
32618
43102
33214
80905
68273
24700
56778
15862
40972
83474
20786
84768
45620
5823
46413
42624
80068
11115
90428
25023
8097
56809
22627
82548
39828
76439
76969
43446
25245
21050
1057
10280
11173
90348
62798
5875
5000
14348
56897
8742
33654
36212
78744
5836
8280
37748
23498
13204
10536
58010
70810
53123
56013
42909
68534
46627
4830
22815
72986
70862
1987
2484
49294
65434
39402
44925
68338
36187
61986
55540
51863
28985
65344
73837
17264
16474
67568
33909
18275
86913
85927
84201
49397
55037
61523
52755
61170
29119
24369
22833
86501
57537
79443
24168
62527
30461
74211
24881
72872
3407
70859
68665
64421
70249
28405
76942
43754
90709
76210
74300
45324
85273
1538
58995
56901
4317
18413
36276
69800
65747
70361
16786
65474
66830
91279
26162
69234
84050
41552
49053
23682
53521
44567
74411
33596
14505
71209
71572
19134
48212
49724
80642
78096
49192
26909
89783
62961
63242
16852
74485
13241
70795
63903
29318
88564
79499
72485
29546
76076
30852
30491
53188
60772
55131
71000
56176
22719
1781
15844
82341
23147
57801
75279
71866
33161
56981
11268
85172
1186
14946
74993
53567
37878
39754
364
38423
87375
49100
65449
70194
19121
17279
75508
43217
62854
64964
9159
90112
83895
4612
9646
86964
37169
9382
45143
19003
66520
12524
56137
64140
5393
43186
63195
53787
35120
49860
55337
28078
68561
9478
49358
25874
50265
47659
20561
5595
33630
79651
78515
68267
56952
80420
18748
6283
78231
85733
37109
25829
57685
90449
21590
86901
44885
31450
46696
5949
34955
49263
1347
90391
82907
48173
67580
6432
46680
39701
76509
37148
57926
36830
22495
83471
31748
38472
79348
56576
45839
48053
47632
60326
19422
3965
32969
18203
71108
8213
81863
21312
13960
6346
46771
89887
40918
4849
42293
61557
52681
62851
60703
64734
66924
32489
32324
28901
58714
76896
59494
3002
41855
80480
37893
32987
34183
77325
56115
8741
37194
43283
4967
11905
71229
74433
44895
46735
70407
62990
62019
37437
52970
57955
14649
62508
6502
22016
36499
68812
82884
38868
9720
64954
57090
68136
52658
76575
18636
32795
42265
39662
26736
79176
51171
32002
53812
57145
48487
53799
58216
10824
45132
82615
11477
7732
89158
34141
32303
17831
61778
78793
73414
59169
59046
25721
31128
60357
51929
3386
205
22458
60376
65268
2327
14405
39246
32682
47211
6249
39232
87180
83294
52047
2698
56389
76574
34154
81150
36650
16565
60943
45851
5642
69662
65050
52839
54297
25529
27443
32483
59973
49511
58946
39906
89749
47979
27806
65044
47636
74196
82988
42754
37828
60523
85045
45376
678
6382
58117
80546
78975
43272
3970
35957
23292
77540
11625
1836
52107
21633
11185
44216
75701
42006
48142
46697
83205
2266
21876
34290
69540
29521
49914
12859
58659
57373
74790
42947
35655
43127
13159
21390
84853
77867
86490
73096
57173
88923
35018
14320
13628
20471
72038
88554
75066
55755
81535
5902
37749
12713
14506
66645
6074
82800
30823
38484
84307
85332
84253
31060
83408
12605
47048
20607
59039
16507
36476
71415
80849
89297
13498
54255
88108
44582
30123
75750
25504
10982
56169
8820
13269
75315
38151
63752
39858
82808
55608
78842
49648
27501
39037
18683
2479
86049
68897
26896
89929
34141
30994
81768
79462
28996
11736
84595
1763
15596
11999
58278
54897
68053
65483
64764
65423
8680
42138
15734
54245
11835
88910
79463
48663
89825
39653
16909
75805
9439
88935
30538
77108
63983
49339
43119
70596
80176
59257
80428
9548
19313
2113
71568
2654
75208
29596
17939
36173
1463
28962
30969
72642
16960
87732
40233
18724
79318
35221
65872
90768
13247
69573
85834
5841
31989
67526
39676
25919
52410
67286
6943
77472
25878
81372
14767
48597
84744
37712
34110
33738
86439
26781
77763
87008
22938
15321
38384
39409
68130
69351
8867
86705
62283
77482
43599
160
56394
88503
29639
59714
4310
42701
56733
18058
45569
65231
63400
34239
87396
13573
48922
64312
90358
40007
79880
66772
65020
21094
51312
90470
29384
74673
50490
6313
85531
12823
483
49459
38981
1340
73282
414
50332
8510
54137
22176
34519
88263
82147
52120
75274
76638
46617
25946
27294
33701
1602
75041
21097
40686
19058
60631
41351
84835
32953
77987
79043
4564
36697
82171
27702
65730
90551
25796
32914
91199
33837
79738
57453
79369
19729
6472
6801
15083
9843
1428
83044
51382
67095
28671
36185
90844
41911
22343
65519
11143
31586
49734
81324
3252
39118
39608
51658
58969
37368
76527
84082
82781
11945
64341
67259
58815
27002
31621
40075
8450
19445
86559
31011
62783
65693
19011
80393
55892
39983
58834
76339
55902
53018
24608
25350
19219
30899
30944
74892
68116
52191
19520
82574
24124
29306
37532
66910
56893
91613
36712
27077
31131
48518
59050
41540
62078
59750
12769
48467
67826
15597
46296
21860
25976
34185
41888
15049
18361
68389
9063
85005
14572
53968
52020
45733
84751
39560
66366
71184
54791
4883
755
8909
34673
87846
36355
83801
63169
25058
22055
29669
13453
15311
44314
69642
37182
11224
78877
70669
30690
9411
45784
72781
67741
87870
10009
36596
16879
55945
73741
16489
76551
90216
50131
78774
62687
21387
87440
45532
73783
8694
57248
87200
74226
36819
15891
59901
56615
58691
63764
59058
2970
20601
9430
65492
84993
17928
57157
1717
45588
4511
70475
46608
42866
22958
66166
33870
10237
65034
6398
13484
27781
83461
46716
21048
45848
58574
25604
69788
89515
12491
90810
10
10236
75
9194
5653
88192
16907
6369
87457
11229
61562
65339
45402
10383
8643
50046
46336
17668
73080
19744
41687
48878
32732
62181
79472
50408
44993
70829
89733
20687
73683
36585
40507
4019
48388
28647
74957
8733
80299
74138
63005
20505
74306
84268
43027
42073
4543
21844
84804
43223
71327
84953
69873
49263
47763
43391
83707
57031
67270
11275
40634
11847
67740
75049
31917
4441
1047
40875
200
5032
8676
90236
88594
33087
39160
59365
19290
16370
63326
71144
42339
49054
66545
73536
52455
8193
13650
9483
4449
55889
80251
82939
3750
63682
16309
13805
30485
22836
53738
20229
16200
7518
86419
35266
7297
1562
34446
9967
1397
5472
75593
51583
73738
67315
90329
7095
30576
54361
49243
6276
15798
63654
79830
14590
37425
7189
51800
39150
25021
31847
10787
68614
34205
26171
33517
44054
78229
61575
69049
2155
16492
22304
40982
5526
20944
20069
73014
26107
36238
53828
11971
33202
79141
84948
65014
43101
80624
22631
23689
1695
32222
25649
64838
74725
76224
72021
51412
72610
67136
9656
39243
48077
10365
53485
85757
464
61066
18784
89050
69998
87939
42199
32342
57806
38811
60162
54075
2873
63085
90984
32137
21914
28645
67106
8133
52266
66851
64458
25316
58779
32872
61966
22368
53587
89113
27015
67460
22484
32924
10839
42907
5251
74690
80459
3000
5698
59346
39446
46121
1495
51250
18689
29819
34832
55174
79399
57820
7258
6822
15214
77422
17700
6993
64095
52423
67117
6936
28161
69917
2267
33512
69535
19897
87037
34667
27264
46225
76952
33620
630
23045
42473
58293
6369
19030
69086
78367
63814
80582
49150
73878
81892
39088
30481
56133
61984
17980
61490
28065
6592
81752
89059
77245
12182
78755
88129
43959
30537
13981
15482
61595
73467
19827
3143
72231
83628
82084
75650
45987
49317
29630
72454
47512
76862
5290
73274
945
4097
86841
76288
59549
40875
77819
26386
89977
27631
74802
55637
34214
69900
30396
55399
59551
53174
50287
45339
3788
89460
41250
1573
5236
23183
72857
52307
30494
34158
87029
65948
68133
60198
12752
37230
65040
85207
56404
58020
73264
85769
37679
4646
16060
66483
30849
42196
35102
89405
91096
6316
38420
85248
50639
60167
83876
46229
27543
46756
70123
55270
27789
11790
41427
35191
86176
88467
44768
47076
49977
23845
80337
16644
28693
18653
5375
41880
44110
34394
55198
84798
67194
31066
24791
63803
89263
3280
2639
83202
42225
2599
59189
64606
27176
3677
12217
60871
32809
52828
69122
65994
48299
13097
2457
75664
48316
41520
12805
83172
73232
36489
86960
12670
53539
58584
67842
6036
14347
90110
44048
81077
79713
11614
4315
18903
90229
88989
57454
62472
36317
44446
15317
39110
5398
10128
17223
79129
66577
29803
66868
43357
12879
63595
16751
12571
58378
71001
80464
38851
82590
33915
60730
54633
56428
42024
89739
2849
66260
30499
23060
81454
55840
3392
80552
41945
2573
88750
61336
12
49830
78519
76475
67123
67099
66789
45520
44212
23887
44646
63398
87653
1121
52890
28177
40312
57212
9309
73081
28951
65250
51835
8741
47191
31343
51580
36694
83545
52247
87347
1124
42956
36298
69560
44260
69456
22838
38892
67125
68623
23753
75854
40938
12510
40618
63027
19422
50128
73320
8205
49971
90277
55368
28449
32299
43573
87024
54858
63041
22644
20719
4165
69387
42396
32730
7699
34089
90288
12267
9874
58596
31401
48254
73234
9637
83178
15935
89317
23971
70536
25684
69009
16778
49646
55385
15514
90750
77556
36007
24251
42694
29304
85012
18363
17430
11744
15750
83693
15730
5489
79621
49879
82969
21672
15947
83973
39704
38494
49633
2445
33708
12870
87598
33009
43424
63982
50501
16751
42198
28420
60979
54769
42808
53446
88102
73881
79483
30640
26487
59468
10191
38391
89702
38533
68554
60479
11074
62424
34506
37686
11933
21709
518
81461
87858
26062
2995
12055
33985
67342
44686
89188
17621
41445
7894
83953
83249
53155
65479
88252
51850
43888
4337
49285
16975
49579
35666
64504
6105
3766
73809
58621
35299
38253
11365
58716
69224
26618
26810
29203
47641
33597
7765
83081
6746
32535
89462
64748
6649
52008
71421
41853
31149
21936
66277
53096
51405
34145
43100
3493
12307
38624
78642
87720
90994
5762
74738
59344
57982
89192
16161
34081
22507
58016
76292
39820
67378
74519
49470
82120
77465
78071
22699
51417
73027
17126
66629
75235
88134
75106
60878
55132
60308
11506
42273
25663
11190
85658
5030
39005
68218
10985
56180
12736
11191
69118
57068
10506
1531
5833
34968
26360
21439
47129
578
42439
38688
83095
4925
87920
29639
82330
72751
23875
32557
80728
69075
37390
16488
48418
52457
7365
21911
17400
10390
23048
30769
36621
30361
52313
24272
62718
80049
28947
51654
45187
27031
68350
53834
87851
12292
43916
11204
25407
58920
16741
24641
69816
19171
10178
36174
15194
875
86104
19972
87380
5719
22148
73112
41740
43128
18829
38245
83061
84818
48653
75224
80294
32704
50782
22991
85075
75556
36939
6773
61740
86764
70025
28822
86181
68604
11499
59037
28201
60468
24686
33858
39394
11509
63541
8102
13683
2588
64479
21952
8006
59787
83235
59970
40456
70278
81526
3467
18207
2712
41793
76485
9001
5972
959
49448
56743
32477
78240
14450
39289
553
76777
16989
76784
59232
76734
23509
68749
44333
26503
43575
